FF8D0A98-39B3-11E8-BF66-D9AA8AFF4A69	SUBJECT_PROCESS	64EE4B93-8566-E751-A685-83EDE1E76E1A	FILE_OBJECT_FILE	EVENT_READ	1523030588776122462
FF8D0A98-39B3-11E8-BF66-D9AA8AFF4A69	SUBJECT_PROCESS	64EE4B93-8566-E751-A685-83EDE1E76E1A	FILE_OBJECT_FILE	EVENT_READ	1523030588776122462
FF8D0A98-39B3-11E8-BF66-D9AA8AFF4A69	SUBJECT_PROCESS	64EE4B93-8566-E751-A685-83EDE1E76E1A	FILE_OBJECT_FILE	EVENT_READ	1523030588776122462
FF8D0A98-39B3-11E8-BF66-D9AA8AFF4A69	SUBJECT_PROCESS	64EE4B93-8566-E751-A685-83EDE1E76E1A	FILE_OBJECT_FILE	EVENT_READ	1523030588776122462
FF8D0A98-39B3-11E8-BF66-D9AA8AFF4A69	SUBJECT_PROCESS	64EE4B93-8566-E751-A685-83EDE1E76E1A	FILE_OBJECT_FILE	EVENT_READ	1523030588776122462
FF8D0A98-39B3-11E8-BF66-D9AA8AFF4A69	SUBJECT_PROCESS	64EE4B93-8566-E751-A685-83EDE1E76E1A	FILE_OBJECT_FILE	EVENT_READ	1523030588776122462
FF8D0A98-39B3-11E8-BF66-D9AA8AFF4A69	SUBJECT_PROCESS	64EE4B93-8566-E751-A685-83EDE1E76E1A	FILE_OBJECT_FILE	EVENT_READ	1523030588776122462
FF8D0A98-39B3-11E8-BF66-D9AA8AFF4A69	SUBJECT_PROCESS	64EE4B93-8566-E751-A685-83EDE1E76E1A	FILE_OBJECT_FILE	EVENT_READ	1523030588786118802
FF8D0A98-39B3-11E8-BF66-D9AA8AFF4A69	SUBJECT_PROCESS	64EE4B93-8566-E751-A685-83EDE1E76E1A	FILE_OBJECT_FILE	EVENT_READ	1523030588786118802
FF8D0A98-39B3-11E8-BF66-D9AA8AFF4A69	SUBJECT_PROCESS	64EE4B93-8566-E751-A685-83EDE1E76E1A	FILE_OBJECT_FILE	EVENT_READ	1523030588786118802
FF8D0A98-39B3-11E8-BF66-D9AA8AFF4A69	SUBJECT_PROCESS	64EE4B93-8566-E751-A685-83EDE1E76E1A	FILE_OBJECT_FILE	EVENT_READ	1523030588786118802
FF8D0A98-39B3-11E8-BF66-D9AA8AFF4A69	SUBJECT_PROCESS	64EE4B93-8566-E751-A685-83EDE1E76E1A	FILE_OBJECT_FILE	EVENT_WRITE	1523030588786118802
FF8D0A98-39B3-11E8-BF66-D9AA8AFF4A69	SUBJECT_PROCESS	64EE4B93-8566-E751-A685-83EDE1E76E1A	FILE_OBJECT_FILE	EVENT_READ	1523030588816113795
FF8D0A98-39B3-11E8-BF66-D9AA8AFF4A69	SUBJECT_PROCESS	64EE4B93-8566-E751-A685-83EDE1E76E1A	FILE_OBJECT_FILE	EVENT_WRITE	1523030588816113795
FF8D0A98-39B3-11E8-BF66-D9AA8AFF4A69	SUBJECT_PROCESS	FFCB6EDF-39B3-11E8-BF66-D9AA8AFF4A69	SUBJECT_PROCESS	EVENT_FORK	1523030588816113795
FFCB6EDF-39B3-11E8-BF66-D9AA8AFF4A69	SUBJECT_PROCESS	E87D7F0B-F21D-275C-9DF2-CB0B6C2729D4	FILE_OBJECT_FILE	EVENT_EXECUTE	1523030588816113795
FFCB6EDF-39B3-11E8-BF66-D9AA8AFF4A69	SUBJECT_PROCESS	7A350F75-9945-425D-8599-15CEBD426F06	FILE_OBJECT_FILE	EVENT_EXECUTE	1523030588816113795
FFCB6EDF-39B3-11E8-BF66-D9AA8AFF4A69	SUBJECT_PROCESS	51110606-D232-9652-B2D2-3A7242968F8A	FILE_OBJECT_FILE	EVENT_OPEN	1523030588816113795
FFCB6EDF-39B3-11E8-BF66-D9AA8AFF4A69	SUBJECT_PROCESS	51110606-D232-9652-B2D2-3A7242968F8A	FILE_OBJECT_FILE	EVENT_READ	1523030588826123025
FFCB6EDF-39B3-11E8-BF66-D9AA8AFF4A69	SUBJECT_PROCESS	51110606-D232-9652-B2D2-3A7242968F8A	FILE_OBJECT_FILE	EVENT_CLOSE	1523030588826123025
FFCB6EDF-39B3-11E8-BF66-D9AA8AFF4A69	SUBJECT_PROCESS	70434EFC-9030-E251-B090-307CB1E2D224	FILE_OBJECT_FILE	EVENT_OPEN	1523030588826123025
FFCB6EDF-39B3-11E8-BF66-D9AA8AFF4A69	SUBJECT_PROCESS	70434EFC-9030-E251-B090-307CB1E2D224	FILE_OBJECT_FILE	EVENT_MMAP	1523030588826123025
FFCB6EDF-39B3-11E8-BF66-D9AA8AFF4A69	SUBJECT_PROCESS	70434EFC-9030-E251-B090-307CB1E2D224	FILE_OBJECT_FILE	EVENT_MMAP	1523030588826123025
FFCB6EDF-39B3-11E8-BF66-D9AA8AFF4A69	SUBJECT_PROCESS	70434EFC-9030-E251-B090-307CB1E2D224	FILE_OBJECT_FILE	EVENT_MMAP	1523030588826123025
FFCB6EDF-39B3-11E8-BF66-D9AA8AFF4A69	SUBJECT_PROCESS	70434EFC-9030-E251-B090-307CB1E2D224	FILE_OBJECT_FILE	EVENT_MMAP	1523030588826123025
FFCB6EDF-39B3-11E8-BF66-D9AA8AFF4A69	SUBJECT_PROCESS	70434EFC-9030-E251-B090-307CB1E2D224	FILE_OBJECT_FILE	EVENT_MMAP	1523030588826123025
FFCB6EDF-39B3-11E8-BF66-D9AA8AFF4A69	SUBJECT_PROCESS	70434EFC-9030-E251-B090-307CB1E2D224	FILE_OBJECT_FILE	EVENT_MMAP	1523030588826123025
FFCB6EDF-39B3-11E8-BF66-D9AA8AFF4A69	SUBJECT_PROCESS	70434EFC-9030-E251-B090-307CB1E2D224	FILE_OBJECT_FILE	EVENT_CLOSE	1523030588826123025
FFCB6EDF-39B3-11E8-BF66-D9AA8AFF4A69	SUBJECT_PROCESS	A6A825C6-EF5B-AE57-9BEF-CA41A7AE21A4	FILE_OBJECT_FILE	EVENT_OPEN	1523030588826123025
FFCB6EDF-39B3-11E8-BF66-D9AA8AFF4A69	SUBJECT_PROCESS	A6A825C6-EF5B-AE57-9BEF-CA41A7AE21A4	FILE_OBJECT_FILE	EVENT_MMAP	1523030588826123025
FFCB6EDF-39B3-11E8-BF66-D9AA8AFF4A69	SUBJECT_PROCESS	A6A825C6-EF5B-AE57-9BEF-CA41A7AE21A4	FILE_OBJECT_FILE	EVENT_MMAP	1523030588826123025
FFCB6EDF-39B3-11E8-BF66-D9AA8AFF4A69	SUBJECT_PROCESS	A6A825C6-EF5B-AE57-9BEF-CA41A7AE21A4	FILE_OBJECT_FILE	EVENT_MMAP	1523030588826123025
FFCB6EDF-39B3-11E8-BF66-D9AA8AFF4A69	SUBJECT_PROCESS	A6A825C6-EF5B-AE57-9BEF-CA41A7AE21A4	FILE_OBJECT_FILE	EVENT_MMAP	1523030588826123025
FFCB6EDF-39B3-11E8-BF66-D9AA8AFF4A69	SUBJECT_PROCESS	A6A825C6-EF5B-AE57-9BEF-CA41A7AE21A4	FILE_OBJECT_FILE	EVENT_MMAP	1523030588826123025
FFCB6EDF-39B3-11E8-BF66-D9AA8AFF4A69	SUBJECT_PROCESS	A6A825C6-EF5B-AE57-9BEF-CA41A7AE21A4	FILE_OBJECT_FILE	EVENT_MMAP	1523030588826123025
FFCB6EDF-39B3-11E8-BF66-D9AA8AFF4A69	SUBJECT_PROCESS	A6A825C6-EF5B-AE57-9BEF-CA41A7AE21A4	FILE_OBJECT_FILE	EVENT_CLOSE	1523030588826123025
FFCB6EDF-39B3-11E8-BF66-D9AA8AFF4A69	SUBJECT_PROCESS	21029EC2-1B28-D358-A81B-6A2948D35958	FILE_OBJECT_FILE	EVENT_OPEN	1523030588826123025
FFCB6EDF-39B3-11E8-BF66-D9AA8AFF4A69	SUBJECT_PROCESS	21029EC2-1B28-D358-A81B-6A2948D35958	FILE_OBJECT_FILE	EVENT_MMAP	1523030588826123025
FFCB6EDF-39B3-11E8-BF66-D9AA8AFF4A69	SUBJECT_PROCESS	21029EC2-1B28-D358-A81B-6A2948D35958	FILE_OBJECT_FILE	EVENT_MMAP	1523030588826123025
FFCB6EDF-39B3-11E8-BF66-D9AA8AFF4A69	SUBJECT_PROCESS	21029EC2-1B28-D358-A81B-6A2948D35958	FILE_OBJECT_FILE	EVENT_MMAP	1523030588826123025
FFCB6EDF-39B3-11E8-BF66-D9AA8AFF4A69	SUBJECT_PROCESS	21029EC2-1B28-D358-A81B-6A2948D35958	FILE_OBJECT_FILE	EVENT_MMAP	1523030588826123025
FFCB6EDF-39B3-11E8-BF66-D9AA8AFF4A69	SUBJECT_PROCESS	21029EC2-1B28-D358-A81B-6A2948D35958	FILE_OBJECT_FILE	EVENT_MMAP	1523030588826123025
FFCB6EDF-39B3-11E8-BF66-D9AA8AFF4A69	SUBJECT_PROCESS	21029EC2-1B28-D358-A81B-6A2948D35958	FILE_OBJECT_FILE	EVENT_MMAP	1523030588826123025
FFCB6EDF-39B3-11E8-BF66-D9AA8AFF4A69	SUBJECT_PROCESS	21029EC2-1B28-D358-A81B-6A2948D35958	FILE_OBJECT_FILE	EVENT_CLOSE	1523030588826123025
FFCB6EDF-39B3-11E8-BF66-D9AA8AFF4A69	SUBJECT_PROCESS	8A44F292-648B-7854-8B64-00F954785A79	FILE_OBJECT_FILE	EVENT_OPEN	1523030588826123025
FFCB6EDF-39B3-11E8-BF66-D9AA8AFF4A69	SUBJECT_PROCESS	8A44F292-648B-7854-8B64-00F954785A79	FILE_OBJECT_FILE	EVENT_READ	1523030588826123025
FFCB6EDF-39B3-11E8-BF66-D9AA8AFF4A69	SUBJECT_PROCESS	8A44F292-648B-7854-8B64-00F954785A79	FILE_OBJECT_FILE	EVENT_READ	1523030588826123025
FFCB6EDF-39B3-11E8-BF66-D9AA8AFF4A69	SUBJECT_PROCESS	8A44F292-648B-7854-8B64-00F954785A79	FILE_OBJECT_FILE	EVENT_CLOSE	1523030588826123025
FFCB6EDF-39B3-11E8-BF66-D9AA8AFF4A69	SUBJECT_PROCESS	A4BAD1A7-0998-E25F-9809-6976BFE2D62B	FILE_OBJECT_FILE	EVENT_OPEN	1523030588836118406
FFCB6EDF-39B3-11E8-BF66-D9AA8AFF4A69	SUBJECT_PROCESS	A4BAD1A7-0998-E25F-9809-6976BFE2D62B	FILE_OBJECT_FILE	EVENT_MMAP	1523030588836118406
FFCB6EDF-39B3-11E8-BF66-D9AA8AFF4A69	SUBJECT_PROCESS	A4BAD1A7-0998-E25F-9809-6976BFE2D62B	FILE_OBJECT_FILE	EVENT_MMAP	1523030588836118406
FFCB6EDF-39B3-11E8-BF66-D9AA8AFF4A69	SUBJECT_PROCESS	A4BAD1A7-0998-E25F-9809-6976BFE2D62B	FILE_OBJECT_FILE	EVENT_MMAP	1523030588836118406
FFCB6EDF-39B3-11E8-BF66-D9AA8AFF4A69	SUBJECT_PROCESS	A4BAD1A7-0998-E25F-9809-6976BFE2D62B	FILE_OBJECT_FILE	EVENT_MMAP	1523030588836118406
FFCB6EDF-39B3-11E8-BF66-D9AA8AFF4A69	SUBJECT_PROCESS	A4BAD1A7-0998-E25F-9809-6976BFE2D62B	FILE_OBJECT_FILE	EVENT_MMAP	1523030588836118406
FFCB6EDF-39B3-11E8-BF66-D9AA8AFF4A69	SUBJECT_PROCESS	A4BAD1A7-0998-E25F-9809-6976BFE2D62B	FILE_OBJECT_FILE	EVENT_MMAP	1523030588836118406
FFCB6EDF-39B3-11E8-BF66-D9AA8AFF4A69	SUBJECT_PROCESS	A4BAD1A7-0998-E25F-9809-6976BFE2D62B	FILE_OBJECT_FILE	EVENT_CLOSE	1523030588836118406
FFCB6EDF-39B3-11E8-BF66-D9AA8AFF4A69	SUBJECT_PROCESS	B7F97F36-D8FD-1B5F-BDD8-81B94F1B0F75	FILE_OBJECT_FILE	EVENT_OPEN	1523030588836118406
FFCB6EDF-39B3-11E8-BF66-D9AA8AFF4A69	SUBJECT_PROCESS	B7F97F36-D8FD-1B5F-BDD8-81B94F1B0F75	FILE_OBJECT_FILE	EVENT_MMAP	1523030588836118406
FFCB6EDF-39B3-11E8-BF66-D9AA8AFF4A69	SUBJECT_PROCESS	B7F97F36-D8FD-1B5F-BDD8-81B94F1B0F75	FILE_OBJECT_FILE	EVENT_MMAP	1523030588836118406
FFCB6EDF-39B3-11E8-BF66-D9AA8AFF4A69	SUBJECT_PROCESS	B7F97F36-D8FD-1B5F-BDD8-81B94F1B0F75	FILE_OBJECT_FILE	EVENT_MMAP	1523030588836118406
FFCB6EDF-39B3-11E8-BF66-D9AA8AFF4A69	SUBJECT_PROCESS	B7F97F36-D8FD-1B5F-BDD8-81B94F1B0F75	FILE_OBJECT_FILE	EVENT_MMAP	1523030588836118406
FFCB6EDF-39B3-11E8-BF66-D9AA8AFF4A69	SUBJECT_PROCESS	B7F97F36-D8FD-1B5F-BDD8-81B94F1B0F75	FILE_OBJECT_FILE	EVENT_MMAP	1523030588836118406
FFCB6EDF-39B3-11E8-BF66-D9AA8AFF4A69	SUBJECT_PROCESS	B7F97F36-D8FD-1B5F-BDD8-81B94F1B0F75	FILE_OBJECT_FILE	EVENT_MMAP	1523030588836118406
FFCB6EDF-39B3-11E8-BF66-D9AA8AFF4A69	SUBJECT_PROCESS	B7F97F36-D8FD-1B5F-BDD8-81B94F1B0F75	FILE_OBJECT_FILE	EVENT_CLOSE	1523030588836118406
FFCB6EDF-39B3-11E8-BF66-D9AA8AFF4A69	SUBJECT_PROCESS	76A739B1-A13E-FD50-BEA1-B218A0FD0400	FILE_OBJECT_FILE	EVENT_OPEN	1523030588836118406
FFCB6EDF-39B3-11E8-BF66-D9AA8AFF4A69	SUBJECT_PROCESS	76A739B1-A13E-FD50-BEA1-B218A0FD0400	FILE_OBJECT_FILE	EVENT_MMAP	1523030588836118406
FFCB6EDF-39B3-11E8-BF66-D9AA8AFF4A69	SUBJECT_PROCESS	76A739B1-A13E-FD50-BEA1-B218A0FD0400	FILE_OBJECT_FILE	EVENT_MMAP	1523030588836118406
FFCB6EDF-39B3-11E8-BF66-D9AA8AFF4A69	SUBJECT_PROCESS	76A739B1-A13E-FD50-BEA1-B218A0FD0400	FILE_OBJECT_FILE	EVENT_MMAP	1523030588836118406
FFCB6EDF-39B3-11E8-BF66-D9AA8AFF4A69	SUBJECT_PROCESS	76A739B1-A13E-FD50-BEA1-B218A0FD0400	FILE_OBJECT_FILE	EVENT_MMAP	1523030588836118406
FFCB6EDF-39B3-11E8-BF66-D9AA8AFF4A69	SUBJECT_PROCESS	76A739B1-A13E-FD50-BEA1-B218A0FD0400	FILE_OBJECT_FILE	EVENT_MMAP	1523030588836118406
FFCB6EDF-39B3-11E8-BF66-D9AA8AFF4A69	SUBJECT_PROCESS	76A739B1-A13E-FD50-BEA1-B218A0FD0400	FILE_OBJECT_FILE	EVENT_MMAP	1523030588836118406
FFCB6EDF-39B3-11E8-BF66-D9AA8AFF4A69	SUBJECT_PROCESS	76A739B1-A13E-FD50-BEA1-B218A0FD0400	FILE_OBJECT_FILE	EVENT_CLOSE	1523030588836118406
FFCB6EDF-39B3-11E8-BF66-D9AA8AFF4A69	SUBJECT_PROCESS	DEADAC7C-AED5-7E50-95AE-0452707EB22B	FILE_OBJECT_FILE	EVENT_OPEN	1523030588836118406
72FB0406-3678-11E8-BF66-D9AA8AFF4A69	SUBJECT_PROCESS	FF31C873-39B3-11E8-BF66-D9AA8AFF4A69	FILE_OBJECT_UNIX_SOCKET	EVENT_CLOSE	1523030588836118406
FFCB6EDF-39B3-11E8-BF66-D9AA8AFF4A69	SUBJECT_PROCESS	DEADAC7C-AED5-7E50-95AE-0452707EB22B	FILE_OBJECT_FILE	EVENT_MMAP	1523030588836118406
FFCB6EDF-39B3-11E8-BF66-D9AA8AFF4A69	SUBJECT_PROCESS	DEADAC7C-AED5-7E50-95AE-0452707EB22B	FILE_OBJECT_FILE	EVENT_MMAP	1523030588836118406
72FB0406-3678-11E8-BF66-D9AA8AFF4A69	SUBJECT_PROCESS	FF31C8DB-39B3-11E8-BF66-D9AA8AFF4A69	FILE_OBJECT_UNIX_SOCKET	EVENT_CLOSE	1523030588836118406
FFCB6EDF-39B3-11E8-BF66-D9AA8AFF4A69	SUBJECT_PROCESS	DEADAC7C-AED5-7E50-95AE-0452707EB22B	FILE_OBJECT_FILE	EVENT_MMAP	1523030588836118406
FFCB6EDF-39B3-11E8-BF66-D9AA8AFF4A69	SUBJECT_PROCESS	DEADAC7C-AED5-7E50-95AE-0452707EB22B	FILE_OBJECT_FILE	EVENT_MMAP	1523030588836118406
FFCB6EDF-39B3-11E8-BF66-D9AA8AFF4A69	SUBJECT_PROCESS	DEADAC7C-AED5-7E50-95AE-0452707EB22B	FILE_OBJECT_FILE	EVENT_MMAP	1523030588846120767
FFCB6EDF-39B3-11E8-BF66-D9AA8AFF4A69	SUBJECT_PROCESS	DEADAC7C-AED5-7E50-95AE-0452707EB22B	FILE_OBJECT_FILE	EVENT_MMAP	1523030588846120767
72FB0406-3678-11E8-BF66-D9AA8AFF4A69	SUBJECT_PROCESS	FFCEAE08-39B3-11E8-BF66-D9AA8AFF4A69	FILE_OBJECT_UNIX_SOCKET	EVENT_CREATE_OBJECT	1523030588846120767
72FB0406-3678-11E8-BF66-D9AA8AFF4A69	SUBJECT_PROCESS	FFCEAEB8-39B3-11E8-BF66-D9AA8AFF4A69	FILE_OBJECT_UNIX_SOCKET	EVENT_CREATE_OBJECT	1523030588846120767
FFCB6EDF-39B3-11E8-BF66-D9AA8AFF4A69	SUBJECT_PROCESS	DEADAC7C-AED5-7E50-95AE-0452707EB22B	FILE_OBJECT_FILE	EVENT_CLOSE	1523030588846120767
FFCB6EDF-39B3-11E8-BF66-D9AA8AFF4A69	SUBJECT_PROCESS	F410BE96-4C0C-765E-8C4C-6F0E2E760020	FILE_OBJECT_FILE	EVENT_OPEN	1523030588846120767
FFCB6EDF-39B3-11E8-BF66-D9AA8AFF4A69	SUBJECT_PROCESS	F410BE96-4C0C-765E-8C4C-6F0E2E760020	FILE_OBJECT_FILE	EVENT_MMAP	1523030588846120767
FFCB6EDF-39B3-11E8-BF66-D9AA8AFF4A69	SUBJECT_PROCESS	F410BE96-4C0C-765E-8C4C-6F0E2E760020	FILE_OBJECT_FILE	EVENT_MMAP	1523030588846120767
FFCB6EDF-39B3-11E8-BF66-D9AA8AFF4A69	SUBJECT_PROCESS	F410BE96-4C0C-765E-8C4C-6F0E2E760020	FILE_OBJECT_FILE	EVENT_CLOSE	1523030588846120767
FFCB6EDF-39B3-11E8-BF66-D9AA8AFF4A69	SUBJECT_PROCESS	DDDBAF1E-013B-BF5A-BB01-CF1DDABF3FAB	FILE_OBJECT_FILE	EVENT_OPEN	1523030588846120767
FFCB6EDF-39B3-11E8-BF66-D9AA8AFF4A69	SUBJECT_PROCESS	DDDBAF1E-013B-BF5A-BB01-CF1DDABF3FAB	FILE_OBJECT_FILE	EVENT_READ	1523030588846120767
FFCB6EDF-39B3-11E8-BF66-D9AA8AFF4A69	SUBJECT_PROCESS	DDDBAF1E-013B-BF5A-BB01-CF1DDABF3FAB	FILE_OBJECT_FILE	EVENT_READ	1523030588846120767
FFCB6EDF-39B3-11E8-BF66-D9AA8AFF4A69	SUBJECT_PROCESS	DDDBAF1E-013B-BF5A-BB01-CF1DDABF3FAB	FILE_OBJECT_FILE	EVENT_CLOSE	1523030588846120767
FFCB6EDF-39B3-11E8-BF66-D9AA8AFF4A69	SUBJECT_PROCESS	A02AF85B-339A-E25E-9A33-15C6BEE2BE5A	FILE_OBJECT_FILE	EVENT_OPEN	1523030588846120767
FFCB6EDF-39B3-11E8-BF66-D9AA8AFF4A69	SUBJECT_PROCESS	A02AF85B-339A-E25E-9A33-15C6BEE2BE5A	FILE_OBJECT_FILE	EVENT_CLOSE	1523030588846120767
FFCB6EDF-39B3-11E8-BF66-D9AA8AFF4A69	SUBJECT_PROCESS	70F864CF-8938-0D59-B889-A33B490D17D4	FILE_OBJECT_FILE	EVENT_OPEN	1523030588846120767
FFCB6EDF-39B3-11E8-BF66-D9AA8AFF4A69	SUBJECT_PROCESS	70F864CF-8938-0D59-B889-A33B490D17D4	FILE_OBJECT_FILE	EVENT_MMAP	1523030588846120767
FFCB6EDF-39B3-11E8-BF66-D9AA8AFF4A69	SUBJECT_PROCESS	70F864CF-8938-0D59-B889-A33B490D17D4	FILE_OBJECT_FILE	EVENT_MMAP	1523030588846120767
FFCB6EDF-39B3-11E8-BF66-D9AA8AFF4A69	SUBJECT_PROCESS	70F864CF-8938-0D59-B889-A33B490D17D4	FILE_OBJECT_FILE	EVENT_MMAP	1523030588846120767
FFCB6EDF-39B3-11E8-BF66-D9AA8AFF4A69	SUBJECT_PROCESS	70F864CF-8938-0D59-B889-A33B490D17D4	FILE_OBJECT_FILE	EVENT_MMAP	1523030588846120767
FFCB6EDF-39B3-11E8-BF66-D9AA8AFF4A69	SUBJECT_PROCESS	70F864CF-8938-0D59-B889-A33B490D17D4	FILE_OBJECT_FILE	EVENT_MMAP	1523030588846120767
FFCB6EDF-39B3-11E8-BF66-D9AA8AFF4A69	SUBJECT_PROCESS	70F864CF-8938-0D59-B889-A33B490D17D4	FILE_OBJECT_FILE	EVENT_MMAP	1523030588846120767
FFCB6EDF-39B3-11E8-BF66-D9AA8AFF4A69	SUBJECT_PROCESS	70F864CF-8938-0D59-B889-A33B490D17D4	FILE_OBJECT_FILE	EVENT_CLOSE	1523030588846120767
FFCB6EDF-39B3-11E8-BF66-D9AA8AFF4A69	SUBJECT_PROCESS	DA3CB8E0-EC9D-AF5B-9DEC-BF9D0BAF76FB	FILE_OBJECT_FILE	EVENT_OPEN	1523030588846120767
FFCB6EDF-39B3-11E8-BF66-D9AA8AFF4A69	SUBJECT_PROCESS	DA3CB8E0-EC9D-AF5B-9DEC-BF9D0BAF76FB	FILE_OBJECT_FILE	EVENT_MMAP	1523030588846120767
FFCB6EDF-39B3-11E8-BF66-D9AA8AFF4A69	SUBJECT_PROCESS	DA3CB8E0-EC9D-AF5B-9DEC-BF9D0BAF76FB	FILE_OBJECT_FILE	EVENT_MMAP	1523030588846120767
FFCB6EDF-39B3-11E8-BF66-D9AA8AFF4A69	SUBJECT_PROCESS	DA3CB8E0-EC9D-AF5B-9DEC-BF9D0BAF76FB	FILE_OBJECT_FILE	EVENT_CLOSE	1523030588846120767
FFCB6EDF-39B3-11E8-BF66-D9AA8AFF4A69	SUBJECT_PROCESS	3AE6638A-A3B4-D851-B4A3-CDCF11D87958	FILE_OBJECT_FILE	EVENT_OPEN	1523030588856119308
FFCB6EDF-39B3-11E8-BF66-D9AA8AFF4A69	SUBJECT_PROCESS	3AE6638A-A3B4-D851-B4A3-CDCF11D87958	FILE_OBJECT_FILE	EVENT_MMAP	1523030588856119308
FFCB6EDF-39B3-11E8-BF66-D9AA8AFF4A69	SUBJECT_PROCESS	3AE6638A-A3B4-D851-B4A3-CDCF11D87958	FILE_OBJECT_FILE	EVENT_MMAP	1523030588856119308
FFCB6EDF-39B3-11E8-BF66-D9AA8AFF4A69	SUBJECT_PROCESS	3AE6638A-A3B4-D851-B4A3-CDCF11D87958	FILE_OBJECT_FILE	EVENT_CLOSE	1523030588856119308
FFCB6EDF-39B3-11E8-BF66-D9AA8AFF4A69	SUBJECT_PROCESS	2983B16A-CA10-E75B-90CA-FC1BEBE7CB35	FILE_OBJECT_FILE	EVENT_OPEN	1523030588856119308
FFCB6EDF-39B3-11E8-BF66-D9AA8AFF4A69	SUBJECT_PROCESS	2983B16A-CA10-E75B-90CA-FC1BEBE7CB35	FILE_OBJECT_FILE	EVENT_MMAP	1523030588856119308
FFCB6EDF-39B3-11E8-BF66-D9AA8AFF4A69	SUBJECT_PROCESS	2983B16A-CA10-E75B-90CA-FC1BEBE7CB35	FILE_OBJECT_FILE	EVENT_MMAP	1523030588856119308
FFCB6EDF-39B3-11E8-BF66-D9AA8AFF4A69	SUBJECT_PROCESS	2983B16A-CA10-E75B-90CA-FC1BEBE7CB35	FILE_OBJECT_FILE	EVENT_CLOSE	1523030588856119308
FFCB6EDF-39B3-11E8-BF66-D9AA8AFF4A69	SUBJECT_PROCESS	DA3CB8E0-EC9D-AF5B-9DEC-BF9D0BAF76FB	FILE_OBJECT_FILE	EVENT_OPEN	1523030588856119308
FFCB6EDF-39B3-11E8-BF66-D9AA8AFF4A69	SUBJECT_PROCESS	DA3CB8E0-EC9D-AF5B-9DEC-BF9D0BAF76FB	FILE_OBJECT_FILE	EVENT_MMAP	1523030588856119308
FFCB6EDF-39B3-11E8-BF66-D9AA8AFF4A69	SUBJECT_PROCESS	DA3CB8E0-EC9D-AF5B-9DEC-BF9D0BAF76FB	FILE_OBJECT_FILE	EVENT_MMAP	1523030588856119308
FFCB6EDF-39B3-11E8-BF66-D9AA8AFF4A69	SUBJECT_PROCESS	DA3CB8E0-EC9D-AF5B-9DEC-BF9D0BAF76FB	FILE_OBJECT_FILE	EVENT_CLOSE	1523030588856119308
FFCB6EDF-39B3-11E8-BF66-D9AA8AFF4A69	SUBJECT_PROCESS	3AE6638A-A3B4-D851-B4A3-CDCF11D87958	FILE_OBJECT_FILE	EVENT_OPEN	1523030588856119308
FFCB6EDF-39B3-11E8-BF66-D9AA8AFF4A69	SUBJECT_PROCESS	3AE6638A-A3B4-D851-B4A3-CDCF11D87958	FILE_OBJECT_FILE	EVENT_MMAP	1523030588856119308
FFCB6EDF-39B3-11E8-BF66-D9AA8AFF4A69	SUBJECT_PROCESS	3AE6638A-A3B4-D851-B4A3-CDCF11D87958	FILE_OBJECT_FILE	EVENT_MMAP	1523030588856119308
FFCB6EDF-39B3-11E8-BF66-D9AA8AFF4A69	SUBJECT_PROCESS	3AE6638A-A3B4-D851-B4A3-CDCF11D87958	FILE_OBJECT_FILE	EVENT_CLOSE	1523030588856119308
FFCB6EDF-39B3-11E8-BF66-D9AA8AFF4A69	SUBJECT_PROCESS	19D619E2-49C3-145D-8349-8143ED14F7E7	FILE_OBJECT_FILE	EVENT_OPEN	1523030588856119308
FFCB6EDF-39B3-11E8-BF66-D9AA8AFF4A69	SUBJECT_PROCESS	19D619E2-49C3-145D-8349-8143ED14F7E7	FILE_OBJECT_FILE	EVENT_MMAP	1523030588856119308
FFCB6EDF-39B3-11E8-BF66-D9AA8AFF4A69	SUBJECT_PROCESS	19D619E2-49C3-145D-8349-8143ED14F7E7	FILE_OBJECT_FILE	EVENT_MMAP	1523030588856119308
FFCB6EDF-39B3-11E8-BF66-D9AA8AFF4A69	SUBJECT_PROCESS	19D619E2-49C3-145D-8349-8143ED14F7E7	FILE_OBJECT_FILE	EVENT_CLOSE	1523030588856119308
FFCB6EDF-39B3-11E8-BF66-D9AA8AFF4A69	SUBJECT_PROCESS	A02AF85B-339A-E25E-9A33-15C6BEE2BE5A	FILE_OBJECT_FILE	EVENT_OPEN	1523030588856119308
FFCB6EDF-39B3-11E8-BF66-D9AA8AFF4A69	SUBJECT_PROCESS	A02AF85B-339A-E25E-9A33-15C6BEE2BE5A	FILE_OBJECT_FILE	EVENT_CLOSE	1523030588856119308
FFCB6EDF-39B3-11E8-BF66-D9AA8AFF4A69	SUBJECT_PROCESS	30AC549D-871E-765F-9E87-64574F76E1A5	FILE_OBJECT_FILE	EVENT_OPEN	1523030588856119308
FFCB6EDF-39B3-11E8-BF66-D9AA8AFF4A69	SUBJECT_PROCESS	30AC549D-871E-765F-9E87-64574F76E1A5	FILE_OBJECT_FILE	EVENT_MMAP	1523030588856119308
FFCB6EDF-39B3-11E8-BF66-D9AA8AFF4A69	SUBJECT_PROCESS	30AC549D-871E-765F-9E87-64574F76E1A5	FILE_OBJECT_FILE	EVENT_MMAP	1523030588856119308
FFCB6EDF-39B3-11E8-BF66-D9AA8AFF4A69	SUBJECT_PROCESS	30AC549D-871E-765F-9E87-64574F76E1A5	FILE_OBJECT_FILE	EVENT_MMAP	1523030588856119308
FFCB6EDF-39B3-11E8-BF66-D9AA8AFF4A69	SUBJECT_PROCESS	30AC549D-871E-765F-9E87-64574F76E1A5	FILE_OBJECT_FILE	EVENT_MMAP	1523030588856119308
FFCB6EDF-39B3-11E8-BF66-D9AA8AFF4A69	SUBJECT_PROCESS	30AC549D-871E-765F-9E87-64574F76E1A5	FILE_OBJECT_FILE	EVENT_MMAP	1523030588856119308
FFCB6EDF-39B3-11E8-BF66-D9AA8AFF4A69	SUBJECT_PROCESS	30AC549D-871E-765F-9E87-64574F76E1A5	FILE_OBJECT_FILE	EVENT_MMAP	1523030588856119308
FFCB6EDF-39B3-11E8-BF66-D9AA8AFF4A69	SUBJECT_PROCESS	30AC549D-871E-765F-9E87-64574F76E1A5	FILE_OBJECT_FILE	EVENT_CLOSE	1523030588856119308
FFCB6EDF-39B3-11E8-BF66-D9AA8AFF4A69	SUBJECT_PROCESS	9BB6BA7C-D6FF-D85B-BFD6-15F83BD8ABDA	FILE_OBJECT_FILE	EVENT_OPEN	1523030588866116669
FFCB6EDF-39B3-11E8-BF66-D9AA8AFF4A69	SUBJECT_PROCESS	9BB6BA7C-D6FF-D85B-BFD6-15F83BD8ABDA	FILE_OBJECT_FILE	EVENT_MMAP	1523030588866116669
FFCB6EDF-39B3-11E8-BF66-D9AA8AFF4A69	SUBJECT_PROCESS	9BB6BA7C-D6FF-D85B-BFD6-15F83BD8ABDA	FILE_OBJECT_FILE	EVENT_MMAP	1523030588866116669
FFCB6EDF-39B3-11E8-BF66-D9AA8AFF4A69	SUBJECT_PROCESS	9BB6BA7C-D6FF-D85B-BFD6-15F83BD8ABDA	FILE_OBJECT_FILE	EVENT_CLOSE	1523030588866116669
FFCB6EDF-39B3-11E8-BF66-D9AA8AFF4A69	SUBJECT_PROCESS	A02AF85B-339A-E25E-9A33-15C6BEE2BE5A	FILE_OBJECT_FILE	EVENT_OPEN	1523030588866116669
FFCB6EDF-39B3-11E8-BF66-D9AA8AFF4A69	SUBJECT_PROCESS	A02AF85B-339A-E25E-9A33-15C6BEE2BE5A	FILE_OBJECT_FILE	EVENT_CLOSE	1523030588866116669
FFCB6EDF-39B3-11E8-BF66-D9AA8AFF4A69	SUBJECT_PROCESS	C885EBF6-B6FB-7B50-BBB6-F833107B3A6B	FILE_OBJECT_FILE	EVENT_OPEN	1523030588866116669
FFCB6EDF-39B3-11E8-BF66-D9AA8AFF4A69	SUBJECT_PROCESS	C885EBF6-B6FB-7B50-BBB6-F833107B3A6B	FILE_OBJECT_FILE	EVENT_MMAP	1523030588866116669
FFCB6EDF-39B3-11E8-BF66-D9AA8AFF4A69	SUBJECT_PROCESS	C885EBF6-B6FB-7B50-BBB6-F833107B3A6B	FILE_OBJECT_FILE	EVENT_MMAP	1523030588866116669
FFCB6EDF-39B3-11E8-BF66-D9AA8AFF4A69	SUBJECT_PROCESS	C885EBF6-B6FB-7B50-BBB6-F833107B3A6B	FILE_OBJECT_FILE	EVENT_MMAP	1523030588866116669
FFCB6EDF-39B3-11E8-BF66-D9AA8AFF4A69	SUBJECT_PROCESS	C885EBF6-B6FB-7B50-BBB6-F833107B3A6B	FILE_OBJECT_FILE	EVENT_MMAP	1523030588866116669
FFCB6EDF-39B3-11E8-BF66-D9AA8AFF4A69	SUBJECT_PROCESS	C885EBF6-B6FB-7B50-BBB6-F833107B3A6B	FILE_OBJECT_FILE	EVENT_MMAP	1523030588866116669
FFCB6EDF-39B3-11E8-BF66-D9AA8AFF4A69	SUBJECT_PROCESS	C885EBF6-B6FB-7B50-BBB6-F833107B3A6B	FILE_OBJECT_FILE	EVENT_MMAP	1523030588866116669
FFCB6EDF-39B3-11E8-BF66-D9AA8AFF4A69	SUBJECT_PROCESS	C885EBF6-B6FB-7B50-BBB6-F833107B3A6B	FILE_OBJECT_FILE	EVENT_CLOSE	1523030588866116669
FFCB6EDF-39B3-11E8-BF66-D9AA8AFF4A69	SUBJECT_PROCESS	09D1C21F-4E8A-7951-8A4E-FFABD17940CD	FILE_OBJECT_FILE	EVENT_OPEN	1523030588866116669
FFCB6EDF-39B3-11E8-BF66-D9AA8AFF4A69	SUBJECT_PROCESS	09D1C21F-4E8A-7951-8A4E-FFABD17940CD	FILE_OBJECT_FILE	EVENT_MMAP	1523030588866116669
FFCB6EDF-39B3-11E8-BF66-D9AA8AFF4A69	SUBJECT_PROCESS	09D1C21F-4E8A-7951-8A4E-FFABD17940CD	FILE_OBJECT_FILE	EVENT_MMAP	1523030588866116669
FFCB6EDF-39B3-11E8-BF66-D9AA8AFF4A69	SUBJECT_PROCESS	09D1C21F-4E8A-7951-8A4E-FFABD17940CD	FILE_OBJECT_FILE	EVENT_CLOSE	1523030588866116669
FFCB6EDF-39B3-11E8-BF66-D9AA8AFF4A69	SUBJECT_PROCESS	A02AF85B-339A-E25E-9A33-15C6BEE2BE5A	FILE_OBJECT_FILE	EVENT_OPEN	1523030588866116669
FFCB6EDF-39B3-11E8-BF66-D9AA8AFF4A69	SUBJECT_PROCESS	A02AF85B-339A-E25E-9A33-15C6BEE2BE5A	FILE_OBJECT_FILE	EVENT_CLOSE	1523030588866116669
FFCB6EDF-39B3-11E8-BF66-D9AA8AFF4A69	SUBJECT_PROCESS	DA3CB8E0-EC9D-AF5B-9DEC-BF9D0BAF76FB	FILE_OBJECT_FILE	EVENT_OPEN	1523030588866116669
FFCB6EDF-39B3-11E8-BF66-D9AA8AFF4A69	SUBJECT_PROCESS	DA3CB8E0-EC9D-AF5B-9DEC-BF9D0BAF76FB	FILE_OBJECT_FILE	EVENT_MMAP	1523030588866116669
FFCB6EDF-39B3-11E8-BF66-D9AA8AFF4A69	SUBJECT_PROCESS	DA3CB8E0-EC9D-AF5B-9DEC-BF9D0BAF76FB	FILE_OBJECT_FILE	EVENT_MMAP	1523030588866116669
FFCB6EDF-39B3-11E8-BF66-D9AA8AFF4A69	SUBJECT_PROCESS	DA3CB8E0-EC9D-AF5B-9DEC-BF9D0BAF76FB	FILE_OBJECT_FILE	EVENT_CLOSE	1523030588866116669
FFCB6EDF-39B3-11E8-BF66-D9AA8AFF4A69	SUBJECT_PROCESS	3AE6638A-A3B4-D851-B4A3-CDCF11D87958	FILE_OBJECT_FILE	EVENT_OPEN	1523030588866116669
FFCB6EDF-39B3-11E8-BF66-D9AA8AFF4A69	SUBJECT_PROCESS	3AE6638A-A3B4-D851-B4A3-CDCF11D87958	FILE_OBJECT_FILE	EVENT_MMAP	1523030588866116669
FFCB6EDF-39B3-11E8-BF66-D9AA8AFF4A69	SUBJECT_PROCESS	3AE6638A-A3B4-D851-B4A3-CDCF11D87958	FILE_OBJECT_FILE	EVENT_MMAP	1523030588866116669
FFCB6EDF-39B3-11E8-BF66-D9AA8AFF4A69	SUBJECT_PROCESS	3AE6638A-A3B4-D851-B4A3-CDCF11D87958	FILE_OBJECT_FILE	EVENT_CLOSE	1523030588866116669
FFCB6EDF-39B3-11E8-BF66-D9AA8AFF4A69	SUBJECT_PROCESS	19D619E2-49C3-145D-8349-8143ED14F7E7	FILE_OBJECT_FILE	EVENT_OPEN	1523030588866116669
FFCB6EDF-39B3-11E8-BF66-D9AA8AFF4A69	SUBJECT_PROCESS	19D619E2-49C3-145D-8349-8143ED14F7E7	FILE_OBJECT_FILE	EVENT_MMAP	1523030588866116669
FFCB6EDF-39B3-11E8-BF66-D9AA8AFF4A69	SUBJECT_PROCESS	19D619E2-49C3-145D-8349-8143ED14F7E7	FILE_OBJECT_FILE	EVENT_MMAP	1523030588876114990
FFCB6EDF-39B3-11E8-BF66-D9AA8AFF4A69	SUBJECT_PROCESS	19D619E2-49C3-145D-8349-8143ED14F7E7	FILE_OBJECT_FILE	EVENT_CLOSE	1523030588876114990
FFCB6EDF-39B3-11E8-BF66-D9AA8AFF4A69	SUBJECT_PROCESS	DA3CB8E0-EC9D-AF5B-9DEC-BF9D0BAF76FB	FILE_OBJECT_FILE	EVENT_OPEN	1523030588876114990
FFCB6EDF-39B3-11E8-BF66-D9AA8AFF4A69	SUBJECT_PROCESS	DA3CB8E0-EC9D-AF5B-9DEC-BF9D0BAF76FB	FILE_OBJECT_FILE	EVENT_MMAP	1523030588876114990
FFCB6EDF-39B3-11E8-BF66-D9AA8AFF4A69	SUBJECT_PROCESS	DA3CB8E0-EC9D-AF5B-9DEC-BF9D0BAF76FB	FILE_OBJECT_FILE	EVENT_MMAP	1523030588876114990
FFCB6EDF-39B3-11E8-BF66-D9AA8AFF4A69	SUBJECT_PROCESS	DA3CB8E0-EC9D-AF5B-9DEC-BF9D0BAF76FB	FILE_OBJECT_FILE	EVENT_CLOSE	1523030588876114990
FFCB6EDF-39B3-11E8-BF66-D9AA8AFF4A69	SUBJECT_PROCESS	3AE6638A-A3B4-D851-B4A3-CDCF11D87958	FILE_OBJECT_FILE	EVENT_OPEN	1523030588876114990
FFCB6EDF-39B3-11E8-BF66-D9AA8AFF4A69	SUBJECT_PROCESS	3AE6638A-A3B4-D851-B4A3-CDCF11D87958	FILE_OBJECT_FILE	EVENT_MMAP	1523030588876114990
FFCB6EDF-39B3-11E8-BF66-D9AA8AFF4A69	SUBJECT_PROCESS	3AE6638A-A3B4-D851-B4A3-CDCF11D87958	FILE_OBJECT_FILE	EVENT_MMAP	1523030588876114990
FFCB6EDF-39B3-11E8-BF66-D9AA8AFF4A69	SUBJECT_PROCESS	3AE6638A-A3B4-D851-B4A3-CDCF11D87958	FILE_OBJECT_FILE	EVENT_CLOSE	1523030588876114990
FFCB6EDF-39B3-11E8-BF66-D9AA8AFF4A69	SUBJECT_PROCESS	2983B16A-CA10-E75B-90CA-FC1BEBE7CB35	FILE_OBJECT_FILE	EVENT_OPEN	1523030588876114990
FFCB6EDF-39B3-11E8-BF66-D9AA8AFF4A69	SUBJECT_PROCESS	2983B16A-CA10-E75B-90CA-FC1BEBE7CB35	FILE_OBJECT_FILE	EVENT_MMAP	1523030588876114990
FFCB6EDF-39B3-11E8-BF66-D9AA8AFF4A69	SUBJECT_PROCESS	2983B16A-CA10-E75B-90CA-FC1BEBE7CB35	FILE_OBJECT_FILE	EVENT_MMAP	1523030588876114990
FFCB6EDF-39B3-11E8-BF66-D9AA8AFF4A69	SUBJECT_PROCESS	2983B16A-CA10-E75B-90CA-FC1BEBE7CB35	FILE_OBJECT_FILE	EVENT_CLOSE	1523030588876114990
FFCB6EDF-39B3-11E8-BF66-D9AA8AFF4A69	SUBJECT_PROCESS	A02AF85B-339A-E25E-9A33-15C6BEE2BE5A	FILE_OBJECT_FILE	EVENT_OPEN	1523030588876114990
FFCB6EDF-39B3-11E8-BF66-D9AA8AFF4A69	SUBJECT_PROCESS	A02AF85B-339A-E25E-9A33-15C6BEE2BE5A	FILE_OBJECT_FILE	EVENT_CLOSE	1523030588876114990
FFCB6EDF-39B3-11E8-BF66-D9AA8AFF4A69	SUBJECT_PROCESS	9BB6BA7C-D6FF-D85B-BFD6-15F83BD8ABDA	FILE_OBJECT_FILE	EVENT_OPEN	1523030588876114990
FFCB6EDF-39B3-11E8-BF66-D9AA8AFF4A69	SUBJECT_PROCESS	9BB6BA7C-D6FF-D85B-BFD6-15F83BD8ABDA	FILE_OBJECT_FILE	EVENT_MMAP	1523030588876114990
FFCB6EDF-39B3-11E8-BF66-D9AA8AFF4A69	SUBJECT_PROCESS	9BB6BA7C-D6FF-D85B-BFD6-15F83BD8ABDA	FILE_OBJECT_FILE	EVENT_MMAP	1523030588876114990
FFCB6EDF-39B3-11E8-BF66-D9AA8AFF4A69	SUBJECT_PROCESS	9BB6BA7C-D6FF-D85B-BFD6-15F83BD8ABDA	FILE_OBJECT_FILE	EVENT_CLOSE	1523030588876114990
FFCB6EDF-39B3-11E8-BF66-D9AA8AFF4A69	SUBJECT_PROCESS	A02AF85B-339A-E25E-9A33-15C6BEE2BE5A	FILE_OBJECT_FILE	EVENT_OPEN	1523030588876114990
FFCB6EDF-39B3-11E8-BF66-D9AA8AFF4A69	SUBJECT_PROCESS	A02AF85B-339A-E25E-9A33-15C6BEE2BE5A	FILE_OBJECT_FILE	EVENT_CLOSE	1523030588876114990
FFCB6EDF-39B3-11E8-BF66-D9AA8AFF4A69	SUBJECT_PROCESS	09D1C21F-4E8A-7951-8A4E-FFABD17940CD	FILE_OBJECT_FILE	EVENT_OPEN	1523030588876114990
FFCB6EDF-39B3-11E8-BF66-D9AA8AFF4A69	SUBJECT_PROCESS	09D1C21F-4E8A-7951-8A4E-FFABD17940CD	FILE_OBJECT_FILE	EVENT_MMAP	1523030588876114990
FFCB6EDF-39B3-11E8-BF66-D9AA8AFF4A69	SUBJECT_PROCESS	09D1C21F-4E8A-7951-8A4E-FFABD17940CD	FILE_OBJECT_FILE	EVENT_MMAP	1523030588876114990
FFCB6EDF-39B3-11E8-BF66-D9AA8AFF4A69	SUBJECT_PROCESS	09D1C21F-4E8A-7951-8A4E-FFABD17940CD	FILE_OBJECT_FILE	EVENT_CLOSE	1523030588876114990
FFCB6EDF-39B3-11E8-BF66-D9AA8AFF4A69	SUBJECT_PROCESS	AE441C70-DEC0-BD5F-80DE-3DE4DFBDF253	FILE_OBJECT_FILE	EVENT_OPEN	1523030588876114990
FFCB6EDF-39B3-11E8-BF66-D9AA8AFF4A69	SUBJECT_PROCESS	AE441C70-DEC0-BD5F-80DE-3DE4DFBDF253	FILE_OBJECT_FILE	EVENT_READ	1523030588876114990
FFCB6EDF-39B3-11E8-BF66-D9AA8AFF4A69	SUBJECT_PROCESS	AE441C70-DEC0-BD5F-80DE-3DE4DFBDF253	FILE_OBJECT_FILE	EVENT_CLOSE	1523030588876114990
FFCB6EDF-39B3-11E8-BF66-D9AA8AFF4A69	SUBJECT_PROCESS	104A8C35-2200-3156-8022-4129E631EA52	FILE_OBJECT_FILE	EVENT_OPEN	1523030588876114990
FFCB6EDF-39B3-11E8-BF66-D9AA8AFF4A69	SUBJECT_PROCESS	104A8C35-2200-3156-8022-4129E631EA52	FILE_OBJECT_FILE	EVENT_READ	1523030588886116570
FFCB6EDF-39B3-11E8-BF66-D9AA8AFF4A69	SUBJECT_PROCESS	104A8C35-2200-3156-8022-4129E631EA52	FILE_OBJECT_FILE	EVENT_CLOSE	1523030588886116570
FFCB6EDF-39B3-11E8-BF66-D9AA8AFF4A69	SUBJECT_PROCESS	64EE4B93-8566-E751-A685-83EDE1E76E1A	FILE_OBJECT_FILE	EVENT_WRITE	1523030588886116570
FFCB6EDF-39B3-11E8-BF66-D9AA8AFF4A69	SUBJECT_PROCESS	64EE4B93-8566-E751-A685-83EDE1E76E1A	FILE_OBJECT_FILE	EVENT_WRITE	1523030588886116570
FFCB6EDF-39B3-11E8-BF66-D9AA8AFF4A69	SUBJECT_PROCESS	BCDBE64D-1703-005A-8317-44DD6A00589D	FILE_OBJECT_FILE	EVENT_OPEN	1523030588886116570
FFCB6EDF-39B3-11E8-BF66-D9AA8AFF4A69	SUBJECT_PROCESS	BCDBE64D-1703-005A-8317-44DD6A00589D	FILE_OBJECT_FILE	EVENT_READ	1523030588886116570
FFCB6EDF-39B3-11E8-BF66-D9AA8AFF4A69	SUBJECT_PROCESS	BCDBE64D-1703-005A-8317-44DD6A00589D	FILE_OBJECT_FILE	EVENT_READ	1523030588886116570
FFCB6EDF-39B3-11E8-BF66-D9AA8AFF4A69	SUBJECT_PROCESS	BCDBE64D-1703-005A-8317-44DD6A00589D	FILE_OBJECT_FILE	EVENT_CLOSE	1523030588886116570
FFCB6EDF-39B3-11E8-BF66-D9AA8AFF4A69	SUBJECT_PROCESS	C6372CCF-39E0-835A-A039-155BFA837272	FILE_OBJECT_FILE	EVENT_OPEN	1523030588886116570
FFCB6EDF-39B3-11E8-BF66-D9AA8AFF4A69	SUBJECT_PROCESS	C6372CCF-39E0-835A-A039-155BFA837272	FILE_OBJECT_FILE	EVENT_READ	1523030588886116570
FFCB6EDF-39B3-11E8-BF66-D9AA8AFF4A69	SUBJECT_PROCESS	C6372CCF-39E0-835A-A039-155BFA837272	FILE_OBJECT_FILE	EVENT_READ	1523030588886116570
FFCB6EDF-39B3-11E8-BF66-D9AA8AFF4A69	SUBJECT_PROCESS	C6372CCF-39E0-835A-A039-155BFA837272	FILE_OBJECT_FILE	EVENT_CLOSE	1523030588886116570
FFCB6EDF-39B3-11E8-BF66-D9AA8AFF4A69	SUBJECT_PROCESS	9F924E33-11DC-C954-9C11-ABA0F4C94D90	FILE_OBJECT_FILE	EVENT_OPEN	1523030588886116570
FFCB6EDF-39B3-11E8-BF66-D9AA8AFF4A69	SUBJECT_PROCESS	9F924E33-11DC-C954-9C11-ABA0F4C94D90	FILE_OBJECT_FILE	EVENT_READ	1523030588886116570
FFCB6EDF-39B3-11E8-BF66-D9AA8AFF4A69	SUBJECT_PROCESS	9F924E33-11DC-C954-9C11-ABA0F4C94D90	FILE_OBJECT_FILE	EVENT_READ	1523030588886116570
FFCB6EDF-39B3-11E8-BF66-D9AA8AFF4A69	SUBJECT_PROCESS	9F924E33-11DC-C954-9C11-ABA0F4C94D90	FILE_OBJECT_FILE	EVENT_CLOSE	1523030588886116570
FFCB6EDF-39B3-11E8-BF66-D9AA8AFF4A69	SUBJECT_PROCESS	FFD5F4DF-39B3-11E8-BF66-D9AA8AFF4A69	NetFlowObject	EVENT_CONNECT	1523030588886116570
FFCB6EDF-39B3-11E8-BF66-D9AA8AFF4A69	SUBJECT_PROCESS	FFD5F4DF-39B3-11E8-BF66-D9AA8AFF4A69	NetFlowObject	EVENT_SENDTO	1523030588886116570
FFCB6EDF-39B3-11E8-BF66-D9AA8AFF4A69	SUBJECT_PROCESS	FFD5F4DF-39B3-11E8-BF66-D9AA8AFF4A69	NetFlowObject	EVENT_RECVFROM	1523030588896118871
FFCB6EDF-39B3-11E8-BF66-D9AA8AFF4A69	SUBJECT_PROCESS	FFD5F4DF-39B3-11E8-BF66-D9AA8AFF4A69	NetFlowObject	EVENT_CLOSE	1523030588896118871
FFCB6EDF-39B3-11E8-BF66-D9AA8AFF4A69	SUBJECT_PROCESS	FFD6C689-39B3-11E8-BF66-D9AA8AFF4A69	NetFlowObject	EVENT_CONNECT	1523030588896118871
FFCB6EDF-39B3-11E8-BF66-D9AA8AFF4A69	SUBJECT_PROCESS	FFD6C689-39B3-11E8-BF66-D9AA8AFF4A69	NetFlowObject	EVENT_SENDTO	1523030588896118871
FFCB6EDF-39B3-11E8-BF66-D9AA8AFF4A69	SUBJECT_PROCESS	FFD6C689-39B3-11E8-BF66-D9AA8AFF4A69	NetFlowObject	EVENT_RECVFROM	1523030588896118871
FFCB6EDF-39B3-11E8-BF66-D9AA8AFF4A69	SUBJECT_PROCESS	FFD6C689-39B3-11E8-BF66-D9AA8AFF4A69	NetFlowObject	EVENT_CLOSE	1523030588896118871
FFCB6EDF-39B3-11E8-BF66-D9AA8AFF4A69	SUBJECT_PROCESS	64EE4B93-8566-E751-A685-83EDE1E76E1A	FILE_OBJECT_FILE	EVENT_WRITE	1523030588896118871
FFCB6EDF-39B3-11E8-BF66-D9AA8AFF4A69	SUBJECT_PROCESS	64EE4B93-8566-E751-A685-83EDE1E76E1A	FILE_OBJECT_FILE	EVENT_WRITE	1523030588896118871
FFCB6EDF-39B3-11E8-BF66-D9AA8AFF4A69	SUBJECT_PROCESS	64EE4B93-8566-E751-A685-83EDE1E76E1A	FILE_OBJECT_FILE	EVENT_WRITE	1523030588896118871
FFCB6EDF-39B3-11E8-BF66-D9AA8AFF4A69	SUBJECT_PROCESS	FFD73F28-39B3-11E8-BF66-D9AA8AFF4A69	NetFlowObject	EVENT_CONNECT	1523030588896118871
FFCB6EDF-39B3-11E8-BF66-D9AA8AFF4A69	SUBJECT_PROCESS	64EE4B93-8566-E751-A685-83EDE1E76E1A	FILE_OBJECT_FILE	EVENT_WRITE	1523030588896118871
FFCB6EDF-39B3-11E8-BF66-D9AA8AFF4A69	SUBJECT_PROCESS	FFD73F28-39B3-11E8-BF66-D9AA8AFF4A69	NetFlowObject	EVENT_WRITE	1523030588896118871
FFCB6EDF-39B3-11E8-BF66-D9AA8AFF4A69	SUBJECT_PROCESS	64EE4B93-8566-E751-A685-83EDE1E76E1A	FILE_OBJECT_FILE	EVENT_WRITE	1523030588896118871
FFCB6EDF-39B3-11E8-BF66-D9AA8AFF4A69	SUBJECT_PROCESS	FFD73F28-39B3-11E8-BF66-D9AA8AFF4A69	NetFlowObject	EVENT_RECVFROM	1523030588896118871
FFCB6EDF-39B3-11E8-BF66-D9AA8AFF4A69	SUBJECT_PROCESS	FFD73F28-39B3-11E8-BF66-D9AA8AFF4A69	NetFlowObject	EVENT_READ	1523030588906117892
FFCB6EDF-39B3-11E8-BF66-D9AA8AFF4A69	SUBJECT_PROCESS	FFD73F28-39B3-11E8-BF66-D9AA8AFF4A69	NetFlowObject	EVENT_RECVFROM	1523030588906117892
FFCB6EDF-39B3-11E8-BF66-D9AA8AFF4A69	SUBJECT_PROCESS	FFD73F28-39B3-11E8-BF66-D9AA8AFF4A69	NetFlowObject	EVENT_READ	1523030588906117892
FFCB6EDF-39B3-11E8-BF66-D9AA8AFF4A69	SUBJECT_PROCESS	64EE4B93-8566-E751-A685-83EDE1E76E1A	FILE_OBJECT_FILE	EVENT_WRITE	1523030588906117892
FFCB6EDF-39B3-11E8-BF66-D9AA8AFF4A69	SUBJECT_PROCESS	64EE4B93-8566-E751-A685-83EDE1E76E1A	FILE_OBJECT_FILE	EVENT_WRITE	1523030588906117892
FFCB6EDF-39B3-11E8-BF66-D9AA8AFF4A69	SUBJECT_PROCESS	64EE4B93-8566-E751-A685-83EDE1E76E1A	FILE_OBJECT_FILE	EVENT_WRITE	1523030588906117892
FFCB6EDF-39B3-11E8-BF66-D9AA8AFF4A69	SUBJECT_PROCESS	FFCB6EDF-39B3-11E8-BF66-D9AA8AFF4A69	SUBJECT_PROCESS	EVENT_EXIT	1523030588906117892
FF8D0A98-39B3-11E8-BF66-D9AA8AFF4A69	SUBJECT_PROCESS	64EE4B93-8566-E751-A685-83EDE1E76E1A	FILE_OBJECT_FILE	EVENT_WRITE	1523030588906117892
FF8D0A98-39B3-11E8-BF66-D9AA8AFF4A69	SUBJECT_PROCESS	64EE4B93-8566-E751-A685-83EDE1E76E1A	FILE_OBJECT_FILE	EVENT_READ	1523030588956114946
FF8D0A98-39B3-11E8-BF66-D9AA8AFF4A69	SUBJECT_PROCESS	64EE4B93-8566-E751-A685-83EDE1E76E1A	FILE_OBJECT_FILE	EVENT_READ	1523030588956114946
FF8D0A98-39B3-11E8-BF66-D9AA8AFF4A69	SUBJECT_PROCESS	64EE4B93-8566-E751-A685-83EDE1E76E1A	FILE_OBJECT_FILE	EVENT_WRITE	1523030588956114946
FF8D0A98-39B3-11E8-BF66-D9AA8AFF4A69	SUBJECT_PROCESS	64EE4B93-8566-E751-A685-83EDE1E76E1A	FILE_OBJECT_FILE	EVENT_READ	1523030589006114850
FF8D0A98-39B3-11E8-BF66-D9AA8AFF4A69	SUBJECT_PROCESS	64EE4B93-8566-E751-A685-83EDE1E76E1A	FILE_OBJECT_FILE	EVENT_WRITE	1523030589006114850
FF8D0A98-39B3-11E8-BF66-D9AA8AFF4A69	SUBJECT_PROCESS	FF8D0A98-39B3-11E8-BF66-D9AA8AFF4A69	SUBJECT_PROCESS	EVENT_MODIFY_PROCESS	1523030589006114850
FF8D0A98-39B3-11E8-BF66-D9AA8AFF4A69	SUBJECT_PROCESS	FD1A9324-943E-575D-BE94-3A127D57A32E	FILE_OBJECT_FILE	EVENT_MODIFY_PROCESS	1523030589006114850
FF8D0A98-39B3-11E8-BF66-D9AA8AFF4A69	SUBJECT_PROCESS	64EE4B93-8566-E751-A685-83EDE1E76E1A	FILE_OBJECT_FILE	EVENT_WRITE	1523030589006114850
FF8D0A98-39B3-11E8-BF66-D9AA8AFF4A69	SUBJECT_PROCESS	64EE4B93-8566-E751-A685-83EDE1E76E1A	FILE_OBJECT_FILE	EVENT_READ	1523030589056116084
FF8D0A98-39B3-11E8-BF66-D9AA8AFF4A69	SUBJECT_PROCESS	64EE4B93-8566-E751-A685-83EDE1E76E1A	FILE_OBJECT_FILE	EVENT_READ	1523030589056116084
FF8D0A98-39B3-11E8-BF66-D9AA8AFF4A69	SUBJECT_PROCESS	64EE4B93-8566-E751-A685-83EDE1E76E1A	FILE_OBJECT_FILE	EVENT_READ	1523030589056116084
FF8D0A98-39B3-11E8-BF66-D9AA8AFF4A69	SUBJECT_PROCESS	64EE4B93-8566-E751-A685-83EDE1E76E1A	FILE_OBJECT_FILE	EVENT_READ	1523030589056116084
FF8D0A98-39B3-11E8-BF66-D9AA8AFF4A69	SUBJECT_PROCESS	64EE4B93-8566-E751-A685-83EDE1E76E1A	FILE_OBJECT_FILE	EVENT_READ	1523030589056116084
FF8D0A98-39B3-11E8-BF66-D9AA8AFF4A69	SUBJECT_PROCESS	64EE4B93-8566-E751-A685-83EDE1E76E1A	FILE_OBJECT_FILE	EVENT_READ	1523030589066114555
FF8D0A98-39B3-11E8-BF66-D9AA8AFF4A69	SUBJECT_PROCESS	64EE4B93-8566-E751-A685-83EDE1E76E1A	FILE_OBJECT_FILE	EVENT_READ	1523030589066114555
FF8D0A98-39B3-11E8-BF66-D9AA8AFF4A69	SUBJECT_PROCESS	64EE4B93-8566-E751-A685-83EDE1E76E1A	FILE_OBJECT_FILE	EVENT_READ	1523030589066114555
FF8D0A98-39B3-11E8-BF66-D9AA8AFF4A69	SUBJECT_PROCESS	64EE4B93-8566-E751-A685-83EDE1E76E1A	FILE_OBJECT_FILE	EVENT_READ	1523030589066114555
FF8D0A98-39B3-11E8-BF66-D9AA8AFF4A69	SUBJECT_PROCESS	64EE4B93-8566-E751-A685-83EDE1E76E1A	FILE_OBJECT_FILE	EVENT_READ	1523030589066114555
FF8D0A98-39B3-11E8-BF66-D9AA8AFF4A69	SUBJECT_PROCESS	64EE4B93-8566-E751-A685-83EDE1E76E1A	FILE_OBJECT_FILE	EVENT_READ	1523030589066114555
FF8D0A98-39B3-11E8-BF66-D9AA8AFF4A69	SUBJECT_PROCESS	64EE4B93-8566-E751-A685-83EDE1E76E1A	FILE_OBJECT_FILE	EVENT_READ	1523030589066114555
FF8D0A98-39B3-11E8-BF66-D9AA8AFF4A69	SUBJECT_PROCESS	64EE4B93-8566-E751-A685-83EDE1E76E1A	FILE_OBJECT_FILE	EVENT_WRITE	1523030589066114555
FF8D0A98-39B3-11E8-BF66-D9AA8AFF4A69	SUBJECT_PROCESS	64EE4B93-8566-E751-A685-83EDE1E76E1A	FILE_OBJECT_FILE	EVENT_READ	1523030589106115178
FF8D0A98-39B3-11E8-BF66-D9AA8AFF4A69	SUBJECT_PROCESS	64EE4B93-8566-E751-A685-83EDE1E76E1A	FILE_OBJECT_FILE	EVENT_WRITE	1523030589106115178
FF8D0A98-39B3-11E8-BF66-D9AA8AFF4A69	SUBJECT_PROCESS	FFF7CDE2-39B3-11E8-BF66-D9AA8AFF4A69	SUBJECT_PROCESS	EVENT_FORK	1523030589106115178
FFF7CDE2-39B3-11E8-BF66-D9AA8AFF4A69	SUBJECT_PROCESS	090C14B5-1F25-745B-A51F-5049EB747AA3	FILE_OBJECT_FILE	EVENT_EXECUTE	1523030589116115739
FFF7CDE2-39B3-11E8-BF66-D9AA8AFF4A69	SUBJECT_PROCESS	7A350F75-9945-425D-8599-15CEBD426F06	FILE_OBJECT_FILE	EVENT_EXECUTE	1523030589116115739
FFF7CDE2-39B3-11E8-BF66-D9AA8AFF4A69	SUBJECT_PROCESS	51110606-D232-9652-B2D2-3A7242968F8A	FILE_OBJECT_FILE	EVENT_OPEN	1523030589116115739
FFF7CDE2-39B3-11E8-BF66-D9AA8AFF4A69	SUBJECT_PROCESS	51110606-D232-9652-B2D2-3A7242968F8A	FILE_OBJECT_FILE	EVENT_READ	1523030589116115739
FFF7CDE2-39B3-11E8-BF66-D9AA8AFF4A69	SUBJECT_PROCESS	51110606-D232-9652-B2D2-3A7242968F8A	FILE_OBJECT_FILE	EVENT_CLOSE	1523030589116115739
FFF7CDE2-39B3-11E8-BF66-D9AA8AFF4A69	SUBJECT_PROCESS	8A44F292-648B-7854-8B64-00F954785A79	FILE_OBJECT_FILE	EVENT_OPEN	1523030589116115739
FFF7CDE2-39B3-11E8-BF66-D9AA8AFF4A69	SUBJECT_PROCESS	8A44F292-648B-7854-8B64-00F954785A79	FILE_OBJECT_FILE	EVENT_READ	1523030589116115739
FFF7CDE2-39B3-11E8-BF66-D9AA8AFF4A69	SUBJECT_PROCESS	8A44F292-648B-7854-8B64-00F954785A79	FILE_OBJECT_FILE	EVENT_READ	1523030589116115739
FFF7CDE2-39B3-11E8-BF66-D9AA8AFF4A69	SUBJECT_PROCESS	8A44F292-648B-7854-8B64-00F954785A79	FILE_OBJECT_FILE	EVENT_CLOSE	1523030589116115739
FFF7CDE2-39B3-11E8-BF66-D9AA8AFF4A69	SUBJECT_PROCESS	76A739B1-A13E-FD50-BEA1-B218A0FD0400	FILE_OBJECT_FILE	EVENT_OPEN	1523030589116115739
FFF7CDE2-39B3-11E8-BF66-D9AA8AFF4A69	SUBJECT_PROCESS	76A739B1-A13E-FD50-BEA1-B218A0FD0400	FILE_OBJECT_FILE	EVENT_MMAP	1523030589116115739
FFF7CDE2-39B3-11E8-BF66-D9AA8AFF4A69	SUBJECT_PROCESS	76A739B1-A13E-FD50-BEA1-B218A0FD0400	FILE_OBJECT_FILE	EVENT_MMAP	1523030589116115739
FFF7CDE2-39B3-11E8-BF66-D9AA8AFF4A69	SUBJECT_PROCESS	76A739B1-A13E-FD50-BEA1-B218A0FD0400	FILE_OBJECT_FILE	EVENT_MMAP	1523030589116115739
FFF7CDE2-39B3-11E8-BF66-D9AA8AFF4A69	SUBJECT_PROCESS	76A739B1-A13E-FD50-BEA1-B218A0FD0400	FILE_OBJECT_FILE	EVENT_MMAP	1523030589116115739
FFF7CDE2-39B3-11E8-BF66-D9AA8AFF4A69	SUBJECT_PROCESS	76A739B1-A13E-FD50-BEA1-B218A0FD0400	FILE_OBJECT_FILE	EVENT_MMAP	1523030589116115739
FFF7CDE2-39B3-11E8-BF66-D9AA8AFF4A69	SUBJECT_PROCESS	76A739B1-A13E-FD50-BEA1-B218A0FD0400	FILE_OBJECT_FILE	EVENT_MMAP	1523030589116115739
FFF7CDE2-39B3-11E8-BF66-D9AA8AFF4A69	SUBJECT_PROCESS	76A739B1-A13E-FD50-BEA1-B218A0FD0400	FILE_OBJECT_FILE	EVENT_CLOSE	1523030589116115739
FFF7CDE2-39B3-11E8-BF66-D9AA8AFF4A69	SUBJECT_PROCESS	F410BE96-4C0C-765E-8C4C-6F0E2E760020	FILE_OBJECT_FILE	EVENT_OPEN	1523030589116115739
FFF7CDE2-39B3-11E8-BF66-D9AA8AFF4A69	SUBJECT_PROCESS	F410BE96-4C0C-765E-8C4C-6F0E2E760020	FILE_OBJECT_FILE	EVENT_MMAP	1523030589116115739
FFF7CDE2-39B3-11E8-BF66-D9AA8AFF4A69	SUBJECT_PROCESS	F410BE96-4C0C-765E-8C4C-6F0E2E760020	FILE_OBJECT_FILE	EVENT_MMAP	1523030589116115739
FFF7CDE2-39B3-11E8-BF66-D9AA8AFF4A69	SUBJECT_PROCESS	F410BE96-4C0C-765E-8C4C-6F0E2E760020	FILE_OBJECT_FILE	EVENT_CLOSE	1523030589116115739
FFF7CDE2-39B3-11E8-BF66-D9AA8AFF4A69	SUBJECT_PROCESS	FD1A9324-943E-575D-BE94-3A127D57A32E	FILE_OBJECT_FILE	EVENT_OPEN	1523030589116115739
FFF7CDE2-39B3-11E8-BF66-D9AA8AFF4A69	SUBJECT_PROCESS	FD1A9324-943E-575D-BE94-3A127D57A32E	FILE_OBJECT_FILE	EVENT_OPEN	1523030589116115739
FFF7CDE2-39B3-11E8-BF66-D9AA8AFF4A69	SUBJECT_PROCESS	FFF7CDE2-39B3-11E8-BF66-D9AA8AFF4A69	SUBJECT_PROCESS	EVENT_MODIFY_PROCESS	1523030589116115739
FFF7CDE2-39B3-11E8-BF66-D9AA8AFF4A69	SUBJECT_PROCESS	FD1A9324-943E-575D-BE94-3A127D57A32E	FILE_OBJECT_FILE	EVENT_MODIFY_PROCESS	1523030589116115739
FFF7CDE2-39B3-11E8-BF66-D9AA8AFF4A69	SUBJECT_PROCESS	64EE4B93-8566-E751-A685-83EDE1E76E1A	FILE_OBJECT_FILE	EVENT_WRITE	1523030589116115739
FFF7CDE2-39B3-11E8-BF66-D9AA8AFF4A69	SUBJECT_PROCESS	0A5883CB-E239-D751-B9E2-B57B11D72A64	FILE_OBJECT_DIR	EVENT_OPEN	1523030589116115739
FFF7CDE2-39B3-11E8-BF66-D9AA8AFF4A69	SUBJECT_PROCESS	FFF7CDE2-39B3-11E8-BF66-D9AA8AFF4A69	SUBJECT_PROCESS	EVENT_MODIFY_PROCESS	1523030589116115739
FFF7CDE2-39B3-11E8-BF66-D9AA8AFF4A69	SUBJECT_PROCESS	0A5883CB-E239-D751-B9E2-B57B11D72A64	FILE_OBJECT_DIR	EVENT_MODIFY_PROCESS	1523030589116115739
FFF7CDE2-39B3-11E8-BF66-D9AA8AFF4A69	SUBJECT_PROCESS	0A5883CB-E239-D751-B9E2-B57B11D72A64	FILE_OBJECT_DIR	EVENT_CLOSE	1523030589126118960
FFF7CDE2-39B3-11E8-BF66-D9AA8AFF4A69	SUBJECT_PROCESS	FFF7CDE2-39B3-11E8-BF66-D9AA8AFF4A69	SUBJECT_PROCESS	EVENT_MODIFY_PROCESS	1523030589126118960
FFF7CDE2-39B3-11E8-BF66-D9AA8AFF4A69	SUBJECT_PROCESS	FD1A9324-943E-575D-BE94-3A127D57A32E	FILE_OBJECT_FILE	EVENT_MODIFY_PROCESS	1523030589126118960
FFF7CDE2-39B3-11E8-BF66-D9AA8AFF4A69	SUBJECT_PROCESS	FFF7CDE2-39B3-11E8-BF66-D9AA8AFF4A69	SUBJECT_PROCESS	EVENT_EXIT	1523030589126118960
FF8D0A98-39B3-11E8-BF66-D9AA8AFF4A69	SUBJECT_PROCESS	64EE4B93-8566-E751-A685-83EDE1E76E1A	FILE_OBJECT_FILE	EVENT_WRITE	1523030589126118960
FF8D0A98-39B3-11E8-BF66-D9AA8AFF4A69	SUBJECT_PROCESS	64EE4B93-8566-E751-A685-83EDE1E76E1A	FILE_OBJECT_FILE	EVENT_READ	1523030589176116833
FF8D0A98-39B3-11E8-BF66-D9AA8AFF4A69	SUBJECT_PROCESS	64EE4B93-8566-E751-A685-83EDE1E76E1A	FILE_OBJECT_FILE	EVENT_READ	1523030589176116833
FF8D0A98-39B3-11E8-BF66-D9AA8AFF4A69	SUBJECT_PROCESS	64EE4B93-8566-E751-A685-83EDE1E76E1A	FILE_OBJECT_FILE	EVENT_READ	1523030589176116833
FF8D0A98-39B3-11E8-BF66-D9AA8AFF4A69	SUBJECT_PROCESS	64EE4B93-8566-E751-A685-83EDE1E76E1A	FILE_OBJECT_FILE	EVENT_READ	1523030589176116833
FF8D0A98-39B3-11E8-BF66-D9AA8AFF4A69	SUBJECT_PROCESS	64EE4B93-8566-E751-A685-83EDE1E76E1A	FILE_OBJECT_FILE	EVENT_READ	1523030589176116833
FF8D0A98-39B3-11E8-BF66-D9AA8AFF4A69	SUBJECT_PROCESS	64EE4B93-8566-E751-A685-83EDE1E76E1A	FILE_OBJECT_FILE	EVENT_READ	1523030589176116833
FF8D0A98-39B3-11E8-BF66-D9AA8AFF4A69	SUBJECT_PROCESS	64EE4B93-8566-E751-A685-83EDE1E76E1A	FILE_OBJECT_FILE	EVENT_READ	1523030589176116833
FF8D0A98-39B3-11E8-BF66-D9AA8AFF4A69	SUBJECT_PROCESS	64EE4B93-8566-E751-A685-83EDE1E76E1A	FILE_OBJECT_FILE	EVENT_READ	1523030589176116833
FF8D0A98-39B3-11E8-BF66-D9AA8AFF4A69	SUBJECT_PROCESS	64EE4B93-8566-E751-A685-83EDE1E76E1A	FILE_OBJECT_FILE	EVENT_READ	1523030589176116833
FF8D0A98-39B3-11E8-BF66-D9AA8AFF4A69	SUBJECT_PROCESS	64EE4B93-8566-E751-A685-83EDE1E76E1A	FILE_OBJECT_FILE	EVENT_READ	1523030589176116833
FF8D0A98-39B3-11E8-BF66-D9AA8AFF4A69	SUBJECT_PROCESS	64EE4B93-8566-E751-A685-83EDE1E76E1A	FILE_OBJECT_FILE	EVENT_READ	1523030589176116833
FF8D0A98-39B3-11E8-BF66-D9AA8AFF4A69	SUBJECT_PROCESS	64EE4B93-8566-E751-A685-83EDE1E76E1A	FILE_OBJECT_FILE	EVENT_READ	1523030589176116833
FF8D0A98-39B3-11E8-BF66-D9AA8AFF4A69	SUBJECT_PROCESS	64EE4B93-8566-E751-A685-83EDE1E76E1A	FILE_OBJECT_FILE	EVENT_READ	1523030589176116833
FF8D0A98-39B3-11E8-BF66-D9AA8AFF4A69	SUBJECT_PROCESS	64EE4B93-8566-E751-A685-83EDE1E76E1A	FILE_OBJECT_FILE	EVENT_READ	1523030589176116833
FF8D0A98-39B3-11E8-BF66-D9AA8AFF4A69	SUBJECT_PROCESS	64EE4B93-8566-E751-A685-83EDE1E76E1A	FILE_OBJECT_FILE	EVENT_WRITE	1523030589176116833
FF8D0A98-39B3-11E8-BF66-D9AA8AFF4A69	SUBJECT_PROCESS	64EE4B93-8566-E751-A685-83EDE1E76E1A	FILE_OBJECT_FILE	EVENT_READ	1523030589226113687
FF8D0A98-39B3-11E8-BF66-D9AA8AFF4A69	SUBJECT_PROCESS	64EE4B93-8566-E751-A685-83EDE1E76E1A	FILE_OBJECT_FILE	EVENT_WRITE	1523030589226113687
FF8D0A98-39B3-11E8-BF66-D9AA8AFF4A69	SUBJECT_PROCESS	000961EE-39B4-11E8-BF66-D9AA8AFF4A69	SUBJECT_PROCESS	EVENT_FORK	1523030589226113687
000961EE-39B4-11E8-BF66-D9AA8AFF4A69	SUBJECT_PROCESS	2B7472BC-5C25-095D-A55C-468C5D09349A	FILE_OBJECT_FILE	EVENT_EXECUTE	1523030589226113687
000961EE-39B4-11E8-BF66-D9AA8AFF4A69	SUBJECT_PROCESS	7A350F75-9945-425D-8599-15CEBD426F06	FILE_OBJECT_FILE	EVENT_EXECUTE	1523030589226113687
000961EE-39B4-11E8-BF66-D9AA8AFF4A69	SUBJECT_PROCESS	51110606-D232-9652-B2D2-3A7242968F8A	FILE_OBJECT_FILE	EVENT_OPEN	1523030589226113687
000961EE-39B4-11E8-BF66-D9AA8AFF4A69	SUBJECT_PROCESS	51110606-D232-9652-B2D2-3A7242968F8A	FILE_OBJECT_FILE	EVENT_READ	1523030589226113687
000961EE-39B4-11E8-BF66-D9AA8AFF4A69	SUBJECT_PROCESS	51110606-D232-9652-B2D2-3A7242968F8A	FILE_OBJECT_FILE	EVENT_CLOSE	1523030589226113687
000961EE-39B4-11E8-BF66-D9AA8AFF4A69	SUBJECT_PROCESS	8A44F292-648B-7854-8B64-00F954785A79	FILE_OBJECT_FILE	EVENT_OPEN	1523030589226113687
000961EE-39B4-11E8-BF66-D9AA8AFF4A69	SUBJECT_PROCESS	8A44F292-648B-7854-8B64-00F954785A79	FILE_OBJECT_FILE	EVENT_READ	1523030589226113687
000961EE-39B4-11E8-BF66-D9AA8AFF4A69	SUBJECT_PROCESS	8A44F292-648B-7854-8B64-00F954785A79	FILE_OBJECT_FILE	EVENT_READ	1523030589226113687
000961EE-39B4-11E8-BF66-D9AA8AFF4A69	SUBJECT_PROCESS	8A44F292-648B-7854-8B64-00F954785A79	FILE_OBJECT_FILE	EVENT_CLOSE	1523030589226113687
000961EE-39B4-11E8-BF66-D9AA8AFF4A69	SUBJECT_PROCESS	76A739B1-A13E-FD50-BEA1-B218A0FD0400	FILE_OBJECT_FILE	EVENT_OPEN	1523030589226113687
000961EE-39B4-11E8-BF66-D9AA8AFF4A69	SUBJECT_PROCESS	76A739B1-A13E-FD50-BEA1-B218A0FD0400	FILE_OBJECT_FILE	EVENT_MMAP	1523030589226113687
000961EE-39B4-11E8-BF66-D9AA8AFF4A69	SUBJECT_PROCESS	76A739B1-A13E-FD50-BEA1-B218A0FD0400	FILE_OBJECT_FILE	EVENT_MMAP	1523030589226113687
000961EE-39B4-11E8-BF66-D9AA8AFF4A69	SUBJECT_PROCESS	76A739B1-A13E-FD50-BEA1-B218A0FD0400	FILE_OBJECT_FILE	EVENT_MMAP	1523030589226113687
000961EE-39B4-11E8-BF66-D9AA8AFF4A69	SUBJECT_PROCESS	76A739B1-A13E-FD50-BEA1-B218A0FD0400	FILE_OBJECT_FILE	EVENT_MMAP	1523030589226113687
000961EE-39B4-11E8-BF66-D9AA8AFF4A69	SUBJECT_PROCESS	76A739B1-A13E-FD50-BEA1-B218A0FD0400	FILE_OBJECT_FILE	EVENT_MMAP	1523030589226113687
000961EE-39B4-11E8-BF66-D9AA8AFF4A69	SUBJECT_PROCESS	76A739B1-A13E-FD50-BEA1-B218A0FD0400	FILE_OBJECT_FILE	EVENT_MMAP	1523030589236115728
000961EE-39B4-11E8-BF66-D9AA8AFF4A69	SUBJECT_PROCESS	76A739B1-A13E-FD50-BEA1-B218A0FD0400	FILE_OBJECT_FILE	EVENT_CLOSE	1523030589236115728
000961EE-39B4-11E8-BF66-D9AA8AFF4A69	SUBJECT_PROCESS	F410BE96-4C0C-765E-8C4C-6F0E2E760020	FILE_OBJECT_FILE	EVENT_OPEN	1523030589236115728
000961EE-39B4-11E8-BF66-D9AA8AFF4A69	SUBJECT_PROCESS	F410BE96-4C0C-765E-8C4C-6F0E2E760020	FILE_OBJECT_FILE	EVENT_MMAP	1523030589236115728
000961EE-39B4-11E8-BF66-D9AA8AFF4A69	SUBJECT_PROCESS	F410BE96-4C0C-765E-8C4C-6F0E2E760020	FILE_OBJECT_FILE	EVENT_MMAP	1523030589236115728
000961EE-39B4-11E8-BF66-D9AA8AFF4A69	SUBJECT_PROCESS	F410BE96-4C0C-765E-8C4C-6F0E2E760020	FILE_OBJECT_FILE	EVENT_CLOSE	1523030589236115728
000961EE-39B4-11E8-BF66-D9AA8AFF4A69	SUBJECT_PROCESS	FD1A9324-943E-575D-BE94-3A127D57A32E	FILE_OBJECT_FILE	EVENT_OPEN	1523030589236115728
000961EE-39B4-11E8-BF66-D9AA8AFF4A69	SUBJECT_PROCESS	000961EE-39B4-11E8-BF66-D9AA8AFF4A69	SUBJECT_PROCESS	EVENT_MODIFY_PROCESS	1523030589236115728
000961EE-39B4-11E8-BF66-D9AA8AFF4A69	SUBJECT_PROCESS	FD1A9324-943E-575D-BE94-3A127D57A32E	FILE_OBJECT_FILE	EVENT_MODIFY_PROCESS	1523030589236115728
000961EE-39B4-11E8-BF66-D9AA8AFF4A69	SUBJECT_PROCESS	0A5883CB-E239-D751-B9E2-B57B11D72A64	FILE_OBJECT_DIR	EVENT_OPEN	1523030589236115728
000961EE-39B4-11E8-BF66-D9AA8AFF4A69	SUBJECT_PROCESS	000961EE-39B4-11E8-BF66-D9AA8AFF4A69	SUBJECT_PROCESS	EVENT_MODIFY_PROCESS	1523030589236115728
000961EE-39B4-11E8-BF66-D9AA8AFF4A69	SUBJECT_PROCESS	0A5883CB-E239-D751-B9E2-B57B11D72A64	FILE_OBJECT_DIR	EVENT_MODIFY_PROCESS	1523030589236115728
000961EE-39B4-11E8-BF66-D9AA8AFF4A69	SUBJECT_PROCESS	0A5883CB-E239-D751-B9E2-B57B11D72A64	FILE_OBJECT_DIR	EVENT_CLOSE	1523030589236115728
000961EE-39B4-11E8-BF66-D9AA8AFF4A69	SUBJECT_PROCESS	000961EE-39B4-11E8-BF66-D9AA8AFF4A69	SUBJECT_PROCESS	EVENT_MODIFY_PROCESS	1523030589236115728
000961EE-39B4-11E8-BF66-D9AA8AFF4A69	SUBJECT_PROCESS	FD1A9324-943E-575D-BE94-3A127D57A32E	FILE_OBJECT_FILE	EVENT_MODIFY_PROCESS	1523030589236115728
000961EE-39B4-11E8-BF66-D9AA8AFF4A69	SUBJECT_PROCESS	0A5883CB-E239-D751-B9E2-B57B11D72A64	FILE_OBJECT_DIR	EVENT_UNLINK	1523030589236115728
000961EE-39B4-11E8-BF66-D9AA8AFF4A69	SUBJECT_PROCESS	000961EE-39B4-11E8-BF66-D9AA8AFF4A69	SUBJECT_PROCESS	EVENT_MODIFY_PROCESS	1523030589236115728
000961EE-39B4-11E8-BF66-D9AA8AFF4A69	SUBJECT_PROCESS	FD1A9324-943E-575D-BE94-3A127D57A32E	FILE_OBJECT_FILE	EVENT_MODIFY_PROCESS	1523030589236115728
000961EE-39B4-11E8-BF66-D9AA8AFF4A69	SUBJECT_PROCESS	FD1A9324-943E-575D-BE94-3A127D57A32E	FILE_OBJECT_FILE	EVENT_CLOSE	1523030589236115728
000961EE-39B4-11E8-BF66-D9AA8AFF4A69	SUBJECT_PROCESS	000961EE-39B4-11E8-BF66-D9AA8AFF4A69	SUBJECT_PROCESS	EVENT_EXIT	1523030589236115728
FF8D0A98-39B3-11E8-BF66-D9AA8AFF4A69	SUBJECT_PROCESS	64EE4B93-8566-E751-A685-83EDE1E76E1A	FILE_OBJECT_FILE	EVENT_WRITE	1523030589236115728
FF8D0A98-39B3-11E8-BF66-D9AA8AFF4A69	SUBJECT_PROCESS	64EE4B93-8566-E751-A685-83EDE1E76E1A	FILE_OBJECT_FILE	EVENT_READ	1523030589286117392
FF8D0A98-39B3-11E8-BF66-D9AA8AFF4A69	SUBJECT_PROCESS	64EE4B93-8566-E751-A685-83EDE1E76E1A	FILE_OBJECT_FILE	EVENT_READ	1523030589286117392
FF8D0A98-39B3-11E8-BF66-D9AA8AFF4A69	SUBJECT_PROCESS	64EE4B93-8566-E751-A685-83EDE1E76E1A	FILE_OBJECT_FILE	EVENT_READ	1523030589286117392
FF8D0A98-39B3-11E8-BF66-D9AA8AFF4A69	SUBJECT_PROCESS	64EE4B93-8566-E751-A685-83EDE1E76E1A	FILE_OBJECT_FILE	EVENT_READ	1523030589296121833
FF8D0A98-39B3-11E8-BF66-D9AA8AFF4A69	SUBJECT_PROCESS	64EE4B93-8566-E751-A685-83EDE1E76E1A	FILE_OBJECT_FILE	EVENT_WRITE	1523030589296121833
FF8D0A98-39B3-11E8-BF66-D9AA8AFF4A69	SUBJECT_PROCESS	64EE4B93-8566-E751-A685-83EDE1E76E1A	FILE_OBJECT_FILE	EVENT_READ	1523030589336114456
FF8D0A98-39B3-11E8-BF66-D9AA8AFF4A69	SUBJECT_PROCESS	64EE4B93-8566-E751-A685-83EDE1E76E1A	FILE_OBJECT_FILE	EVENT_WRITE	1523030589336114456
FF8D0A98-39B3-11E8-BF66-D9AA8AFF4A69	SUBJECT_PROCESS	64EE4B93-8566-E751-A685-83EDE1E76E1A	FILE_OBJECT_FILE	EVENT_WRITE	1523030589346120217
FF8D0A98-39B3-11E8-BF66-D9AA8AFF4A69	SUBJECT_PROCESS	DF9EF3C6-75FB-2D52-BB75-8BCB522D51D8	FILE_OBJECT_FILE	EVENT_OPEN	1523030589346120217
FF8D0A98-39B3-11E8-BF66-D9AA8AFF4A69	SUBJECT_PROCESS	DF9EF3C6-75FB-2D52-BB75-8BCB522D51D8	FILE_OBJECT_FILE	EVENT_WRITE	1523030589346120217
FF8D0A98-39B3-11E8-BF66-D9AA8AFF4A69	SUBJECT_PROCESS	DF9EF3C6-75FB-2D52-BB75-8BCB522D51D8	FILE_OBJECT_FILE	EVENT_CLOSE	1523030589346120217
FF8D0A98-39B3-11E8-BF66-D9AA8AFF4A69	SUBJECT_PROCESS	DF9EF3C6-75FB-2D52-BB75-8BCB522D51D8	FILE_OBJECT_FILE	EVENT_MODIFY_FILE_ATTRIBUTES	1523030589346120217
FF8D0A98-39B3-11E8-BF66-D9AA8AFF4A69	SUBJECT_PROCESS	DF9EF3C6-75FB-2D52-BB75-8BCB522D51D8	FILE_OBJECT_FILE	EVENT_OPEN	1523030589346120217
FF8D0A98-39B3-11E8-BF66-D9AA8AFF4A69	SUBJECT_PROCESS	DF9EF3C6-75FB-2D52-BB75-8BCB522D51D8	FILE_OBJECT_FILE	EVENT_READ	1523030589346120217
FF8D0A98-39B3-11E8-BF66-D9AA8AFF4A69	SUBJECT_PROCESS	DF9EF3C6-75FB-2D52-BB75-8BCB522D51D8	FILE_OBJECT_FILE	EVENT_CLOSE	1523030589346120217
FF8D0A98-39B3-11E8-BF66-D9AA8AFF4A69	SUBJECT_PROCESS	C0B3B449-0D6D-265A-AD0D-DEBF6A2636DD	FILE_OBJECT_FILE	EVENT_OPEN	1523030589346120217
FF8D0A98-39B3-11E8-BF66-D9AA8AFF4A69	SUBJECT_PROCESS	C0B3B449-0D6D-265A-AD0D-DEBF6A2636DD	FILE_OBJECT_FILE	EVENT_WRITE	1523030589346120217
FF8D0A98-39B3-11E8-BF66-D9AA8AFF4A69	SUBJECT_PROCESS	C0B3B449-0D6D-265A-AD0D-DEBF6A2636DD	FILE_OBJECT_FILE	EVENT_CLOSE	1523030589346120217
FF80C143-39B3-11E8-BF66-D9AA8AFF4A69	SUBJECT_PROCESS	001BAF59-39B4-11E8-BF66-D9AA8AFF4A69	FILE_OBJECT_UNIX_SOCKET	EVENT_CONNECT	1523030589346120217
FF80C143-39B3-11E8-BF66-D9AA8AFF4A69	SUBJECT_PROCESS	001BAF59-39B4-11E8-BF66-D9AA8AFF4A69	FILE_OBJECT_UNIX_SOCKET	EVENT_SENDTO	1523030589346120217
70C1D4CB-3678-11E8-BF66-D9AA8AFF4A69	SUBJECT_PROCESS	70C16429-3678-11E8-BF66-D9AA8AFF4A69	FILE_OBJECT_UNIX_SOCKET	EVENT_RECVFROM	1523030589346120217
FF80C143-39B3-11E8-BF66-D9AA8AFF4A69	SUBJECT_PROCESS	001BAF59-39B4-11E8-BF66-D9AA8AFF4A69	FILE_OBJECT_UNIX_SOCKET	EVENT_CLOSE	1523030589346120217
FF8D0A98-39B3-11E8-BF66-D9AA8AFF4A69	SUBJECT_PROCESS	C0B3B449-0D6D-265A-AD0D-DEBF6A2636DD	FILE_OBJECT_FILE	EVENT_RENAME	1523030589346120217
FF8D0A98-39B3-11E8-BF66-D9AA8AFF4A69	SUBJECT_PROCESS	C0B3B449-0D6D-265A-AD0D-DEBF6A2636DD	FILE_OBJECT_FILE	EVENT_RENAME	1523030589346120217
FF8D0A98-39B3-11E8-BF66-D9AA8AFF4A69	SUBJECT_PROCESS	C0B3B449-0D6D-265A-AD0D-DEBF6A2636DD	FILE_OBJECT_FILE	EVENT_MODIFY_FILE_ATTRIBUTES	1523030589346120217
FF8D0A98-39B3-11E8-BF66-D9AA8AFF4A69	SUBJECT_PROCESS	FF8D0A98-39B3-11E8-BF66-D9AA8AFF4A69	SUBJECT_PROCESS	EVENT_EXIT	1523030589346120217
FF80C143-39B3-11E8-BF66-D9AA8AFF4A69	SUBJECT_PROCESS	001C09DB-39B4-11E8-BF66-D9AA8AFF4A69	FILE_OBJECT_UNIX_SOCKET	EVENT_CONNECT	1523030589346120217
FF80C143-39B3-11E8-BF66-D9AA8AFF4A69	SUBJECT_PROCESS	001C09DB-39B4-11E8-BF66-D9AA8AFF4A69	FILE_OBJECT_UNIX_SOCKET	EVENT_SENDTO	1523030589346120217
70C1D4CB-3678-11E8-BF66-D9AA8AFF4A69	SUBJECT_PROCESS	70C16429-3678-11E8-BF66-D9AA8AFF4A69	FILE_OBJECT_UNIX_SOCKET	EVENT_RECVFROM	1523030589346120217
FF80C143-39B3-11E8-BF66-D9AA8AFF4A69	SUBJECT_PROCESS	001C09DB-39B4-11E8-BF66-D9AA8AFF4A69	FILE_OBJECT_UNIX_SOCKET	EVENT_CLOSE	1523030589346120217
FF80C143-39B3-11E8-BF66-D9AA8AFF4A69	SUBJECT_PROCESS	FF80C143-39B3-11E8-BF66-D9AA8AFF4A69	SUBJECT_PROCESS	EVENT_EXIT	1523030589346120217
FF49BCA0-39B3-11E8-BF66-D9AA8AFF4A69	SUBJECT_PROCESS	90139085-37D9-7553-9937-CFE3D375E971	FILE_OBJECT_FILE	EVENT_OPEN	1523030589356116688
FF49BCA0-39B3-11E8-BF66-D9AA8AFF4A69	SUBJECT_PROCESS	90139085-37D9-7553-9937-CFE3D375E971	FILE_OBJECT_FILE	EVENT_READ	1523030589356116688
FF49BCA0-39B3-11E8-BF66-D9AA8AFF4A69	SUBJECT_PROCESS	90139085-37D9-7553-9937-CFE3D375E971	FILE_OBJECT_FILE	EVENT_READ	1523030589356116688
FF49BCA0-39B3-11E8-BF66-D9AA8AFF4A69	SUBJECT_PROCESS	90139085-37D9-7553-9937-CFE3D375E971	FILE_OBJECT_FILE	EVENT_READ	1523030589356116688
FF49BCA0-39B3-11E8-BF66-D9AA8AFF4A69	SUBJECT_PROCESS	90139085-37D9-7553-9937-CFE3D375E971	FILE_OBJECT_FILE	EVENT_READ	1523030589356116688
FF49BCA0-39B3-11E8-BF66-D9AA8AFF4A69	SUBJECT_PROCESS	90139085-37D9-7553-9937-CFE3D375E971	FILE_OBJECT_FILE	EVENT_READ	1523030589356116688
FF49BCA0-39B3-11E8-BF66-D9AA8AFF4A69	SUBJECT_PROCESS	90139085-37D9-7553-9937-CFE3D375E971	FILE_OBJECT_FILE	EVENT_READ	1523030589356116688
FF49BCA0-39B3-11E8-BF66-D9AA8AFF4A69	SUBJECT_PROCESS	90139085-37D9-7553-9937-CFE3D375E971	FILE_OBJECT_FILE	EVENT_READ	1523030589356116688
FF49BCA0-39B3-11E8-BF66-D9AA8AFF4A69	SUBJECT_PROCESS	90139085-37D9-7553-9937-CFE3D375E971	FILE_OBJECT_FILE	EVENT_READ	1523030589356116688
FF49BCA0-39B3-11E8-BF66-D9AA8AFF4A69	SUBJECT_PROCESS	90139085-37D9-7553-9937-CFE3D375E971	FILE_OBJECT_FILE	EVENT_CLOSE	1523030589356116688
FF49BCA0-39B3-11E8-BF66-D9AA8AFF4A69	SUBJECT_PROCESS	77E09D96-956C-9252-AC95-ABDF22923EF9	FILE_OBJECT_FILE	EVENT_OPEN	1523030589356116688
FF49BCA0-39B3-11E8-BF66-D9AA8AFF4A69	SUBJECT_PROCESS	77E09D96-956C-9252-AC95-ABDF22923EF9	FILE_OBJECT_FILE	EVENT_OPEN	1523030589356116688
FF49BCA0-39B3-11E8-BF66-D9AA8AFF4A69	SUBJECT_PROCESS	77E09D96-956C-9252-AC95-ABDF22923EF9	FILE_OBJECT_FILE	EVENT_LSEEK	1523030589356116688
FF49BCA0-39B3-11E8-BF66-D9AA8AFF4A69	SUBJECT_PROCESS	77E09D96-956C-9252-AC95-ABDF22923EF9	FILE_OBJECT_FILE	EVENT_LSEEK	1523030589356116688
FF49BCA0-39B3-11E8-BF66-D9AA8AFF4A69	SUBJECT_PROCESS	77E09D96-956C-9252-AC95-ABDF22923EF9	FILE_OBJECT_FILE	EVENT_CLOSE	1523030589356116688
FF49BCA0-39B3-11E8-BF66-D9AA8AFF4A69	SUBJECT_PROCESS	AAB4423F-1F2E-F053-AE1F-0B5FF3F000B5	FILE_OBJECT_FILE	EVENT_OPEN	1523030589356116688
FF49BCA0-39B3-11E8-BF66-D9AA8AFF4A69	SUBJECT_PROCESS	AAB4423F-1F2E-F053-AE1F-0B5FF3F000B5	FILE_OBJECT_FILE	EVENT_WRITE	1523030589356116688
FF49BCA0-39B3-11E8-BF66-D9AA8AFF4A69	SUBJECT_PROCESS	AAB4423F-1F2E-F053-AE1F-0B5FF3F000B5	FILE_OBJECT_FILE	EVENT_CLOSE	1523030589356116688
FF49BCA0-39B3-11E8-BF66-D9AA8AFF4A69	SUBJECT_PROCESS	77E09D96-956C-9252-AC95-ABDF22923EF9	FILE_OBJECT_FILE	EVENT_CLOSE	1523030589356116688
FF49BCA0-39B3-11E8-BF66-D9AA8AFF4A69	SUBJECT_PROCESS	64EE4B93-8566-E751-A685-83EDE1E76E1A	FILE_OBJECT_FILE	EVENT_CLOSE	1523030589356116688
708B08C1-3678-11E8-BF66-D9AA8AFF4A69	SUBJECT_PROCESS	E393303B-721F-8457-9F72-2DA477847B65	FILE_OBJECT_FILE	EVENT_READ	1523030589356116688
FF49BCA0-39B3-11E8-BF66-D9AA8AFF4A69	SUBJECT_PROCESS	FF49BCA0-39B3-11E8-BF66-D9AA8AFF4A69	SUBJECT_PROCESS	EVENT_EXIT	1523030589356116688
708B08C1-3678-11E8-BF66-D9AA8AFF4A69	SUBJECT_PROCESS	746D09EF-3678-11E8-BF66-D9AA8AFF4A69	FILE_OBJECT_UNIX_SOCKET	EVENT_SENDTO	1523030589356116688
70C1D4CB-3678-11E8-BF66-D9AA8AFF4A69	SUBJECT_PROCESS	70C1A076-3678-11E8-BF66-D9AA8AFF4A69	FILE_OBJECT_UNIX_SOCKET	EVENT_RECVFROM	1523030589356116688
708B08C1-3678-11E8-BF66-D9AA8AFF4A69	SUBJECT_PROCESS	746D09EF-3678-11E8-BF66-D9AA8AFF4A69	FILE_OBJECT_UNIX_SOCKET	EVENT_SENDTO	1523030589356116688
70C1D4CB-3678-11E8-BF66-D9AA8AFF4A69	SUBJECT_PROCESS	70C1A076-3678-11E8-BF66-D9AA8AFF4A69	FILE_OBJECT_UNIX_SOCKET	EVENT_RECVFROM	1523030589356116688
708B08C1-3678-11E8-BF66-D9AA8AFF4A69	SUBJECT_PROCESS	746D09EF-3678-11E8-BF66-D9AA8AFF4A69	FILE_OBJECT_UNIX_SOCKET	EVENT_SENDTO	1523030589356116688
70C1D4CB-3678-11E8-BF66-D9AA8AFF4A69	SUBJECT_PROCESS	70C1A076-3678-11E8-BF66-D9AA8AFF4A69	FILE_OBJECT_UNIX_SOCKET	EVENT_RECVFROM	1523030589356116688
708B08C1-3678-11E8-BF66-D9AA8AFF4A69	SUBJECT_PROCESS	746D09EF-3678-11E8-BF66-D9AA8AFF4A69	FILE_OBJECT_UNIX_SOCKET	EVENT_SENDTO	1523030589366119539
70C1D4CB-3678-11E8-BF66-D9AA8AFF4A69	SUBJECT_PROCESS	70C1A076-3678-11E8-BF66-D9AA8AFF4A69	FILE_OBJECT_UNIX_SOCKET	EVENT_RECVFROM	1523030589366119539
0C0CC0C3-3680-11E8-BF66-D9AA8AFF4A69	SUBJECT_PROCESS	00228B48-39B4-11E8-BF66-D9AA8AFF4A69	FILE_OBJECT_UNIX_SOCKET	EVENT_CONNECT	1523030589396116141
A2B6F917-39AA-11E8-BF66-D9AA8AFF4A69	SUBJECT_PROCESS	0C0D74DB-3680-11E8-BF66-D9AA8AFF4A69	FILE_OBJECT_UNIX_SOCKET	EVENT_ACCEPT	1523030589396116141
A2B6F917-39AA-11E8-BF66-D9AA8AFF4A69	SUBJECT_PROCESS	0022B4AA-39B4-11E8-BF66-D9AA8AFF4A69	FILE_OBJECT_UNIX_SOCKET	EVENT_ACCEPT	1523030589396116141
0C0CC0C3-3680-11E8-BF66-D9AA8AFF4A69	SUBJECT_PROCESS	00228B48-39B4-11E8-BF66-D9AA8AFF4A69	FILE_OBJECT_UNIX_SOCKET	EVENT_WRITE	1523030589396116141
A2B6F917-39AA-11E8-BF66-D9AA8AFF4A69	SUBJECT_PROCESS	0C0DB7A1-3680-11E8-BF66-D9AA8AFF4A69	FILE_OBJECT_FILE	EVENT_WRITE	1523030589396116141
0C0CC0C3-3680-11E8-BF66-D9AA8AFF4A69	SUBJECT_PROCESS	00228B48-39B4-11E8-BF66-D9AA8AFF4A69	FILE_OBJECT_UNIX_SOCKET	EVENT_WRITE	1523030589396116141
A2B6F917-39AA-11E8-BF66-D9AA8AFF4A69	SUBJECT_PROCESS	0022B4AA-39B4-11E8-BF66-D9AA8AFF4A69	FILE_OBJECT_UNIX_SOCKET	EVENT_READ	1523030589396116141
0C0CC0C3-3680-11E8-BF66-D9AA8AFF4A69	SUBJECT_PROCESS	0C0DB755-3680-11E8-BF66-D9AA8AFF4A69	FILE_OBJECT_FILE	EVENT_READ	1523030589396116141
A2B6F917-39AA-11E8-BF66-D9AA8AFF4A69	SUBJECT_PROCESS	586C56DA-CB56-745E-96CB-52069E742598	FILE_OBJECT_FILE	EVENT_OPEN	1523030589396116141
A2B6F917-39AA-11E8-BF66-D9AA8AFF4A69	SUBJECT_PROCESS	586C56DA-CB56-745E-96CB-52069E742598	FILE_OBJECT_FILE	EVENT_CLOSE	1523030589396116141
A2B6F917-39AA-11E8-BF66-D9AA8AFF4A69	SUBJECT_PROCESS	0C0DB7A1-3680-11E8-BF66-D9AA8AFF4A69	FILE_OBJECT_FILE	EVENT_WRITE	1523030589396116141
0C0CC0C3-3680-11E8-BF66-D9AA8AFF4A69	SUBJECT_PROCESS	0C0DB755-3680-11E8-BF66-D9AA8AFF4A69	FILE_OBJECT_FILE	EVENT_READ	1523030589396116141
A2B6F917-39AA-11E8-BF66-D9AA8AFF4A69	SUBJECT_PROCESS	0022B4AA-39B4-11E8-BF66-D9AA8AFF4A69	FILE_OBJECT_UNIX_SOCKET	EVENT_CLOSE	1523030589396116141
0C0CC0C3-3680-11E8-BF66-D9AA8AFF4A69	SUBJECT_PROCESS	00228B48-39B4-11E8-BF66-D9AA8AFF4A69	FILE_OBJECT_UNIX_SOCKET	EVENT_CLOSE	1523030589396116141
72FB0406-3678-11E8-BF66-D9AA8AFF4A69	SUBJECT_PROCESS	FFCEAE08-39B3-11E8-BF66-D9AA8AFF4A69	FILE_OBJECT_UNIX_SOCKET	EVENT_CLOSE	1523030589816114965
72FB0406-3678-11E8-BF66-D9AA8AFF4A69	SUBJECT_PROCESS	FFCEAEB8-39B3-11E8-BF66-D9AA8AFF4A69	FILE_OBJECT_UNIX_SOCKET	EVENT_CLOSE	1523030589816114965
72FB0406-3678-11E8-BF66-D9AA8AFF4A69	SUBJECT_PROCESS	0062D6FF-39B4-11E8-BF66-D9AA8AFF4A69	FILE_OBJECT_UNIX_SOCKET	EVENT_CREATE_OBJECT	1523030589816114965
72FB0406-3678-11E8-BF66-D9AA8AFF4A69	SUBJECT_PROCESS	0062D76A-39B4-11E8-BF66-D9AA8AFF4A69	FILE_OBJECT_UNIX_SOCKET	EVENT_CREATE_OBJECT	1523030589816114965
72FB0406-3678-11E8-BF66-D9AA8AFF4A69	SUBJECT_PROCESS	0062D6FF-39B4-11E8-BF66-D9AA8AFF4A69	FILE_OBJECT_UNIX_SOCKET	EVENT_CLOSE	1523030590806114514
72FB0406-3678-11E8-BF66-D9AA8AFF4A69	SUBJECT_PROCESS	0062D76A-39B4-11E8-BF66-D9AA8AFF4A69	FILE_OBJECT_UNIX_SOCKET	EVENT_CLOSE	1523030590806114514
72FB0406-3678-11E8-BF66-D9AA8AFF4A69	SUBJECT_PROCESS	00FA1A8F-39B4-11E8-BF66-D9AA8AFF4A69	FILE_OBJECT_UNIX_SOCKET	EVENT_CREATE_OBJECT	1523030590806114514
72FB0406-3678-11E8-BF66-D9AA8AFF4A69	SUBJECT_PROCESS	00FA1AF6-39B4-11E8-BF66-D9AA8AFF4A69	FILE_OBJECT_UNIX_SOCKET	EVENT_CREATE_OBJECT	1523030590806114514
72FB0406-3678-11E8-BF66-D9AA8AFF4A69	SUBJECT_PROCESS	00FA1A8F-39B4-11E8-BF66-D9AA8AFF4A69	FILE_OBJECT_UNIX_SOCKET	EVENT_CLOSE	1523030591816114704
72FB0406-3678-11E8-BF66-D9AA8AFF4A69	SUBJECT_PROCESS	00FA1AF6-39B4-11E8-BF66-D9AA8AFF4A69	FILE_OBJECT_UNIX_SOCKET	EVENT_CLOSE	1523030591816114704
72FB0406-3678-11E8-BF66-D9AA8AFF4A69	SUBJECT_PROCESS	019439E1-39B4-11E8-BF66-D9AA8AFF4A69	FILE_OBJECT_UNIX_SOCKET	EVENT_CREATE_OBJECT	1523030591816114704
72FB0406-3678-11E8-BF66-D9AA8AFF4A69	SUBJECT_PROCESS	01943A4D-39B4-11E8-BF66-D9AA8AFF4A69	FILE_OBJECT_UNIX_SOCKET	EVENT_CREATE_OBJECT	1523030591816114704
72FB0406-3678-11E8-BF66-D9AA8AFF4A69	SUBJECT_PROCESS	019439E1-39B4-11E8-BF66-D9AA8AFF4A69	FILE_OBJECT_UNIX_SOCKET	EVENT_CLOSE	1523030592806113733
72FB0406-3678-11E8-BF66-D9AA8AFF4A69	SUBJECT_PROCESS	01943A4D-39B4-11E8-BF66-D9AA8AFF4A69	FILE_OBJECT_UNIX_SOCKET	EVENT_CLOSE	1523030592806113733
72FB0406-3678-11E8-BF66-D9AA8AFF4A69	SUBJECT_PROCESS	022B5CC3-39B4-11E8-BF66-D9AA8AFF4A69	FILE_OBJECT_UNIX_SOCKET	EVENT_CREATE_OBJECT	1523030592806113733
72FB0406-3678-11E8-BF66-D9AA8AFF4A69	SUBJECT_PROCESS	022B5D62-39B4-11E8-BF66-D9AA8AFF4A69	FILE_OBJECT_UNIX_SOCKET	EVENT_CREATE_OBJECT	1523030592806113733
72FB0406-3678-11E8-BF66-D9AA8AFF4A69	SUBJECT_PROCESS	022B5CC3-39B4-11E8-BF66-D9AA8AFF4A69	FILE_OBJECT_UNIX_SOCKET	EVENT_CLOSE	1523030593816115404
72FB0406-3678-11E8-BF66-D9AA8AFF4A69	SUBJECT_PROCESS	022B5D62-39B4-11E8-BF66-D9AA8AFF4A69	FILE_OBJECT_UNIX_SOCKET	EVENT_CLOSE	1523030593816115404
72FB0406-3678-11E8-BF66-D9AA8AFF4A69	SUBJECT_PROCESS	02C572C1-39B4-11E8-BF66-D9AA8AFF4A69	FILE_OBJECT_UNIX_SOCKET	EVENT_CREATE_OBJECT	1523030593816115404
72FB0406-3678-11E8-BF66-D9AA8AFF4A69	SUBJECT_PROCESS	02C57361-39B4-11E8-BF66-D9AA8AFF4A69	FILE_OBJECT_UNIX_SOCKET	EVENT_CREATE_OBJECT	1523030593816115404
72FB0406-3678-11E8-BF66-D9AA8AFF4A69	SUBJECT_PROCESS	02C572C1-39B4-11E8-BF66-D9AA8AFF4A69	FILE_OBJECT_UNIX_SOCKET	EVENT_CLOSE	1523030594806115833
72FB0406-3678-11E8-BF66-D9AA8AFF4A69	SUBJECT_PROCESS	02C57361-39B4-11E8-BF66-D9AA8AFF4A69	FILE_OBJECT_UNIX_SOCKET	EVENT_CLOSE	1523030594806115833
72FB0406-3678-11E8-BF66-D9AA8AFF4A69	SUBJECT_PROCESS	035C6EE3-39B4-11E8-BF66-D9AA8AFF4A69	FILE_OBJECT_UNIX_SOCKET	EVENT_CREATE_OBJECT	1523030594806115833
72FB0406-3678-11E8-BF66-D9AA8AFF4A69	SUBJECT_PROCESS	035C6F4B-39B4-11E8-BF66-D9AA8AFF4A69	FILE_OBJECT_UNIX_SOCKET	EVENT_CREATE_OBJECT	1523030594806115833
72FB0406-3678-11E8-BF66-D9AA8AFF4A69	SUBJECT_PROCESS	035C6EE3-39B4-11E8-BF66-D9AA8AFF4A69	FILE_OBJECT_UNIX_SOCKET	EVENT_CLOSE	1523030595816114443
72FB0406-3678-11E8-BF66-D9AA8AFF4A69	SUBJECT_PROCESS	035C6F4B-39B4-11E8-BF66-D9AA8AFF4A69	FILE_OBJECT_UNIX_SOCKET	EVENT_CLOSE	1523030595816114443
72FB0406-3678-11E8-BF66-D9AA8AFF4A69	SUBJECT_PROCESS	03F68D88-39B4-11E8-BF66-D9AA8AFF4A69	FILE_OBJECT_UNIX_SOCKET	EVENT_CREATE_OBJECT	1523030595816114443
72FB0406-3678-11E8-BF66-D9AA8AFF4A69	SUBJECT_PROCESS	03F68DF0-39B4-11E8-BF66-D9AA8AFF4A69	FILE_OBJECT_UNIX_SOCKET	EVENT_CREATE_OBJECT	1523030595816114443
72FB0406-3678-11E8-BF66-D9AA8AFF4A69	SUBJECT_PROCESS	03F68D88-39B4-11E8-BF66-D9AA8AFF4A69	FILE_OBJECT_UNIX_SOCKET	EVENT_CLOSE	1523030596806117022
72FB0406-3678-11E8-BF66-D9AA8AFF4A69	SUBJECT_PROCESS	03F68DF0-39B4-11E8-BF66-D9AA8AFF4A69	FILE_OBJECT_UNIX_SOCKET	EVENT_CLOSE	1523030596806117022
72FB0406-3678-11E8-BF66-D9AA8AFF4A69	SUBJECT_PROCESS	048DAE10-39B4-11E8-BF66-D9AA8AFF4A69	FILE_OBJECT_UNIX_SOCKET	EVENT_CREATE_OBJECT	1523030596806117022
72FB0406-3678-11E8-BF66-D9AA8AFF4A69	SUBJECT_PROCESS	048DAEAA-39B4-11E8-BF66-D9AA8AFF4A69	FILE_OBJECT_UNIX_SOCKET	EVENT_CREATE_OBJECT	1523030596806117022
72FB0406-3678-11E8-BF66-D9AA8AFF4A69	SUBJECT_PROCESS	048DAE10-39B4-11E8-BF66-D9AA8AFF4A69	FILE_OBJECT_UNIX_SOCKET	EVENT_CLOSE	1523030597816115643
72FB0406-3678-11E8-BF66-D9AA8AFF4A69	SUBJECT_PROCESS	048DAEAA-39B4-11E8-BF66-D9AA8AFF4A69	FILE_OBJECT_UNIX_SOCKET	EVENT_CLOSE	1523030597816115643
72FB0406-3678-11E8-BF66-D9AA8AFF4A69	SUBJECT_PROCESS	0527CDAD-39B4-11E8-BF66-D9AA8AFF4A69	FILE_OBJECT_UNIX_SOCKET	EVENT_CREATE_OBJECT	1523030597816115643
72FB0406-3678-11E8-BF66-D9AA8AFF4A69	SUBJECT_PROCESS	0527CE49-39B4-11E8-BF66-D9AA8AFF4A69	FILE_OBJECT_UNIX_SOCKET	EVENT_CREATE_OBJECT	1523030597816115643
72FB0406-3678-11E8-BF66-D9AA8AFF4A69	SUBJECT_PROCESS	0527CDAD-39B4-11E8-BF66-D9AA8AFF4A69	FILE_OBJECT_UNIX_SOCKET	EVENT_CLOSE	1523030598806117212
72FB0406-3678-11E8-BF66-D9AA8AFF4A69	SUBJECT_PROCESS	0527CE49-39B4-11E8-BF66-D9AA8AFF4A69	FILE_OBJECT_UNIX_SOCKET	EVENT_CLOSE	1523030598806117212
72FB0406-3678-11E8-BF66-D9AA8AFF4A69	SUBJECT_PROCESS	05BEB49C-39B4-11E8-BF66-D9AA8AFF4A69	FILE_OBJECT_UNIX_SOCKET	EVENT_CREATE_OBJECT	1523030598806117212
72FB0406-3678-11E8-BF66-D9AA8AFF4A69	SUBJECT_PROCESS	05BEB506-39B4-11E8-BF66-D9AA8AFF4A69	FILE_OBJECT_UNIX_SOCKET	EVENT_CREATE_OBJECT	1523030598806117212
72FB0406-3678-11E8-BF66-D9AA8AFF4A69	SUBJECT_PROCESS	05BEB49C-39B4-11E8-BF66-D9AA8AFF4A69	FILE_OBJECT_UNIX_SOCKET	EVENT_CLOSE	1523030599816116732
72FB0406-3678-11E8-BF66-D9AA8AFF4A69	SUBJECT_PROCESS	05BEB506-39B4-11E8-BF66-D9AA8AFF4A69	FILE_OBJECT_UNIX_SOCKET	EVENT_CLOSE	1523030599816116732
72FB0406-3678-11E8-BF66-D9AA8AFF4A69	SUBJECT_PROCESS	0658E603-39B4-11E8-BF66-D9AA8AFF4A69	FILE_OBJECT_UNIX_SOCKET	EVENT_CREATE_OBJECT	1523030599816116732
72FB0406-3678-11E8-BF66-D9AA8AFF4A69	SUBJECT_PROCESS	0658E66E-39B4-11E8-BF66-D9AA8AFF4A69	FILE_OBJECT_UNIX_SOCKET	EVENT_CREATE_OBJECT	1523030599816116732
72FB0406-3678-11E8-BF66-D9AA8AFF4A69	SUBJECT_PROCESS	0658E603-39B4-11E8-BF66-D9AA8AFF4A69	FILE_OBJECT_UNIX_SOCKET	EVENT_CLOSE	1523030600816113452
72FB0406-3678-11E8-BF66-D9AA8AFF4A69	SUBJECT_PROCESS	0658E66E-39B4-11E8-BF66-D9AA8AFF4A69	FILE_OBJECT_UNIX_SOCKET	EVENT_CLOSE	1523030600816113452
72FB0406-3678-11E8-BF66-D9AA8AFF4A69	SUBJECT_PROCESS	06F183AD-39B4-11E8-BF66-D9AA8AFF4A69	FILE_OBJECT_UNIX_SOCKET	EVENT_CREATE_OBJECT	1523030600816113452
72FB0406-3678-11E8-BF66-D9AA8AFF4A69	SUBJECT_PROCESS	06F18414-39B4-11E8-BF66-D9AA8AFF4A69	FILE_OBJECT_UNIX_SOCKET	EVENT_CREATE_OBJECT	1523030600816113452
72FB0406-3678-11E8-BF66-D9AA8AFF4A69	SUBJECT_PROCESS	06F183AD-39B4-11E8-BF66-D9AA8AFF4A69	FILE_OBJECT_UNIX_SOCKET	EVENT_CLOSE	1523030601806118011
72FB0406-3678-11E8-BF66-D9AA8AFF4A69	SUBJECT_PROCESS	06F18414-39B4-11E8-BF66-D9AA8AFF4A69	FILE_OBJECT_UNIX_SOCKET	EVENT_CLOSE	1523030601806118011
72FB0406-3678-11E8-BF66-D9AA8AFF4A69	SUBJECT_PROCESS	078885CA-39B4-11E8-BF66-D9AA8AFF4A69	FILE_OBJECT_UNIX_SOCKET	EVENT_CREATE_OBJECT	1523030601806118011
72FB0406-3678-11E8-BF66-D9AA8AFF4A69	SUBJECT_PROCESS	07888663-39B4-11E8-BF66-D9AA8AFF4A69	FILE_OBJECT_UNIX_SOCKET	EVENT_CREATE_OBJECT	1523030601806118011
72FB0406-3678-11E8-BF66-D9AA8AFF4A69	SUBJECT_PROCESS	078885CA-39B4-11E8-BF66-D9AA8AFF4A69	FILE_OBJECT_UNIX_SOCKET	EVENT_CLOSE	1523030602806114131
72FB0406-3678-11E8-BF66-D9AA8AFF4A69	SUBJECT_PROCESS	07888663-39B4-11E8-BF66-D9AA8AFF4A69	FILE_OBJECT_UNIX_SOCKET	EVENT_CLOSE	1523030602806114131
72FB0406-3678-11E8-BF66-D9AA8AFF4A69	SUBJECT_PROCESS	08210744-39B4-11E8-BF66-D9AA8AFF4A69	FILE_OBJECT_UNIX_SOCKET	EVENT_CREATE_OBJECT	1523030602806114131
72FB0406-3678-11E8-BF66-D9AA8AFF4A69	SUBJECT_PROCESS	082107A8-39B4-11E8-BF66-D9AA8AFF4A69	FILE_OBJECT_UNIX_SOCKET	EVENT_CREATE_OBJECT	1523030602806114131
72FB0406-3678-11E8-BF66-D9AA8AFF4A69	SUBJECT_PROCESS	08210744-39B4-11E8-BF66-D9AA8AFF4A69	FILE_OBJECT_UNIX_SOCKET	EVENT_CLOSE	1523030603806117191
72FB0406-3678-11E8-BF66-D9AA8AFF4A69	SUBJECT_PROCESS	082107A8-39B4-11E8-BF66-D9AA8AFF4A69	FILE_OBJECT_UNIX_SOCKET	EVENT_CLOSE	1523030603806117191
72FB0406-3678-11E8-BF66-D9AA8AFF4A69	SUBJECT_PROCESS	08B99EA0-39B4-11E8-BF66-D9AA8AFF4A69	FILE_OBJECT_UNIX_SOCKET	EVENT_CREATE_OBJECT	1523030603806117191
72FB0406-3678-11E8-BF66-D9AA8AFF4A69	SUBJECT_PROCESS	08B99F0B-39B4-11E8-BF66-D9AA8AFF4A69	FILE_OBJECT_UNIX_SOCKET	EVENT_CREATE_OBJECT	1523030603806117191
72FB0406-3678-11E8-BF66-D9AA8AFF4A69	SUBJECT_PROCESS	08B99EA0-39B4-11E8-BF66-D9AA8AFF4A69	FILE_OBJECT_UNIX_SOCKET	EVENT_CLOSE	1523030604806114250
72FB0406-3678-11E8-BF66-D9AA8AFF4A69	SUBJECT_PROCESS	08B99F0B-39B4-11E8-BF66-D9AA8AFF4A69	FILE_OBJECT_UNIX_SOCKET	EVENT_CLOSE	1523030604806114250
72FB0406-3678-11E8-BF66-D9AA8AFF4A69	SUBJECT_PROCESS	09523663-39B4-11E8-BF66-D9AA8AFF4A69	FILE_OBJECT_UNIX_SOCKET	EVENT_CREATE_OBJECT	1523030604806114250
72FB0406-3678-11E8-BF66-D9AA8AFF4A69	SUBJECT_PROCESS	095236CF-39B4-11E8-BF66-D9AA8AFF4A69	FILE_OBJECT_UNIX_SOCKET	EVENT_CREATE_OBJECT	1523030604806114250
72FB0406-3678-11E8-BF66-D9AA8AFF4A69	SUBJECT_PROCESS	09523663-39B4-11E8-BF66-D9AA8AFF4A69	FILE_OBJECT_UNIX_SOCKET	EVENT_CLOSE	1523030605806115410
72FB0406-3678-11E8-BF66-D9AA8AFF4A69	SUBJECT_PROCESS	095236CF-39B4-11E8-BF66-D9AA8AFF4A69	FILE_OBJECT_UNIX_SOCKET	EVENT_CLOSE	1523030605806115410
72FB0406-3678-11E8-BF66-D9AA8AFF4A69	SUBJECT_PROCESS	09EACCAB-39B4-11E8-BF66-D9AA8AFF4A69	FILE_OBJECT_UNIX_SOCKET	EVENT_CREATE_OBJECT	1523030605806115410
72FB0406-3678-11E8-BF66-D9AA8AFF4A69	SUBJECT_PROCESS	09EACD16-39B4-11E8-BF66-D9AA8AFF4A69	FILE_OBJECT_UNIX_SOCKET	EVENT_CREATE_OBJECT	1523030605806115410
72FB0406-3678-11E8-BF66-D9AA8AFF4A69	SUBJECT_PROCESS	09EACCAB-39B4-11E8-BF66-D9AA8AFF4A69	FILE_OBJECT_UNIX_SOCKET	EVENT_CLOSE	1523030606806117320
72FB0406-3678-11E8-BF66-D9AA8AFF4A69	SUBJECT_PROCESS	09EACD16-39B4-11E8-BF66-D9AA8AFF4A69	FILE_OBJECT_UNIX_SOCKET	EVENT_CLOSE	1523030606806117320
72FB0406-3678-11E8-BF66-D9AA8AFF4A69	SUBJECT_PROCESS	0A83633E-39B4-11E8-BF66-D9AA8AFF4A69	FILE_OBJECT_UNIX_SOCKET	EVENT_CREATE_OBJECT	1523030606806117320
72FB0406-3678-11E8-BF66-D9AA8AFF4A69	SUBJECT_PROCESS	0A8363A7-39B4-11E8-BF66-D9AA8AFF4A69	FILE_OBJECT_UNIX_SOCKET	EVENT_CREATE_OBJECT	1523030606806117320
72FB0406-3678-11E8-BF66-D9AA8AFF4A69	SUBJECT_PROCESS	0A83633E-39B4-11E8-BF66-D9AA8AFF4A69	FILE_OBJECT_UNIX_SOCKET	EVENT_CLOSE	1523030607806113960
72FB0406-3678-11E8-BF66-D9AA8AFF4A69	SUBJECT_PROCESS	0A8363A7-39B4-11E8-BF66-D9AA8AFF4A69	FILE_OBJECT_UNIX_SOCKET	EVENT_CLOSE	1523030607806113960
72FB0406-3678-11E8-BF66-D9AA8AFF4A69	SUBJECT_PROCESS	0B1BF98C-39B4-11E8-BF66-D9AA8AFF4A69	FILE_OBJECT_UNIX_SOCKET	EVENT_CREATE_OBJECT	1523030607806113960
72FB0406-3678-11E8-BF66-D9AA8AFF4A69	SUBJECT_PROCESS	0B1BF9F8-39B4-11E8-BF66-D9AA8AFF4A69	FILE_OBJECT_UNIX_SOCKET	EVENT_CREATE_OBJECT	1523030607806113960
72FB0406-3678-11E8-BF66-D9AA8AFF4A69	SUBJECT_PROCESS	0B1BF98C-39B4-11E8-BF66-D9AA8AFF4A69	FILE_OBJECT_UNIX_SOCKET	EVENT_CLOSE	1523030608806115109
72FB0406-3678-11E8-BF66-D9AA8AFF4A69	SUBJECT_PROCESS	0B1BF9F8-39B4-11E8-BF66-D9AA8AFF4A69	FILE_OBJECT_UNIX_SOCKET	EVENT_CLOSE	1523030608806115109
72FB0406-3678-11E8-BF66-D9AA8AFF4A69	SUBJECT_PROCESS	0BB49002-39B4-11E8-BF66-D9AA8AFF4A69	FILE_OBJECT_UNIX_SOCKET	EVENT_CREATE_OBJECT	1523030608806115109
72FB0406-3678-11E8-BF66-D9AA8AFF4A69	SUBJECT_PROCESS	0BB49070-39B4-11E8-BF66-D9AA8AFF4A69	FILE_OBJECT_UNIX_SOCKET	EVENT_CREATE_OBJECT	1523030608806115109
72FB0406-3678-11E8-BF66-D9AA8AFF4A69	SUBJECT_PROCESS	0BB49002-39B4-11E8-BF66-D9AA8AFF4A69	FILE_OBJECT_UNIX_SOCKET	EVENT_CLOSE	1523030609806117799
72FB0406-3678-11E8-BF66-D9AA8AFF4A69	SUBJECT_PROCESS	0BB49070-39B4-11E8-BF66-D9AA8AFF4A69	FILE_OBJECT_UNIX_SOCKET	EVENT_CLOSE	1523030609806117799
72FB0406-3678-11E8-BF66-D9AA8AFF4A69	SUBJECT_PROCESS	0C4D26D1-39B4-11E8-BF66-D9AA8AFF4A69	FILE_OBJECT_UNIX_SOCKET	EVENT_CREATE_OBJECT	1523030609806117799
72FB0406-3678-11E8-BF66-D9AA8AFF4A69	SUBJECT_PROCESS	0C4D273A-39B4-11E8-BF66-D9AA8AFF4A69	FILE_OBJECT_UNIX_SOCKET	EVENT_CREATE_OBJECT	1523030609806117799
72FB0406-3678-11E8-BF66-D9AA8AFF4A69	SUBJECT_PROCESS	0C4D26D1-39B4-11E8-BF66-D9AA8AFF4A69	FILE_OBJECT_UNIX_SOCKET	EVENT_CLOSE	1523030610806116299
72FB0406-3678-11E8-BF66-D9AA8AFF4A69	SUBJECT_PROCESS	0C4D273A-39B4-11E8-BF66-D9AA8AFF4A69	FILE_OBJECT_UNIX_SOCKET	EVENT_CLOSE	1523030610806116299
72FB0406-3678-11E8-BF66-D9AA8AFF4A69	SUBJECT_PROCESS	0CE5BD1A-39B4-11E8-BF66-D9AA8AFF4A69	FILE_OBJECT_UNIX_SOCKET	EVENT_CREATE_OBJECT	1523030610806116299
72FB0406-3678-11E8-BF66-D9AA8AFF4A69	SUBJECT_PROCESS	0CE5BD83-39B4-11E8-BF66-D9AA8AFF4A69	FILE_OBJECT_UNIX_SOCKET	EVENT_CREATE_OBJECT	1523030610806116299
72FB0406-3678-11E8-BF66-D9AA8AFF4A69	SUBJECT_PROCESS	0CE5BD1A-39B4-11E8-BF66-D9AA8AFF4A69	FILE_OBJECT_UNIX_SOCKET	EVENT_CLOSE	1523030611806113849
72FB0406-3678-11E8-BF66-D9AA8AFF4A69	SUBJECT_PROCESS	0CE5BD83-39B4-11E8-BF66-D9AA8AFF4A69	FILE_OBJECT_UNIX_SOCKET	EVENT_CLOSE	1523030611806113849
72FB0406-3678-11E8-BF66-D9AA8AFF4A69	SUBJECT_PROCESS	0D7E5233-39B4-11E8-BF66-D9AA8AFF4A69	FILE_OBJECT_UNIX_SOCKET	EVENT_CREATE_OBJECT	1523030611806113849
72FB0406-3678-11E8-BF66-D9AA8AFF4A69	SUBJECT_PROCESS	0D7E5295-39B4-11E8-BF66-D9AA8AFF4A69	FILE_OBJECT_UNIX_SOCKET	EVENT_CREATE_OBJECT	1523030611806113849
72FB0406-3678-11E8-BF66-D9AA8AFF4A69	SUBJECT_PROCESS	0D7E5233-39B4-11E8-BF66-D9AA8AFF4A69	FILE_OBJECT_UNIX_SOCKET	EVENT_CLOSE	1523030612806115678
72FB0406-3678-11E8-BF66-D9AA8AFF4A69	SUBJECT_PROCESS	0D7E5295-39B4-11E8-BF66-D9AA8AFF4A69	FILE_OBJECT_UNIX_SOCKET	EVENT_CLOSE	1523030612806115678
72FB0406-3678-11E8-BF66-D9AA8AFF4A69	SUBJECT_PROCESS	0E16EAB1-39B4-11E8-BF66-D9AA8AFF4A69	FILE_OBJECT_UNIX_SOCKET	EVENT_CREATE_OBJECT	1523030612806115678
72FB0406-3678-11E8-BF66-D9AA8AFF4A69	SUBJECT_PROCESS	0E16EB18-39B4-11E8-BF66-D9AA8AFF4A69	FILE_OBJECT_UNIX_SOCKET	EVENT_CREATE_OBJECT	1523030612806115678
72FB0406-3678-11E8-BF66-D9AA8AFF4A69	SUBJECT_PROCESS	0E16EAB1-39B4-11E8-BF66-D9AA8AFF4A69	FILE_OBJECT_UNIX_SOCKET	EVENT_CLOSE	1523030613806118358
72FB0406-3678-11E8-BF66-D9AA8AFF4A69	SUBJECT_PROCESS	0E16EB18-39B4-11E8-BF66-D9AA8AFF4A69	FILE_OBJECT_UNIX_SOCKET	EVENT_CLOSE	1523030613806118358
72FB0406-3678-11E8-BF66-D9AA8AFF4A69	SUBJECT_PROCESS	0EAF7FE4-39B4-11E8-BF66-D9AA8AFF4A69	FILE_OBJECT_UNIX_SOCKET	EVENT_CREATE_OBJECT	1523030613806118358
72FB0406-3678-11E8-BF66-D9AA8AFF4A69	SUBJECT_PROCESS	0EAF804D-39B4-11E8-BF66-D9AA8AFF4A69	FILE_OBJECT_UNIX_SOCKET	EVENT_CREATE_OBJECT	1523030613806118358
72FB0406-3678-11E8-BF66-D9AA8AFF4A69	SUBJECT_PROCESS	0EAF7FE4-39B4-11E8-BF66-D9AA8AFF4A69	FILE_OBJECT_UNIX_SOCKET	EVENT_CLOSE	1523030614806116678
72FB0406-3678-11E8-BF66-D9AA8AFF4A69	SUBJECT_PROCESS	0EAF804D-39B4-11E8-BF66-D9AA8AFF4A69	FILE_OBJECT_UNIX_SOCKET	EVENT_CLOSE	1523030614806116678
72FB0406-3678-11E8-BF66-D9AA8AFF4A69	SUBJECT_PROCESS	0F4818E8-39B4-11E8-BF66-D9AA8AFF4A69	FILE_OBJECT_UNIX_SOCKET	EVENT_CREATE_OBJECT	1523030614806116678
72FB0406-3678-11E8-BF66-D9AA8AFF4A69	SUBJECT_PROCESS	0F481951-39B4-11E8-BF66-D9AA8AFF4A69	FILE_OBJECT_UNIX_SOCKET	EVENT_CREATE_OBJECT	1523030614806116678
72FB0406-3678-11E8-BF66-D9AA8AFF4A69	SUBJECT_PROCESS	0F4818E8-39B4-11E8-BF66-D9AA8AFF4A69	FILE_OBJECT_UNIX_SOCKET	EVENT_CLOSE	1523030615806115748
72FB0406-3678-11E8-BF66-D9AA8AFF4A69	SUBJECT_PROCESS	0F481951-39B4-11E8-BF66-D9AA8AFF4A69	FILE_OBJECT_UNIX_SOCKET	EVENT_CLOSE	1523030615806115748
72FB0406-3678-11E8-BF66-D9AA8AFF4A69	SUBJECT_PROCESS	0FE0B042-39B4-11E8-BF66-D9AA8AFF4A69	FILE_OBJECT_UNIX_SOCKET	EVENT_CREATE_OBJECT	1523030615806115748
72FB0406-3678-11E8-BF66-D9AA8AFF4A69	SUBJECT_PROCESS	0FE0B0AC-39B4-11E8-BF66-D9AA8AFF4A69	FILE_OBJECT_UNIX_SOCKET	EVENT_CREATE_OBJECT	1523030615806115748
72FB0406-3678-11E8-BF66-D9AA8AFF4A69	SUBJECT_PROCESS	0FE0B042-39B4-11E8-BF66-D9AA8AFF4A69	FILE_OBJECT_UNIX_SOCKET	EVENT_CLOSE	1523030616806114128
72FB0406-3678-11E8-BF66-D9AA8AFF4A69	SUBJECT_PROCESS	0FE0B0AC-39B4-11E8-BF66-D9AA8AFF4A69	FILE_OBJECT_UNIX_SOCKET	EVENT_CLOSE	1523030616806114128
72FB0406-3678-11E8-BF66-D9AA8AFF4A69	SUBJECT_PROCESS	1079430E-39B4-11E8-BF66-D9AA8AFF4A69	FILE_OBJECT_UNIX_SOCKET	EVENT_CREATE_OBJECT	1523030616806114128
72FB0406-3678-11E8-BF66-D9AA8AFF4A69	SUBJECT_PROCESS	10794376-39B4-11E8-BF66-D9AA8AFF4A69	FILE_OBJECT_UNIX_SOCKET	EVENT_CREATE_OBJECT	1523030616806114128
15B8D392-39B3-11E8-BF66-D9AA8AFF4A69	SUBJECT_PROCESS	15B8BB8C-39B3-11E8-BF66-D9AA8AFF4A69	NetFlowObject	EVENT_WRITE	1523030617046114187
15B8D392-39B3-11E8-BF66-D9AA8AFF4A69	SUBJECT_PROCESS	15B8BB8C-39B3-11E8-BF66-D9AA8AFF4A69	NetFlowObject	EVENT_READ	1523030617046114187
15B8D392-39B3-11E8-BF66-D9AA8AFF4A69	SUBJECT_PROCESS	15B8BB8C-39B3-11E8-BF66-D9AA8AFF4A69	NetFlowObject	EVENT_WRITE	1523030617046114187
15B8D392-39B3-11E8-BF66-D9AA8AFF4A69	SUBJECT_PROCESS	15B8BB8C-39B3-11E8-BF66-D9AA8AFF4A69	NetFlowObject	EVENT_READ	1523030617046114187
15B8D392-39B3-11E8-BF66-D9AA8AFF4A69	SUBJECT_PROCESS	15B8BB8C-39B3-11E8-BF66-D9AA8AFF4A69	NetFlowObject	EVENT_WRITE	1523030617046114187
15B8D392-39B3-11E8-BF66-D9AA8AFF4A69	SUBJECT_PROCESS	15B8BB8C-39B3-11E8-BF66-D9AA8AFF4A69	NetFlowObject	EVENT_READ	1523030617046114187
15B8D392-39B3-11E8-BF66-D9AA8AFF4A69	SUBJECT_PROCESS	15B8BB8C-39B3-11E8-BF66-D9AA8AFF4A69	NetFlowObject	EVENT_WRITE	1523030617046114187
15B8D392-39B3-11E8-BF66-D9AA8AFF4A69	SUBJECT_PROCESS	15B8BB8C-39B3-11E8-BF66-D9AA8AFF4A69	NetFlowObject	EVENT_READ	1523030617046114187
15B8D392-39B3-11E8-BF66-D9AA8AFF4A69	SUBJECT_PROCESS	15B8BB8C-39B3-11E8-BF66-D9AA8AFF4A69	NetFlowObject	EVENT_WRITE	1523030617046114187
72FB0406-3678-11E8-BF66-D9AA8AFF4A69	SUBJECT_PROCESS	1079430E-39B4-11E8-BF66-D9AA8AFF4A69	FILE_OBJECT_UNIX_SOCKET	EVENT_CLOSE	1523030617806116647
72FB0406-3678-11E8-BF66-D9AA8AFF4A69	SUBJECT_PROCESS	10794376-39B4-11E8-BF66-D9AA8AFF4A69	FILE_OBJECT_UNIX_SOCKET	EVENT_CLOSE	1523030617806116647
72FB0406-3678-11E8-BF66-D9AA8AFF4A69	SUBJECT_PROCESS	1111ED66-39B4-11E8-BF66-D9AA8AFF4A69	FILE_OBJECT_UNIX_SOCKET	EVENT_CREATE_OBJECT	1523030617806116647
72FB0406-3678-11E8-BF66-D9AA8AFF4A69	SUBJECT_PROCESS	1111EE09-39B4-11E8-BF66-D9AA8AFF4A69	FILE_OBJECT_UNIX_SOCKET	EVENT_CREATE_OBJECT	1523030617806116647
72FB0406-3678-11E8-BF66-D9AA8AFF4A69	SUBJECT_PROCESS	1111ED66-39B4-11E8-BF66-D9AA8AFF4A69	FILE_OBJECT_UNIX_SOCKET	EVENT_CLOSE	1523030618806115107
72FB0406-3678-11E8-BF66-D9AA8AFF4A69	SUBJECT_PROCESS	1111EE09-39B4-11E8-BF66-D9AA8AFF4A69	FILE_OBJECT_UNIX_SOCKET	EVENT_CLOSE	1523030618806115107
72FB0406-3678-11E8-BF66-D9AA8AFF4A69	SUBJECT_PROCESS	11AA8689-39B4-11E8-BF66-D9AA8AFF4A69	FILE_OBJECT_UNIX_SOCKET	EVENT_CREATE_OBJECT	1523030618806115107
72FB0406-3678-11E8-BF66-D9AA8AFF4A69	SUBJECT_PROCESS	11AA8737-39B4-11E8-BF66-D9AA8AFF4A69	FILE_OBJECT_UNIX_SOCKET	EVENT_CREATE_OBJECT	1523030618806115107
72FB0406-3678-11E8-BF66-D9AA8AFF4A69	SUBJECT_PROCESS	11AA8689-39B4-11E8-BF66-D9AA8AFF4A69	FILE_OBJECT_UNIX_SOCKET	EVENT_CLOSE	1523030619806115517
72FB0406-3678-11E8-BF66-D9AA8AFF4A69	SUBJECT_PROCESS	11AA8737-39B4-11E8-BF66-D9AA8AFF4A69	FILE_OBJECT_UNIX_SOCKET	EVENT_CLOSE	1523030619806115517
72FB0406-3678-11E8-BF66-D9AA8AFF4A69	SUBJECT_PROCESS	12430652-39B4-11E8-BF66-D9AA8AFF4A69	FILE_OBJECT_UNIX_SOCKET	EVENT_CREATE_OBJECT	1523030619806115517
72FB0406-3678-11E8-BF66-D9AA8AFF4A69	SUBJECT_PROCESS	124306B9-39B4-11E8-BF66-D9AA8AFF4A69	FILE_OBJECT_UNIX_SOCKET	EVENT_CREATE_OBJECT	1523030619806115517
72FB0406-3678-11E8-BF66-D9AA8AFF4A69	SUBJECT_PROCESS	12430652-39B4-11E8-BF66-D9AA8AFF4A69	FILE_OBJECT_UNIX_SOCKET	EVENT_CLOSE	1523030620806113376
72FB0406-3678-11E8-BF66-D9AA8AFF4A69	SUBJECT_PROCESS	124306B9-39B4-11E8-BF66-D9AA8AFF4A69	FILE_OBJECT_UNIX_SOCKET	EVENT_CLOSE	1523030620806113376
72FB0406-3678-11E8-BF66-D9AA8AFF4A69	SUBJECT_PROCESS	12DB9E75-39B4-11E8-BF66-D9AA8AFF4A69	FILE_OBJECT_UNIX_SOCKET	EVENT_CREATE_OBJECT	1523030620806113376
72FB0406-3678-11E8-BF66-D9AA8AFF4A69	SUBJECT_PROCESS	12DB9EDE-39B4-11E8-BF66-D9AA8AFF4A69	FILE_OBJECT_UNIX_SOCKET	EVENT_CREATE_OBJECT	1523030620806113376
72FB0406-3678-11E8-BF66-D9AA8AFF4A69	SUBJECT_PROCESS	12DB9E75-39B4-11E8-BF66-D9AA8AFF4A69	FILE_OBJECT_UNIX_SOCKET	EVENT_CLOSE	1523030621806116066
72FB0406-3678-11E8-BF66-D9AA8AFF4A69	SUBJECT_PROCESS	12DB9EDE-39B4-11E8-BF66-D9AA8AFF4A69	FILE_OBJECT_UNIX_SOCKET	EVENT_CLOSE	1523030621806116066
72FB0406-3678-11E8-BF66-D9AA8AFF4A69	SUBJECT_PROCESS	1374359D-39B4-11E8-BF66-D9AA8AFF4A69	FILE_OBJECT_UNIX_SOCKET	EVENT_CREATE_OBJECT	1523030621806116066
72FB0406-3678-11E8-BF66-D9AA8AFF4A69	SUBJECT_PROCESS	13743606-39B4-11E8-BF66-D9AA8AFF4A69	FILE_OBJECT_UNIX_SOCKET	EVENT_CREATE_OBJECT	1523030621806116066
72FB0406-3678-11E8-BF66-D9AA8AFF4A69	SUBJECT_PROCESS	1374359D-39B4-11E8-BF66-D9AA8AFF4A69	FILE_OBJECT_UNIX_SOCKET	EVENT_CLOSE	1523030622806114166
72FB0406-3678-11E8-BF66-D9AA8AFF4A69	SUBJECT_PROCESS	13743606-39B4-11E8-BF66-D9AA8AFF4A69	FILE_OBJECT_UNIX_SOCKET	EVENT_CLOSE	1523030622806114166
72FB0406-3678-11E8-BF66-D9AA8AFF4A69	SUBJECT_PROCESS	140CC8F5-39B4-11E8-BF66-D9AA8AFF4A69	FILE_OBJECT_UNIX_SOCKET	EVENT_CREATE_OBJECT	1523030622806114166
72FB0406-3678-11E8-BF66-D9AA8AFF4A69	SUBJECT_PROCESS	140CC958-39B4-11E8-BF66-D9AA8AFF4A69	FILE_OBJECT_UNIX_SOCKET	EVENT_CREATE_OBJECT	1523030622806114166
72FB0406-3678-11E8-BF66-D9AA8AFF4A69	SUBJECT_PROCESS	140CC8F5-39B4-11E8-BF66-D9AA8AFF4A69	FILE_OBJECT_UNIX_SOCKET	EVENT_CLOSE	1523030623806115276
72FB0406-3678-11E8-BF66-D9AA8AFF4A69	SUBJECT_PROCESS	140CC958-39B4-11E8-BF66-D9AA8AFF4A69	FILE_OBJECT_UNIX_SOCKET	EVENT_CLOSE	1523030623806115276
72FB0406-3678-11E8-BF66-D9AA8AFF4A69	SUBJECT_PROCESS	14A5600C-39B4-11E8-BF66-D9AA8AFF4A69	FILE_OBJECT_UNIX_SOCKET	EVENT_CREATE_OBJECT	1523030623806115276
72FB0406-3678-11E8-BF66-D9AA8AFF4A69	SUBJECT_PROCESS	14A56071-39B4-11E8-BF66-D9AA8AFF4A69	FILE_OBJECT_UNIX_SOCKET	EVENT_CREATE_OBJECT	1523030623806115276
72FB0406-3678-11E8-BF66-D9AA8AFF4A69	SUBJECT_PROCESS	14A5600C-39B4-11E8-BF66-D9AA8AFF4A69	FILE_OBJECT_UNIX_SOCKET	EVENT_CLOSE	1523030624806113156
72FB0406-3678-11E8-BF66-D9AA8AFF4A69	SUBJECT_PROCESS	14A56071-39B4-11E8-BF66-D9AA8AFF4A69	FILE_OBJECT_UNIX_SOCKET	EVENT_CLOSE	1523030624806113156
72FB0406-3678-11E8-BF66-D9AA8AFF4A69	SUBJECT_PROCESS	153E012A-39B4-11E8-BF66-D9AA8AFF4A69	FILE_OBJECT_UNIX_SOCKET	EVENT_CREATE_OBJECT	1523030624806113156
72FB0406-3678-11E8-BF66-D9AA8AFF4A69	SUBJECT_PROCESS	153E01C2-39B4-11E8-BF66-D9AA8AFF4A69	FILE_OBJECT_UNIX_SOCKET	EVENT_CREATE_OBJECT	1523030624806113156
72FB0406-3678-11E8-BF66-D9AA8AFF4A69	SUBJECT_PROCESS	153E012A-39B4-11E8-BF66-D9AA8AFF4A69	FILE_OBJECT_UNIX_SOCKET	EVENT_CLOSE	1523030625806116485
72FB0406-3678-11E8-BF66-D9AA8AFF4A69	SUBJECT_PROCESS	153E01C2-39B4-11E8-BF66-D9AA8AFF4A69	FILE_OBJECT_UNIX_SOCKET	EVENT_CLOSE	1523030625806116485
72FB0406-3678-11E8-BF66-D9AA8AFF4A69	SUBJECT_PROCESS	15D68BD1-39B4-11E8-BF66-D9AA8AFF4A69	FILE_OBJECT_UNIX_SOCKET	EVENT_CREATE_OBJECT	1523030625806116485
72FB0406-3678-11E8-BF66-D9AA8AFF4A69	SUBJECT_PROCESS	15D68C35-39B4-11E8-BF66-D9AA8AFF4A69	FILE_OBJECT_UNIX_SOCKET	EVENT_CREATE_OBJECT	1523030625806116485
F7496C26-383C-11E8-BF66-D9AA8AFF4A69	SUBJECT_PROCESS	F74953D1-383C-11E8-BF66-D9AA8AFF4A69	NetFlowObject	EVENT_WRITE	1523030626546113674
F7496C26-383C-11E8-BF66-D9AA8AFF4A69	SUBJECT_PROCESS	F74953D1-383C-11E8-BF66-D9AA8AFF4A69	NetFlowObject	EVENT_READ	1523030626546113674
F7496C26-383C-11E8-BF66-D9AA8AFF4A69	SUBJECT_PROCESS	F74953D1-383C-11E8-BF66-D9AA8AFF4A69	NetFlowObject	EVENT_WRITE	1523030626546113674
F7496C26-383C-11E8-BF66-D9AA8AFF4A69	SUBJECT_PROCESS	F74953D1-383C-11E8-BF66-D9AA8AFF4A69	NetFlowObject	EVENT_READ	1523030626546113674
F7496C26-383C-11E8-BF66-D9AA8AFF4A69	SUBJECT_PROCESS	F74953D1-383C-11E8-BF66-D9AA8AFF4A69	NetFlowObject	EVENT_WRITE	1523030626546113674
F7496C26-383C-11E8-BF66-D9AA8AFF4A69	SUBJECT_PROCESS	F74953D1-383C-11E8-BF66-D9AA8AFF4A69	NetFlowObject	EVENT_READ	1523030626546113674
F7496C26-383C-11E8-BF66-D9AA8AFF4A69	SUBJECT_PROCESS	F74953D1-383C-11E8-BF66-D9AA8AFF4A69	NetFlowObject	EVENT_WRITE	1523030626546113674
F7496C26-383C-11E8-BF66-D9AA8AFF4A69	SUBJECT_PROCESS	F74953D1-383C-11E8-BF66-D9AA8AFF4A69	NetFlowObject	EVENT_READ	1523030626556116235
F7496C26-383C-11E8-BF66-D9AA8AFF4A69	SUBJECT_PROCESS	F74953D1-383C-11E8-BF66-D9AA8AFF4A69	NetFlowObject	EVENT_WRITE	1523030626556116235
72FB0406-3678-11E8-BF66-D9AA8AFF4A69	SUBJECT_PROCESS	15D68BD1-39B4-11E8-BF66-D9AA8AFF4A69	FILE_OBJECT_UNIX_SOCKET	EVENT_CLOSE	1523030626806113995
72FB0406-3678-11E8-BF66-D9AA8AFF4A69	SUBJECT_PROCESS	15D68C35-39B4-11E8-BF66-D9AA8AFF4A69	FILE_OBJECT_UNIX_SOCKET	EVENT_CLOSE	1523030626806113995
72FB0406-3678-11E8-BF66-D9AA8AFF4A69	SUBJECT_PROCESS	166F26D3-39B4-11E8-BF66-D9AA8AFF4A69	FILE_OBJECT_UNIX_SOCKET	EVENT_CREATE_OBJECT	1523030626806113995
72FB0406-3678-11E8-BF66-D9AA8AFF4A69	SUBJECT_PROCESS	166F273C-39B4-11E8-BF66-D9AA8AFF4A69	FILE_OBJECT_UNIX_SOCKET	EVENT_CREATE_OBJECT	1523030626806113995
F487CF29-39B3-11E8-BF66-D9AA8AFF4A69	SUBJECT_PROCESS	F487CF29-39B3-11E8-BF66-D9AA8AFF4A69	SUBJECT_PROCESS	EVENT_EXIT	1523030626936115195
D59C58B7-373D-11E8-BF66-D9AA8AFF4A69	SUBJECT_PROCESS	1682ED45-39B4-11E8-BF66-D9AA8AFF4A69	SUBJECT_PROCESS	EVENT_FORK	1523030626936115195
1682ED45-39B4-11E8-BF66-D9AA8AFF4A69	SUBJECT_PROCESS	CC349957-3DA4-8E5E-A43D-C7740E8ECAA9	FILE_OBJECT_FILE	EVENT_CLOSE	1523030626936115195
1682ED45-39B4-11E8-BF66-D9AA8AFF4A69	SUBJECT_PROCESS	4D344F9D-3989-8550-8939-91A3B085C709	FILE_OBJECT_FILE	EVENT_OPEN	1523030626936115195
1682ED45-39B4-11E8-BF66-D9AA8AFF4A69	SUBJECT_PROCESS	4D344F9D-3989-8550-8939-91A3B085C709	FILE_OBJECT_FILE	EVENT_CLOSE	1523030626936115195
1682ED45-39B4-11E8-BF66-D9AA8AFF4A69	SUBJECT_PROCESS	330061CF-6BB3-C45E-B36B-B89D7EC4F443	FILE_OBJECT_FILE	EVENT_EXECUTE	1523030626936115195
1682ED45-39B4-11E8-BF66-D9AA8AFF4A69	SUBJECT_PROCESS	7A350F75-9945-425D-8599-15CEBD426F06	FILE_OBJECT_FILE	EVENT_EXECUTE	1523030626936115195
1682ED45-39B4-11E8-BF66-D9AA8AFF4A69	SUBJECT_PROCESS	51110606-D232-9652-B2D2-3A7242968F8A	FILE_OBJECT_FILE	EVENT_OPEN	1523030626936115195
1682ED45-39B4-11E8-BF66-D9AA8AFF4A69	SUBJECT_PROCESS	51110606-D232-9652-B2D2-3A7242968F8A	FILE_OBJECT_FILE	EVENT_READ	1523030626936115195
1682ED45-39B4-11E8-BF66-D9AA8AFF4A69	SUBJECT_PROCESS	51110606-D232-9652-B2D2-3A7242968F8A	FILE_OBJECT_FILE	EVENT_CLOSE	1523030626936115195
1682ED45-39B4-11E8-BF66-D9AA8AFF4A69	SUBJECT_PROCESS	8A44F292-648B-7854-8B64-00F954785A79	FILE_OBJECT_FILE	EVENT_OPEN	1523030626936115195
1682ED45-39B4-11E8-BF66-D9AA8AFF4A69	SUBJECT_PROCESS	8A44F292-648B-7854-8B64-00F954785A79	FILE_OBJECT_FILE	EVENT_READ	1523030626936115195
1682ED45-39B4-11E8-BF66-D9AA8AFF4A69	SUBJECT_PROCESS	8A44F292-648B-7854-8B64-00F954785A79	FILE_OBJECT_FILE	EVENT_READ	1523030626936115195
1682ED45-39B4-11E8-BF66-D9AA8AFF4A69	SUBJECT_PROCESS	8A44F292-648B-7854-8B64-00F954785A79	FILE_OBJECT_FILE	EVENT_CLOSE	1523030626936115195
1682ED45-39B4-11E8-BF66-D9AA8AFF4A69	SUBJECT_PROCESS	FC2CA9A1-1BCF-8B57-8F1B-A854778B9026	FILE_OBJECT_FILE	EVENT_OPEN	1523030626936115195
1682ED45-39B4-11E8-BF66-D9AA8AFF4A69	SUBJECT_PROCESS	FC2CA9A1-1BCF-8B57-8F1B-A854778B9026	FILE_OBJECT_FILE	EVENT_MMAP	1523030626936115195
1682ED45-39B4-11E8-BF66-D9AA8AFF4A69	SUBJECT_PROCESS	FC2CA9A1-1BCF-8B57-8F1B-A854778B9026	FILE_OBJECT_FILE	EVENT_MMAP	1523030626936115195
1682ED45-39B4-11E8-BF66-D9AA8AFF4A69	SUBJECT_PROCESS	FC2CA9A1-1BCF-8B57-8F1B-A854778B9026	FILE_OBJECT_FILE	EVENT_MMAP	1523030626936115195
1682ED45-39B4-11E8-BF66-D9AA8AFF4A69	SUBJECT_PROCESS	FC2CA9A1-1BCF-8B57-8F1B-A854778B9026	FILE_OBJECT_FILE	EVENT_MMAP	1523030626936115195
1682ED45-39B4-11E8-BF66-D9AA8AFF4A69	SUBJECT_PROCESS	FC2CA9A1-1BCF-8B57-8F1B-A854778B9026	FILE_OBJECT_FILE	EVENT_MMAP	1523030626936115195
1682ED45-39B4-11E8-BF66-D9AA8AFF4A69	SUBJECT_PROCESS	FC2CA9A1-1BCF-8B57-8F1B-A854778B9026	FILE_OBJECT_FILE	EVENT_MMAP	1523030626936115195
1682ED45-39B4-11E8-BF66-D9AA8AFF4A69	SUBJECT_PROCESS	FC2CA9A1-1BCF-8B57-8F1B-A854778B9026	FILE_OBJECT_FILE	EVENT_CLOSE	1523030626936115195
1682ED45-39B4-11E8-BF66-D9AA8AFF4A69	SUBJECT_PROCESS	718F288D-A702-1B5D-82A7-80807D1BB326	FILE_OBJECT_FILE	EVENT_OPEN	1523030626936115195
1682ED45-39B4-11E8-BF66-D9AA8AFF4A69	SUBJECT_PROCESS	718F288D-A702-1B5D-82A7-80807D1BB326	FILE_OBJECT_FILE	EVENT_MMAP	1523030626936115195
1682ED45-39B4-11E8-BF66-D9AA8AFF4A69	SUBJECT_PROCESS	718F288D-A702-1B5D-82A7-80807D1BB326	FILE_OBJECT_FILE	EVENT_MMAP	1523030626936115195
1682ED45-39B4-11E8-BF66-D9AA8AFF4A69	SUBJECT_PROCESS	718F288D-A702-1B5D-82A7-80807D1BB326	FILE_OBJECT_FILE	EVENT_MMAP	1523030626936115195
1682ED45-39B4-11E8-BF66-D9AA8AFF4A69	SUBJECT_PROCESS	718F288D-A702-1B5D-82A7-80807D1BB326	FILE_OBJECT_FILE	EVENT_MMAP	1523030626936115195
1682ED45-39B4-11E8-BF66-D9AA8AFF4A69	SUBJECT_PROCESS	718F288D-A702-1B5D-82A7-80807D1BB326	FILE_OBJECT_FILE	EVENT_MMAP	1523030626946114366
1682ED45-39B4-11E8-BF66-D9AA8AFF4A69	SUBJECT_PROCESS	718F288D-A702-1B5D-82A7-80807D1BB326	FILE_OBJECT_FILE	EVENT_MMAP	1523030626946114366
1682ED45-39B4-11E8-BF66-D9AA8AFF4A69	SUBJECT_PROCESS	718F288D-A702-1B5D-82A7-80807D1BB326	FILE_OBJECT_FILE	EVENT_CLOSE	1523030626946114366
1682ED45-39B4-11E8-BF66-D9AA8AFF4A69	SUBJECT_PROCESS	4F909471-32BE-7C54-BE32-1D05C47CA876	FILE_OBJECT_FILE	EVENT_OPEN	1523030626946114366
1682ED45-39B4-11E8-BF66-D9AA8AFF4A69	SUBJECT_PROCESS	4F909471-32BE-7C54-BE32-1D05C47CA876	FILE_OBJECT_FILE	EVENT_MMAP	1523030626946114366
1682ED45-39B4-11E8-BF66-D9AA8AFF4A69	SUBJECT_PROCESS	4F909471-32BE-7C54-BE32-1D05C47CA876	FILE_OBJECT_FILE	EVENT_MMAP	1523030626946114366
1682ED45-39B4-11E8-BF66-D9AA8AFF4A69	SUBJECT_PROCESS	4F909471-32BE-7C54-BE32-1D05C47CA876	FILE_OBJECT_FILE	EVENT_MMAP	1523030626946114366
1682ED45-39B4-11E8-BF66-D9AA8AFF4A69	SUBJECT_PROCESS	4F909471-32BE-7C54-BE32-1D05C47CA876	FILE_OBJECT_FILE	EVENT_MMAP	1523030626946114366
1682ED45-39B4-11E8-BF66-D9AA8AFF4A69	SUBJECT_PROCESS	4F909471-32BE-7C54-BE32-1D05C47CA876	FILE_OBJECT_FILE	EVENT_MMAP	1523030626946114366
1682ED45-39B4-11E8-BF66-D9AA8AFF4A69	SUBJECT_PROCESS	4F909471-32BE-7C54-BE32-1D05C47CA876	FILE_OBJECT_FILE	EVENT_MMAP	1523030626946114366
1682ED45-39B4-11E8-BF66-D9AA8AFF4A69	SUBJECT_PROCESS	4F909471-32BE-7C54-BE32-1D05C47CA876	FILE_OBJECT_FILE	EVENT_CLOSE	1523030626946114366
1682ED45-39B4-11E8-BF66-D9AA8AFF4A69	SUBJECT_PROCESS	0905A02C-D979-5D57-B9D9-F12D475D7A9B	FILE_OBJECT_FILE	EVENT_OPEN	1523030626946114366
1682ED45-39B4-11E8-BF66-D9AA8AFF4A69	SUBJECT_PROCESS	0905A02C-D979-5D57-B9D9-F12D475D7A9B	FILE_OBJECT_FILE	EVENT_MMAP	1523030626946114366
1682ED45-39B4-11E8-BF66-D9AA8AFF4A69	SUBJECT_PROCESS	0905A02C-D979-5D57-B9D9-F12D475D7A9B	FILE_OBJECT_FILE	EVENT_MMAP	1523030626946114366
1682ED45-39B4-11E8-BF66-D9AA8AFF4A69	SUBJECT_PROCESS	0905A02C-D979-5D57-B9D9-F12D475D7A9B	FILE_OBJECT_FILE	EVENT_MMAP	1523030626946114366
1682ED45-39B4-11E8-BF66-D9AA8AFF4A69	SUBJECT_PROCESS	0905A02C-D979-5D57-B9D9-F12D475D7A9B	FILE_OBJECT_FILE	EVENT_MMAP	1523030626946114366
1682ED45-39B4-11E8-BF66-D9AA8AFF4A69	SUBJECT_PROCESS	0905A02C-D979-5D57-B9D9-F12D475D7A9B	FILE_OBJECT_FILE	EVENT_MMAP	1523030626946114366
1682ED45-39B4-11E8-BF66-D9AA8AFF4A69	SUBJECT_PROCESS	0905A02C-D979-5D57-B9D9-F12D475D7A9B	FILE_OBJECT_FILE	EVENT_MMAP	1523030626946114366
1682ED45-39B4-11E8-BF66-D9AA8AFF4A69	SUBJECT_PROCESS	0905A02C-D979-5D57-B9D9-F12D475D7A9B	FILE_OBJECT_FILE	EVENT_CLOSE	1523030626946114366
1682ED45-39B4-11E8-BF66-D9AA8AFF4A69	SUBJECT_PROCESS	9FF334BB-9072-D756-B290-556656D73728	FILE_OBJECT_FILE	EVENT_OPEN	1523030626946114366
1682ED45-39B4-11E8-BF66-D9AA8AFF4A69	SUBJECT_PROCESS	9FF334BB-9072-D756-B290-556656D73728	FILE_OBJECT_FILE	EVENT_MMAP	1523030626946114366
1682ED45-39B4-11E8-BF66-D9AA8AFF4A69	SUBJECT_PROCESS	9FF334BB-9072-D756-B290-556656D73728	FILE_OBJECT_FILE	EVENT_MMAP	1523030626946114366
1682ED45-39B4-11E8-BF66-D9AA8AFF4A69	SUBJECT_PROCESS	9FF334BB-9072-D756-B290-556656D73728	FILE_OBJECT_FILE	EVENT_MMAP	1523030626946114366
1682ED45-39B4-11E8-BF66-D9AA8AFF4A69	SUBJECT_PROCESS	9FF334BB-9072-D756-B290-556656D73728	FILE_OBJECT_FILE	EVENT_MMAP	1523030626946114366
1682ED45-39B4-11E8-BF66-D9AA8AFF4A69	SUBJECT_PROCESS	9FF334BB-9072-D756-B290-556656D73728	FILE_OBJECT_FILE	EVENT_MMAP	1523030626946114366
1682ED45-39B4-11E8-BF66-D9AA8AFF4A69	SUBJECT_PROCESS	9FF334BB-9072-D756-B290-556656D73728	FILE_OBJECT_FILE	EVENT_MMAP	1523030626946114366
1682ED45-39B4-11E8-BF66-D9AA8AFF4A69	SUBJECT_PROCESS	9FF334BB-9072-D756-B290-556656D73728	FILE_OBJECT_FILE	EVENT_CLOSE	1523030626946114366
1682ED45-39B4-11E8-BF66-D9AA8AFF4A69	SUBJECT_PROCESS	76A739B1-A13E-FD50-BEA1-B218A0FD0400	FILE_OBJECT_FILE	EVENT_OPEN	1523030626946114366
1682ED45-39B4-11E8-BF66-D9AA8AFF4A69	SUBJECT_PROCESS	76A739B1-A13E-FD50-BEA1-B218A0FD0400	FILE_OBJECT_FILE	EVENT_MMAP	1523030626946114366
1682ED45-39B4-11E8-BF66-D9AA8AFF4A69	SUBJECT_PROCESS	76A739B1-A13E-FD50-BEA1-B218A0FD0400	FILE_OBJECT_FILE	EVENT_MMAP	1523030626946114366
1682ED45-39B4-11E8-BF66-D9AA8AFF4A69	SUBJECT_PROCESS	76A739B1-A13E-FD50-BEA1-B218A0FD0400	FILE_OBJECT_FILE	EVENT_MMAP	1523030626956115407
1682ED45-39B4-11E8-BF66-D9AA8AFF4A69	SUBJECT_PROCESS	76A739B1-A13E-FD50-BEA1-B218A0FD0400	FILE_OBJECT_FILE	EVENT_MMAP	1523030626956115407
1682ED45-39B4-11E8-BF66-D9AA8AFF4A69	SUBJECT_PROCESS	76A739B1-A13E-FD50-BEA1-B218A0FD0400	FILE_OBJECT_FILE	EVENT_MMAP	1523030626956115407
1682ED45-39B4-11E8-BF66-D9AA8AFF4A69	SUBJECT_PROCESS	76A739B1-A13E-FD50-BEA1-B218A0FD0400	FILE_OBJECT_FILE	EVENT_MMAP	1523030626956115407
1682ED45-39B4-11E8-BF66-D9AA8AFF4A69	SUBJECT_PROCESS	76A739B1-A13E-FD50-BEA1-B218A0FD0400	FILE_OBJECT_FILE	EVENT_CLOSE	1523030626956115407
1682ED45-39B4-11E8-BF66-D9AA8AFF4A69	SUBJECT_PROCESS	F29977F6-07A2-935B-A207-C4871B93FE07	FILE_OBJECT_FILE	EVENT_OPEN	1523030626956115407
1682ED45-39B4-11E8-BF66-D9AA8AFF4A69	SUBJECT_PROCESS	F29977F6-07A2-935B-A207-C4871B93FE07	FILE_OBJECT_FILE	EVENT_MMAP	1523030626956115407
1682ED45-39B4-11E8-BF66-D9AA8AFF4A69	SUBJECT_PROCESS	F29977F6-07A2-935B-A207-C4871B93FE07	FILE_OBJECT_FILE	EVENT_MMAP	1523030626956115407
1682ED45-39B4-11E8-BF66-D9AA8AFF4A69	SUBJECT_PROCESS	F29977F6-07A2-935B-A207-C4871B93FE07	FILE_OBJECT_FILE	EVENT_MMAP	1523030626956115407
1682ED45-39B4-11E8-BF66-D9AA8AFF4A69	SUBJECT_PROCESS	F29977F6-07A2-935B-A207-C4871B93FE07	FILE_OBJECT_FILE	EVENT_MMAP	1523030626956115407
1682ED45-39B4-11E8-BF66-D9AA8AFF4A69	SUBJECT_PROCESS	F29977F6-07A2-935B-A207-C4871B93FE07	FILE_OBJECT_FILE	EVENT_MMAP	1523030626956115407
1682ED45-39B4-11E8-BF66-D9AA8AFF4A69	SUBJECT_PROCESS	F29977F6-07A2-935B-A207-C4871B93FE07	FILE_OBJECT_FILE	EVENT_MMAP	1523030626956115407
1682ED45-39B4-11E8-BF66-D9AA8AFF4A69	SUBJECT_PROCESS	F29977F6-07A2-935B-A207-C4871B93FE07	FILE_OBJECT_FILE	EVENT_CLOSE	1523030626956115407
1682ED45-39B4-11E8-BF66-D9AA8AFF4A69	SUBJECT_PROCESS	F410BE96-4C0C-765E-8C4C-6F0E2E760020	FILE_OBJECT_FILE	EVENT_OPEN	1523030626956115407
1682ED45-39B4-11E8-BF66-D9AA8AFF4A69	SUBJECT_PROCESS	F410BE96-4C0C-765E-8C4C-6F0E2E760020	FILE_OBJECT_FILE	EVENT_MMAP	1523030626956115407
1682ED45-39B4-11E8-BF66-D9AA8AFF4A69	SUBJECT_PROCESS	F410BE96-4C0C-765E-8C4C-6F0E2E760020	FILE_OBJECT_FILE	EVENT_MMAP	1523030626956115407
1682ED45-39B4-11E8-BF66-D9AA8AFF4A69	SUBJECT_PROCESS	F410BE96-4C0C-765E-8C4C-6F0E2E760020	FILE_OBJECT_FILE	EVENT_CLOSE	1523030626956115407
1682ED45-39B4-11E8-BF66-D9AA8AFF4A69	SUBJECT_PROCESS	4D344F9D-3989-8550-8939-91A3B085C709	FILE_OBJECT_FILE	EVENT_WRITE	1523030627006118181
1682ED45-39B4-11E8-BF66-D9AA8AFF4A69	SUBJECT_PROCESS	4D344F9D-3989-8550-8939-91A3B085C709	FILE_OBJECT_FILE	EVENT_WRITE	1523030627006118181
1682ED45-39B4-11E8-BF66-D9AA8AFF4A69	SUBJECT_PROCESS	1682ED45-39B4-11E8-BF66-D9AA8AFF4A69	SUBJECT_PROCESS	EVENT_EXIT	1523030627006118181
D59C58B7-373D-11E8-BF66-D9AA8AFF4A69	SUBJECT_PROCESS	168E519F-39B4-11E8-BF66-D9AA8AFF4A69	SUBJECT_PROCESS	EVENT_FORK	1523030627006118181
168E519F-39B4-11E8-BF66-D9AA8AFF4A69	SUBJECT_PROCESS	CC349957-3DA4-8E5E-A43D-C7740E8ECAA9	FILE_OBJECT_FILE	EVENT_CLOSE	1523030627006118181
168E519F-39B4-11E8-BF66-D9AA8AFF4A69	SUBJECT_PROCESS	6C836AA2-BB54-3A58-94BB-1E5D583A637E	FILE_OBJECT_FILE	EVENT_EXECUTE	1523030627006118181
168E519F-39B4-11E8-BF66-D9AA8AFF4A69	SUBJECT_PROCESS	7A350F75-9945-425D-8599-15CEBD426F06	FILE_OBJECT_FILE	EVENT_EXECUTE	1523030627006118181
168E519F-39B4-11E8-BF66-D9AA8AFF4A69	SUBJECT_PROCESS	51110606-D232-9652-B2D2-3A7242968F8A	FILE_OBJECT_FILE	EVENT_OPEN	1523030627006118181
168E519F-39B4-11E8-BF66-D9AA8AFF4A69	SUBJECT_PROCESS	51110606-D232-9652-B2D2-3A7242968F8A	FILE_OBJECT_FILE	EVENT_READ	1523030627006118181
168E519F-39B4-11E8-BF66-D9AA8AFF4A69	SUBJECT_PROCESS	51110606-D232-9652-B2D2-3A7242968F8A	FILE_OBJECT_FILE	EVENT_CLOSE	1523030627006118181
168E519F-39B4-11E8-BF66-D9AA8AFF4A69	SUBJECT_PROCESS	8A44F292-648B-7854-8B64-00F954785A79	FILE_OBJECT_FILE	EVENT_OPEN	1523030627006118181
168E519F-39B4-11E8-BF66-D9AA8AFF4A69	SUBJECT_PROCESS	8A44F292-648B-7854-8B64-00F954785A79	FILE_OBJECT_FILE	EVENT_READ	1523030627006118181
168E519F-39B4-11E8-BF66-D9AA8AFF4A69	SUBJECT_PROCESS	8A44F292-648B-7854-8B64-00F954785A79	FILE_OBJECT_FILE	EVENT_READ	1523030627006118181
168E519F-39B4-11E8-BF66-D9AA8AFF4A69	SUBJECT_PROCESS	8A44F292-648B-7854-8B64-00F954785A79	FILE_OBJECT_FILE	EVENT_CLOSE	1523030627006118181
168E519F-39B4-11E8-BF66-D9AA8AFF4A69	SUBJECT_PROCESS	76A739B1-A13E-FD50-BEA1-B218A0FD0400	FILE_OBJECT_FILE	EVENT_OPEN	1523030627006118181
168E519F-39B4-11E8-BF66-D9AA8AFF4A69	SUBJECT_PROCESS	76A739B1-A13E-FD50-BEA1-B218A0FD0400	FILE_OBJECT_FILE	EVENT_MMAP	1523030627016116012
168E519F-39B4-11E8-BF66-D9AA8AFF4A69	SUBJECT_PROCESS	76A739B1-A13E-FD50-BEA1-B218A0FD0400	FILE_OBJECT_FILE	EVENT_MMAP	1523030627016116012
168E519F-39B4-11E8-BF66-D9AA8AFF4A69	SUBJECT_PROCESS	76A739B1-A13E-FD50-BEA1-B218A0FD0400	FILE_OBJECT_FILE	EVENT_MMAP	1523030627016116012
168E519F-39B4-11E8-BF66-D9AA8AFF4A69	SUBJECT_PROCESS	76A739B1-A13E-FD50-BEA1-B218A0FD0400	FILE_OBJECT_FILE	EVENT_MMAP	1523030627016116012
168E519F-39B4-11E8-BF66-D9AA8AFF4A69	SUBJECT_PROCESS	76A739B1-A13E-FD50-BEA1-B218A0FD0400	FILE_OBJECT_FILE	EVENT_MMAP	1523030627016116012
168E519F-39B4-11E8-BF66-D9AA8AFF4A69	SUBJECT_PROCESS	76A739B1-A13E-FD50-BEA1-B218A0FD0400	FILE_OBJECT_FILE	EVENT_MMAP	1523030627016116012
168E519F-39B4-11E8-BF66-D9AA8AFF4A69	SUBJECT_PROCESS	76A739B1-A13E-FD50-BEA1-B218A0FD0400	FILE_OBJECT_FILE	EVENT_CLOSE	1523030627016116012
168E519F-39B4-11E8-BF66-D9AA8AFF4A69	SUBJECT_PROCESS	F410BE96-4C0C-765E-8C4C-6F0E2E760020	FILE_OBJECT_FILE	EVENT_OPEN	1523030627016116012
168E519F-39B4-11E8-BF66-D9AA8AFF4A69	SUBJECT_PROCESS	F410BE96-4C0C-765E-8C4C-6F0E2E760020	FILE_OBJECT_FILE	EVENT_MMAP	1523030627016116012
168E519F-39B4-11E8-BF66-D9AA8AFF4A69	SUBJECT_PROCESS	F410BE96-4C0C-765E-8C4C-6F0E2E760020	FILE_OBJECT_FILE	EVENT_MMAP	1523030627016116012
168E519F-39B4-11E8-BF66-D9AA8AFF4A69	SUBJECT_PROCESS	F410BE96-4C0C-765E-8C4C-6F0E2E760020	FILE_OBJECT_FILE	EVENT_CLOSE	1523030627016116012
72FB0406-3678-11E8-BF66-D9AA8AFF4A69	SUBJECT_PROCESS	166F26D3-39B4-11E8-BF66-D9AA8AFF4A69	FILE_OBJECT_UNIX_SOCKET	EVENT_CLOSE	1523030627806112955
72FB0406-3678-11E8-BF66-D9AA8AFF4A69	SUBJECT_PROCESS	166F273C-39B4-11E8-BF66-D9AA8AFF4A69	FILE_OBJECT_UNIX_SOCKET	EVENT_CLOSE	1523030627806112955
72FB0406-3678-11E8-BF66-D9AA8AFF4A69	SUBJECT_PROCESS	1707DB36-39B4-11E8-BF66-D9AA8AFF4A69	FILE_OBJECT_UNIX_SOCKET	EVENT_CREATE_OBJECT	1523030627806112955
72FB0406-3678-11E8-BF66-D9AA8AFF4A69	SUBJECT_PROCESS	1707DBA0-39B4-11E8-BF66-D9AA8AFF4A69	FILE_OBJECT_UNIX_SOCKET	EVENT_CREATE_OBJECT	1523030627806112955
168E519F-39B4-11E8-BF66-D9AA8AFF4A69	SUBJECT_PROCESS	168E519F-39B4-11E8-BF66-D9AA8AFF4A69	SUBJECT_PROCESS	EVENT_EXIT	1523030628036130233
D59C58B7-373D-11E8-BF66-D9AA8AFF4A69	SUBJECT_PROCESS	172AEDA0-39B4-11E8-BF66-D9AA8AFF4A69	SUBJECT_PROCESS	EVENT_FORK	1523030628036130233
172AEDA0-39B4-11E8-BF66-D9AA8AFF4A69	SUBJECT_PROCESS	CC349957-3DA4-8E5E-A43D-C7740E8ECAA9	FILE_OBJECT_FILE	EVENT_CLOSE	1523030628036130233
172AEDA0-39B4-11E8-BF66-D9AA8AFF4A69	SUBJECT_PROCESS	0E1A657D-11F7-F051-B711-8D3E01F0DC22	FILE_OBJECT_FILE	EVENT_OPEN	1523030628036130233
172AEDA0-39B4-11E8-BF66-D9AA8AFF4A69	SUBJECT_PROCESS	0E1A657D-11F7-F051-B711-8D3E01F0DC22	FILE_OBJECT_FILE	EVENT_CLOSE	1523030628036130233
172AEDA0-39B4-11E8-BF66-D9AA8AFF4A69	SUBJECT_PROCESS	330061CF-6BB3-C45E-B36B-B89D7EC4F443	FILE_OBJECT_FILE	EVENT_EXECUTE	1523030628036130233
172AEDA0-39B4-11E8-BF66-D9AA8AFF4A69	SUBJECT_PROCESS	7A350F75-9945-425D-8599-15CEBD426F06	FILE_OBJECT_FILE	EVENT_EXECUTE	1523030628036130233
172AEDA0-39B4-11E8-BF66-D9AA8AFF4A69	SUBJECT_PROCESS	51110606-D232-9652-B2D2-3A7242968F8A	FILE_OBJECT_FILE	EVENT_OPEN	1523030628036130233
172AEDA0-39B4-11E8-BF66-D9AA8AFF4A69	SUBJECT_PROCESS	51110606-D232-9652-B2D2-3A7242968F8A	FILE_OBJECT_FILE	EVENT_READ	1523030628036130233
172AEDA0-39B4-11E8-BF66-D9AA8AFF4A69	SUBJECT_PROCESS	51110606-D232-9652-B2D2-3A7242968F8A	FILE_OBJECT_FILE	EVENT_CLOSE	1523030628036130233
172AEDA0-39B4-11E8-BF66-D9AA8AFF4A69	SUBJECT_PROCESS	8A44F292-648B-7854-8B64-00F954785A79	FILE_OBJECT_FILE	EVENT_OPEN	1523030628036130233
172AEDA0-39B4-11E8-BF66-D9AA8AFF4A69	SUBJECT_PROCESS	8A44F292-648B-7854-8B64-00F954785A79	FILE_OBJECT_FILE	EVENT_READ	1523030628036130233
172AEDA0-39B4-11E8-BF66-D9AA8AFF4A69	SUBJECT_PROCESS	8A44F292-648B-7854-8B64-00F954785A79	FILE_OBJECT_FILE	EVENT_READ	1523030628036130233
172AEDA0-39B4-11E8-BF66-D9AA8AFF4A69	SUBJECT_PROCESS	8A44F292-648B-7854-8B64-00F954785A79	FILE_OBJECT_FILE	EVENT_CLOSE	1523030628036130233
172AEDA0-39B4-11E8-BF66-D9AA8AFF4A69	SUBJECT_PROCESS	FC2CA9A1-1BCF-8B57-8F1B-A854778B9026	FILE_OBJECT_FILE	EVENT_OPEN	1523030628036130233
172AEDA0-39B4-11E8-BF66-D9AA8AFF4A69	SUBJECT_PROCESS	FC2CA9A1-1BCF-8B57-8F1B-A854778B9026	FILE_OBJECT_FILE	EVENT_MMAP	1523030628036130233
172AEDA0-39B4-11E8-BF66-D9AA8AFF4A69	SUBJECT_PROCESS	FC2CA9A1-1BCF-8B57-8F1B-A854778B9026	FILE_OBJECT_FILE	EVENT_MMAP	1523030628036130233
172AEDA0-39B4-11E8-BF66-D9AA8AFF4A69	SUBJECT_PROCESS	FC2CA9A1-1BCF-8B57-8F1B-A854778B9026	FILE_OBJECT_FILE	EVENT_MMAP	1523030628036130233
172AEDA0-39B4-11E8-BF66-D9AA8AFF4A69	SUBJECT_PROCESS	FC2CA9A1-1BCF-8B57-8F1B-A854778B9026	FILE_OBJECT_FILE	EVENT_MMAP	1523030628036130233
172AEDA0-39B4-11E8-BF66-D9AA8AFF4A69	SUBJECT_PROCESS	FC2CA9A1-1BCF-8B57-8F1B-A854778B9026	FILE_OBJECT_FILE	EVENT_MMAP	1523030628036130233
172AEDA0-39B4-11E8-BF66-D9AA8AFF4A69	SUBJECT_PROCESS	FC2CA9A1-1BCF-8B57-8F1B-A854778B9026	FILE_OBJECT_FILE	EVENT_MMAP	1523030628036130233
172AEDA0-39B4-11E8-BF66-D9AA8AFF4A69	SUBJECT_PROCESS	FC2CA9A1-1BCF-8B57-8F1B-A854778B9026	FILE_OBJECT_FILE	EVENT_CLOSE	1523030628036130233
172AEDA0-39B4-11E8-BF66-D9AA8AFF4A69	SUBJECT_PROCESS	718F288D-A702-1B5D-82A7-80807D1BB326	FILE_OBJECT_FILE	EVENT_OPEN	1523030628036130233
172AEDA0-39B4-11E8-BF66-D9AA8AFF4A69	SUBJECT_PROCESS	718F288D-A702-1B5D-82A7-80807D1BB326	FILE_OBJECT_FILE	EVENT_MMAP	1523030628046117304
172AEDA0-39B4-11E8-BF66-D9AA8AFF4A69	SUBJECT_PROCESS	718F288D-A702-1B5D-82A7-80807D1BB326	FILE_OBJECT_FILE	EVENT_MMAP	1523030628046117304
172AEDA0-39B4-11E8-BF66-D9AA8AFF4A69	SUBJECT_PROCESS	718F288D-A702-1B5D-82A7-80807D1BB326	FILE_OBJECT_FILE	EVENT_MMAP	1523030628046117304
172AEDA0-39B4-11E8-BF66-D9AA8AFF4A69	SUBJECT_PROCESS	718F288D-A702-1B5D-82A7-80807D1BB326	FILE_OBJECT_FILE	EVENT_MMAP	1523030628046117304
172AEDA0-39B4-11E8-BF66-D9AA8AFF4A69	SUBJECT_PROCESS	718F288D-A702-1B5D-82A7-80807D1BB326	FILE_OBJECT_FILE	EVENT_MMAP	1523030628046117304
172AEDA0-39B4-11E8-BF66-D9AA8AFF4A69	SUBJECT_PROCESS	718F288D-A702-1B5D-82A7-80807D1BB326	FILE_OBJECT_FILE	EVENT_MMAP	1523030628046117304
172AEDA0-39B4-11E8-BF66-D9AA8AFF4A69	SUBJECT_PROCESS	718F288D-A702-1B5D-82A7-80807D1BB326	FILE_OBJECT_FILE	EVENT_CLOSE	1523030628046117304
172AEDA0-39B4-11E8-BF66-D9AA8AFF4A69	SUBJECT_PROCESS	4F909471-32BE-7C54-BE32-1D05C47CA876	FILE_OBJECT_FILE	EVENT_OPEN	1523030628046117304
172AEDA0-39B4-11E8-BF66-D9AA8AFF4A69	SUBJECT_PROCESS	4F909471-32BE-7C54-BE32-1D05C47CA876	FILE_OBJECT_FILE	EVENT_MMAP	1523030628046117304
172AEDA0-39B4-11E8-BF66-D9AA8AFF4A69	SUBJECT_PROCESS	4F909471-32BE-7C54-BE32-1D05C47CA876	FILE_OBJECT_FILE	EVENT_MMAP	1523030628046117304
172AEDA0-39B4-11E8-BF66-D9AA8AFF4A69	SUBJECT_PROCESS	4F909471-32BE-7C54-BE32-1D05C47CA876	FILE_OBJECT_FILE	EVENT_MMAP	1523030628046117304
172AEDA0-39B4-11E8-BF66-D9AA8AFF4A69	SUBJECT_PROCESS	4F909471-32BE-7C54-BE32-1D05C47CA876	FILE_OBJECT_FILE	EVENT_MMAP	1523030628046117304
172AEDA0-39B4-11E8-BF66-D9AA8AFF4A69	SUBJECT_PROCESS	4F909471-32BE-7C54-BE32-1D05C47CA876	FILE_OBJECT_FILE	EVENT_MMAP	1523030628046117304
172AEDA0-39B4-11E8-BF66-D9AA8AFF4A69	SUBJECT_PROCESS	4F909471-32BE-7C54-BE32-1D05C47CA876	FILE_OBJECT_FILE	EVENT_MMAP	1523030628046117304
172AEDA0-39B4-11E8-BF66-D9AA8AFF4A69	SUBJECT_PROCESS	4F909471-32BE-7C54-BE32-1D05C47CA876	FILE_OBJECT_FILE	EVENT_CLOSE	1523030628046117304
172AEDA0-39B4-11E8-BF66-D9AA8AFF4A69	SUBJECT_PROCESS	0905A02C-D979-5D57-B9D9-F12D475D7A9B	FILE_OBJECT_FILE	EVENT_OPEN	1523030628046117304
172AEDA0-39B4-11E8-BF66-D9AA8AFF4A69	SUBJECT_PROCESS	0905A02C-D979-5D57-B9D9-F12D475D7A9B	FILE_OBJECT_FILE	EVENT_MMAP	1523030628046117304
172AEDA0-39B4-11E8-BF66-D9AA8AFF4A69	SUBJECT_PROCESS	0905A02C-D979-5D57-B9D9-F12D475D7A9B	FILE_OBJECT_FILE	EVENT_MMAP	1523030628046117304
172AEDA0-39B4-11E8-BF66-D9AA8AFF4A69	SUBJECT_PROCESS	0905A02C-D979-5D57-B9D9-F12D475D7A9B	FILE_OBJECT_FILE	EVENT_MMAP	1523030628046117304
172AEDA0-39B4-11E8-BF66-D9AA8AFF4A69	SUBJECT_PROCESS	0905A02C-D979-5D57-B9D9-F12D475D7A9B	FILE_OBJECT_FILE	EVENT_MMAP	1523030628046117304
172AEDA0-39B4-11E8-BF66-D9AA8AFF4A69	SUBJECT_PROCESS	0905A02C-D979-5D57-B9D9-F12D475D7A9B	FILE_OBJECT_FILE	EVENT_MMAP	1523030628046117304
172AEDA0-39B4-11E8-BF66-D9AA8AFF4A69	SUBJECT_PROCESS	0905A02C-D979-5D57-B9D9-F12D475D7A9B	FILE_OBJECT_FILE	EVENT_MMAP	1523030628046117304
172AEDA0-39B4-11E8-BF66-D9AA8AFF4A69	SUBJECT_PROCESS	0905A02C-D979-5D57-B9D9-F12D475D7A9B	FILE_OBJECT_FILE	EVENT_CLOSE	1523030628046117304
172AEDA0-39B4-11E8-BF66-D9AA8AFF4A69	SUBJECT_PROCESS	9FF334BB-9072-D756-B290-556656D73728	FILE_OBJECT_FILE	EVENT_OPEN	1523030628046117304
172AEDA0-39B4-11E8-BF66-D9AA8AFF4A69	SUBJECT_PROCESS	9FF334BB-9072-D756-B290-556656D73728	FILE_OBJECT_FILE	EVENT_MMAP	1523030628046117304
172AEDA0-39B4-11E8-BF66-D9AA8AFF4A69	SUBJECT_PROCESS	9FF334BB-9072-D756-B290-556656D73728	FILE_OBJECT_FILE	EVENT_MMAP	1523030628046117304
172AEDA0-39B4-11E8-BF66-D9AA8AFF4A69	SUBJECT_PROCESS	9FF334BB-9072-D756-B290-556656D73728	FILE_OBJECT_FILE	EVENT_MMAP	1523030628046117304
172AEDA0-39B4-11E8-BF66-D9AA8AFF4A69	SUBJECT_PROCESS	9FF334BB-9072-D756-B290-556656D73728	FILE_OBJECT_FILE	EVENT_MMAP	1523030628046117304
172AEDA0-39B4-11E8-BF66-D9AA8AFF4A69	SUBJECT_PROCESS	9FF334BB-9072-D756-B290-556656D73728	FILE_OBJECT_FILE	EVENT_MMAP	1523030628046117304
172AEDA0-39B4-11E8-BF66-D9AA8AFF4A69	SUBJECT_PROCESS	9FF334BB-9072-D756-B290-556656D73728	FILE_OBJECT_FILE	EVENT_MMAP	1523030628046117304
172AEDA0-39B4-11E8-BF66-D9AA8AFF4A69	SUBJECT_PROCESS	9FF334BB-9072-D756-B290-556656D73728	FILE_OBJECT_FILE	EVENT_CLOSE	1523030628056120045
172AEDA0-39B4-11E8-BF66-D9AA8AFF4A69	SUBJECT_PROCESS	76A739B1-A13E-FD50-BEA1-B218A0FD0400	FILE_OBJECT_FILE	EVENT_OPEN	1523030628056120045
172AEDA0-39B4-11E8-BF66-D9AA8AFF4A69	SUBJECT_PROCESS	76A739B1-A13E-FD50-BEA1-B218A0FD0400	FILE_OBJECT_FILE	EVENT_MMAP	1523030628056120045
172AEDA0-39B4-11E8-BF66-D9AA8AFF4A69	SUBJECT_PROCESS	76A739B1-A13E-FD50-BEA1-B218A0FD0400	FILE_OBJECT_FILE	EVENT_MMAP	1523030628056120045
172AEDA0-39B4-11E8-BF66-D9AA8AFF4A69	SUBJECT_PROCESS	76A739B1-A13E-FD50-BEA1-B218A0FD0400	FILE_OBJECT_FILE	EVENT_MMAP	1523030628056120045
172AEDA0-39B4-11E8-BF66-D9AA8AFF4A69	SUBJECT_PROCESS	76A739B1-A13E-FD50-BEA1-B218A0FD0400	FILE_OBJECT_FILE	EVENT_MMAP	1523030628056120045
172AEDA0-39B4-11E8-BF66-D9AA8AFF4A69	SUBJECT_PROCESS	76A739B1-A13E-FD50-BEA1-B218A0FD0400	FILE_OBJECT_FILE	EVENT_MMAP	1523030628056120045
172AEDA0-39B4-11E8-BF66-D9AA8AFF4A69	SUBJECT_PROCESS	76A739B1-A13E-FD50-BEA1-B218A0FD0400	FILE_OBJECT_FILE	EVENT_MMAP	1523030628056120045
172AEDA0-39B4-11E8-BF66-D9AA8AFF4A69	SUBJECT_PROCESS	76A739B1-A13E-FD50-BEA1-B218A0FD0400	FILE_OBJECT_FILE	EVENT_CLOSE	1523030628056120045
172AEDA0-39B4-11E8-BF66-D9AA8AFF4A69	SUBJECT_PROCESS	F29977F6-07A2-935B-A207-C4871B93FE07	FILE_OBJECT_FILE	EVENT_OPEN	1523030628056120045
172AEDA0-39B4-11E8-BF66-D9AA8AFF4A69	SUBJECT_PROCESS	F29977F6-07A2-935B-A207-C4871B93FE07	FILE_OBJECT_FILE	EVENT_MMAP	1523030628056120045
172AEDA0-39B4-11E8-BF66-D9AA8AFF4A69	SUBJECT_PROCESS	F29977F6-07A2-935B-A207-C4871B93FE07	FILE_OBJECT_FILE	EVENT_MMAP	1523030628056120045
172AEDA0-39B4-11E8-BF66-D9AA8AFF4A69	SUBJECT_PROCESS	F29977F6-07A2-935B-A207-C4871B93FE07	FILE_OBJECT_FILE	EVENT_MMAP	1523030628056120045
172AEDA0-39B4-11E8-BF66-D9AA8AFF4A69	SUBJECT_PROCESS	F29977F6-07A2-935B-A207-C4871B93FE07	FILE_OBJECT_FILE	EVENT_MMAP	1523030628056120045
172AEDA0-39B4-11E8-BF66-D9AA8AFF4A69	SUBJECT_PROCESS	F29977F6-07A2-935B-A207-C4871B93FE07	FILE_OBJECT_FILE	EVENT_MMAP	1523030628056120045
172AEDA0-39B4-11E8-BF66-D9AA8AFF4A69	SUBJECT_PROCESS	F29977F6-07A2-935B-A207-C4871B93FE07	FILE_OBJECT_FILE	EVENT_MMAP	1523030628056120045
172AEDA0-39B4-11E8-BF66-D9AA8AFF4A69	SUBJECT_PROCESS	F29977F6-07A2-935B-A207-C4871B93FE07	FILE_OBJECT_FILE	EVENT_CLOSE	1523030628056120045
172AEDA0-39B4-11E8-BF66-D9AA8AFF4A69	SUBJECT_PROCESS	F410BE96-4C0C-765E-8C4C-6F0E2E760020	FILE_OBJECT_FILE	EVENT_OPEN	1523030628056120045
172AEDA0-39B4-11E8-BF66-D9AA8AFF4A69	SUBJECT_PROCESS	F410BE96-4C0C-765E-8C4C-6F0E2E760020	FILE_OBJECT_FILE	EVENT_MMAP	1523030628056120045
172AEDA0-39B4-11E8-BF66-D9AA8AFF4A69	SUBJECT_PROCESS	F410BE96-4C0C-765E-8C4C-6F0E2E760020	FILE_OBJECT_FILE	EVENT_MMAP	1523030628056120045
172AEDA0-39B4-11E8-BF66-D9AA8AFF4A69	SUBJECT_PROCESS	F410BE96-4C0C-765E-8C4C-6F0E2E760020	FILE_OBJECT_FILE	EVENT_CLOSE	1523030628056120045
172AEDA0-39B4-11E8-BF66-D9AA8AFF4A69	SUBJECT_PROCESS	0E1A657D-11F7-F051-B711-8D3E01F0DC22	FILE_OBJECT_FILE	EVENT_WRITE	1523030628066118416
172AEDA0-39B4-11E8-BF66-D9AA8AFF4A69	SUBJECT_PROCESS	0E1A657D-11F7-F051-B711-8D3E01F0DC22	FILE_OBJECT_FILE	EVENT_WRITE	1523030628066118416
172AEDA0-39B4-11E8-BF66-D9AA8AFF4A69	SUBJECT_PROCESS	0E1A657D-11F7-F051-B711-8D3E01F0DC22	FILE_OBJECT_FILE	EVENT_WRITE	1523030628066118416
172AEDA0-39B4-11E8-BF66-D9AA8AFF4A69	SUBJECT_PROCESS	172AEDA0-39B4-11E8-BF66-D9AA8AFF4A69	SUBJECT_PROCESS	EVENT_EXIT	1523030628066118416
D59C58B7-373D-11E8-BF66-D9AA8AFF4A69	SUBJECT_PROCESS	172F84EE-39B4-11E8-BF66-D9AA8AFF4A69	SUBJECT_PROCESS	EVENT_FORK	1523030628066118416
172F84EE-39B4-11E8-BF66-D9AA8AFF4A69	SUBJECT_PROCESS	CC349957-3DA4-8E5E-A43D-C7740E8ECAA9	FILE_OBJECT_FILE	EVENT_CLOSE	1523030628066118416
172F84EE-39B4-11E8-BF66-D9AA8AFF4A69	SUBJECT_PROCESS	6C836AA2-BB54-3A58-94BB-1E5D583A637E	FILE_OBJECT_FILE	EVENT_EXECUTE	1523030628066118416
172F84EE-39B4-11E8-BF66-D9AA8AFF4A69	SUBJECT_PROCESS	7A350F75-9945-425D-8599-15CEBD426F06	FILE_OBJECT_FILE	EVENT_EXECUTE	1523030628066118416
172F84EE-39B4-11E8-BF66-D9AA8AFF4A69	SUBJECT_PROCESS	51110606-D232-9652-B2D2-3A7242968F8A	FILE_OBJECT_FILE	EVENT_OPEN	1523030628066118416
172F84EE-39B4-11E8-BF66-D9AA8AFF4A69	SUBJECT_PROCESS	51110606-D232-9652-B2D2-3A7242968F8A	FILE_OBJECT_FILE	EVENT_READ	1523030628066118416
172F84EE-39B4-11E8-BF66-D9AA8AFF4A69	SUBJECT_PROCESS	51110606-D232-9652-B2D2-3A7242968F8A	FILE_OBJECT_FILE	EVENT_CLOSE	1523030628066118416
172F84EE-39B4-11E8-BF66-D9AA8AFF4A69	SUBJECT_PROCESS	8A44F292-648B-7854-8B64-00F954785A79	FILE_OBJECT_FILE	EVENT_OPEN	1523030628066118416
172F84EE-39B4-11E8-BF66-D9AA8AFF4A69	SUBJECT_PROCESS	8A44F292-648B-7854-8B64-00F954785A79	FILE_OBJECT_FILE	EVENT_READ	1523030628066118416
172F84EE-39B4-11E8-BF66-D9AA8AFF4A69	SUBJECT_PROCESS	8A44F292-648B-7854-8B64-00F954785A79	FILE_OBJECT_FILE	EVENT_READ	1523030628066118416
172F84EE-39B4-11E8-BF66-D9AA8AFF4A69	SUBJECT_PROCESS	8A44F292-648B-7854-8B64-00F954785A79	FILE_OBJECT_FILE	EVENT_CLOSE	1523030628066118416
172F84EE-39B4-11E8-BF66-D9AA8AFF4A69	SUBJECT_PROCESS	76A739B1-A13E-FD50-BEA1-B218A0FD0400	FILE_OBJECT_FILE	EVENT_OPEN	1523030628066118416
172F84EE-39B4-11E8-BF66-D9AA8AFF4A69	SUBJECT_PROCESS	76A739B1-A13E-FD50-BEA1-B218A0FD0400	FILE_OBJECT_FILE	EVENT_MMAP	1523030628066118416
172F84EE-39B4-11E8-BF66-D9AA8AFF4A69	SUBJECT_PROCESS	76A739B1-A13E-FD50-BEA1-B218A0FD0400	FILE_OBJECT_FILE	EVENT_MMAP	1523030628066118416
172F84EE-39B4-11E8-BF66-D9AA8AFF4A69	SUBJECT_PROCESS	76A739B1-A13E-FD50-BEA1-B218A0FD0400	FILE_OBJECT_FILE	EVENT_MMAP	1523030628066118416
172F84EE-39B4-11E8-BF66-D9AA8AFF4A69	SUBJECT_PROCESS	76A739B1-A13E-FD50-BEA1-B218A0FD0400	FILE_OBJECT_FILE	EVENT_MMAP	1523030628066118416
172F84EE-39B4-11E8-BF66-D9AA8AFF4A69	SUBJECT_PROCESS	76A739B1-A13E-FD50-BEA1-B218A0FD0400	FILE_OBJECT_FILE	EVENT_MMAP	1523030628066118416
172F84EE-39B4-11E8-BF66-D9AA8AFF4A69	SUBJECT_PROCESS	76A739B1-A13E-FD50-BEA1-B218A0FD0400	FILE_OBJECT_FILE	EVENT_MMAP	1523030628066118416
172F84EE-39B4-11E8-BF66-D9AA8AFF4A69	SUBJECT_PROCESS	76A739B1-A13E-FD50-BEA1-B218A0FD0400	FILE_OBJECT_FILE	EVENT_CLOSE	1523030628066118416
172F84EE-39B4-11E8-BF66-D9AA8AFF4A69	SUBJECT_PROCESS	F410BE96-4C0C-765E-8C4C-6F0E2E760020	FILE_OBJECT_FILE	EVENT_OPEN	1523030628066118416
172F84EE-39B4-11E8-BF66-D9AA8AFF4A69	SUBJECT_PROCESS	F410BE96-4C0C-765E-8C4C-6F0E2E760020	FILE_OBJECT_FILE	EVENT_MMAP	1523030628066118416
172F84EE-39B4-11E8-BF66-D9AA8AFF4A69	SUBJECT_PROCESS	F410BE96-4C0C-765E-8C4C-6F0E2E760020	FILE_OBJECT_FILE	EVENT_MMAP	1523030628066118416
172F84EE-39B4-11E8-BF66-D9AA8AFF4A69	SUBJECT_PROCESS	F410BE96-4C0C-765E-8C4C-6F0E2E760020	FILE_OBJECT_FILE	EVENT_CLOSE	1523030628076120776
72FB0406-3678-11E8-BF66-D9AA8AFF4A69	SUBJECT_PROCESS	1707DB36-39B4-11E8-BF66-D9AA8AFF4A69	FILE_OBJECT_UNIX_SOCKET	EVENT_CLOSE	1523030628856112359
72FB0406-3678-11E8-BF66-D9AA8AFF4A69	SUBJECT_PROCESS	1707DBA0-39B4-11E8-BF66-D9AA8AFF4A69	FILE_OBJECT_UNIX_SOCKET	EVENT_CLOSE	1523030628856112359
72FB0406-3678-11E8-BF66-D9AA8AFF4A69	SUBJECT_PROCESS	17A82FE7-39B4-11E8-BF66-D9AA8AFF4A69	FILE_OBJECT_UNIX_SOCKET	EVENT_CREATE_OBJECT	1523030628856112359
72FB0406-3678-11E8-BF66-D9AA8AFF4A69	SUBJECT_PROCESS	17A83082-39B4-11E8-BF66-D9AA8AFF4A69	FILE_OBJECT_UNIX_SOCKET	EVENT_CREATE_OBJECT	1523030628856112359
172F84EE-39B4-11E8-BF66-D9AA8AFF4A69	SUBJECT_PROCESS	172F84EE-39B4-11E8-BF66-D9AA8AFF4A69	SUBJECT_PROCESS	EVENT_EXIT	1523030629086114787
D59C58B7-373D-11E8-BF66-D9AA8AFF4A69	SUBJECT_PROCESS	456F0B72-DFC8-54DD-855F-2D7C51E4BA91	UnnamedPipeObject	EVENT_CREATE_OBJECT	1523030629086114787
D59C58B7-373D-11E8-BF66-D9AA8AFF4A69	SUBJECT_PROCESS	17CB2F2F-39B4-11E8-BF66-D9AA8AFF4A69	SUBJECT_PROCESS	EVENT_FORK	1523030629086114787
17CB2F2F-39B4-11E8-BF66-D9AA8AFF4A69	SUBJECT_PROCESS	CC349957-3DA4-8E5E-A43D-C7740E8ECAA9	FILE_OBJECT_FILE	EVENT_CLOSE	1523030629086114787
D59C58B7-373D-11E8-BF66-D9AA8AFF4A69	SUBJECT_PROCESS	17CB52C0-39B4-11E8-BF66-D9AA8AFF4A69	SUBJECT_PROCESS	EVENT_FORK	1523030629086114787
17CB52C0-39B4-11E8-BF66-D9AA8AFF4A69	SUBJECT_PROCESS	CC349957-3DA4-8E5E-A43D-C7740E8ECAA9	FILE_OBJECT_FILE	EVENT_CLOSE	1523030629086114787
17CB2F2F-39B4-11E8-BF66-D9AA8AFF4A69	SUBJECT_PROCESS	9D6CE3F1-AA37-D656-B7AA-BA6D46D61C69	FILE_OBJECT_FILE	EVENT_EXECUTE	1523030629086114787
17CB2F2F-39B4-11E8-BF66-D9AA8AFF4A69	SUBJECT_PROCESS	7A350F75-9945-425D-8599-15CEBD426F06	FILE_OBJECT_FILE	EVENT_EXECUTE	1523030629086114787
17CB2F2F-39B4-11E8-BF66-D9AA8AFF4A69	SUBJECT_PROCESS	51110606-D232-9652-B2D2-3A7242968F8A	FILE_OBJECT_FILE	EVENT_OPEN	1523030629086114787
17CB2F2F-39B4-11E8-BF66-D9AA8AFF4A69	SUBJECT_PROCESS	51110606-D232-9652-B2D2-3A7242968F8A	FILE_OBJECT_FILE	EVENT_READ	1523030629086114787
17CB52C0-39B4-11E8-BF66-D9AA8AFF4A69	SUBJECT_PROCESS	FADB56EB-6919-8A51-9969-955CD18AFFC9	FILE_OBJECT_FILE	EVENT_OPEN	1523030629086114787
17CB2F2F-39B4-11E8-BF66-D9AA8AFF4A69	SUBJECT_PROCESS	51110606-D232-9652-B2D2-3A7242968F8A	FILE_OBJECT_FILE	EVENT_CLOSE	1523030629086114787
17CB2F2F-39B4-11E8-BF66-D9AA8AFF4A69	SUBJECT_PROCESS	8A44F292-648B-7854-8B64-00F954785A79	FILE_OBJECT_FILE	EVENT_OPEN	1523030629086114787
17CB2F2F-39B4-11E8-BF66-D9AA8AFF4A69	SUBJECT_PROCESS	8A44F292-648B-7854-8B64-00F954785A79	FILE_OBJECT_FILE	EVENT_READ	1523030629086114787
17CB52C0-39B4-11E8-BF66-D9AA8AFF4A69	SUBJECT_PROCESS	FADB56EB-6919-8A51-9969-955CD18AFFC9	FILE_OBJECT_FILE	EVENT_CLOSE	1523030629086114787
17CB2F2F-39B4-11E8-BF66-D9AA8AFF4A69	SUBJECT_PROCESS	8A44F292-648B-7854-8B64-00F954785A79	FILE_OBJECT_FILE	EVENT_READ	1523030629086114787
17CB2F2F-39B4-11E8-BF66-D9AA8AFF4A69	SUBJECT_PROCESS	8A44F292-648B-7854-8B64-00F954785A79	FILE_OBJECT_FILE	EVENT_CLOSE	1523030629086114787
17CB52C0-39B4-11E8-BF66-D9AA8AFF4A69	SUBJECT_PROCESS	91207D42-8B6E-6454-AE8B-D3FF24648D84	FILE_OBJECT_FILE	EVENT_EXECUTE	1523030629086114787
17CB52C0-39B4-11E8-BF66-D9AA8AFF4A69	SUBJECT_PROCESS	7A350F75-9945-425D-8599-15CEBD426F06	FILE_OBJECT_FILE	EVENT_EXECUTE	1523030629086114787
17CB2F2F-39B4-11E8-BF66-D9AA8AFF4A69	SUBJECT_PROCESS	7A1B4973-09E5-AA50-A509-1753C0AA87A1	FILE_OBJECT_FILE	EVENT_OPEN	1523030629086114787
17CB2F2F-39B4-11E8-BF66-D9AA8AFF4A69	SUBJECT_PROCESS	7A1B4973-09E5-AA50-A509-1753C0AA87A1	FILE_OBJECT_FILE	EVENT_MMAP	1523030629086114787
17CB52C0-39B4-11E8-BF66-D9AA8AFF4A69	SUBJECT_PROCESS	51110606-D232-9652-B2D2-3A7242968F8A	FILE_OBJECT_FILE	EVENT_OPEN	1523030629086114787
17CB2F2F-39B4-11E8-BF66-D9AA8AFF4A69	SUBJECT_PROCESS	7A1B4973-09E5-AA50-A509-1753C0AA87A1	FILE_OBJECT_FILE	EVENT_MMAP	1523030629086114787
17CB2F2F-39B4-11E8-BF66-D9AA8AFF4A69	SUBJECT_PROCESS	7A1B4973-09E5-AA50-A509-1753C0AA87A1	FILE_OBJECT_FILE	EVENT_MMAP	1523030629086114787
17CB52C0-39B4-11E8-BF66-D9AA8AFF4A69	SUBJECT_PROCESS	51110606-D232-9652-B2D2-3A7242968F8A	FILE_OBJECT_FILE	EVENT_READ	1523030629086114787
17CB2F2F-39B4-11E8-BF66-D9AA8AFF4A69	SUBJECT_PROCESS	7A1B4973-09E5-AA50-A509-1753C0AA87A1	FILE_OBJECT_FILE	EVENT_MMAP	1523030629086114787
17CB52C0-39B4-11E8-BF66-D9AA8AFF4A69	SUBJECT_PROCESS	51110606-D232-9652-B2D2-3A7242968F8A	FILE_OBJECT_FILE	EVENT_CLOSE	1523030629086114787
17CB2F2F-39B4-11E8-BF66-D9AA8AFF4A69	SUBJECT_PROCESS	7A1B4973-09E5-AA50-A509-1753C0AA87A1	FILE_OBJECT_FILE	EVENT_MMAP	1523030629086114787
17CB2F2F-39B4-11E8-BF66-D9AA8AFF4A69	SUBJECT_PROCESS	7A1B4973-09E5-AA50-A509-1753C0AA87A1	FILE_OBJECT_FILE	EVENT_MMAP	1523030629086114787
17CB52C0-39B4-11E8-BF66-D9AA8AFF4A69	SUBJECT_PROCESS	8A44F292-648B-7854-8B64-00F954785A79	FILE_OBJECT_FILE	EVENT_OPEN	1523030629086114787
17CB2F2F-39B4-11E8-BF66-D9AA8AFF4A69	SUBJECT_PROCESS	7A1B4973-09E5-AA50-A509-1753C0AA87A1	FILE_OBJECT_FILE	EVENT_CLOSE	1523030629086114787
17CB52C0-39B4-11E8-BF66-D9AA8AFF4A69	SUBJECT_PROCESS	8A44F292-648B-7854-8B64-00F954785A79	FILE_OBJECT_FILE	EVENT_READ	1523030629096117098
17CB2F2F-39B4-11E8-BF66-D9AA8AFF4A69	SUBJECT_PROCESS	D57B2A07-B373-B75A-B3B3-93790AB76535	FILE_OBJECT_FILE	EVENT_OPEN	1523030629096117098
17CB2F2F-39B4-11E8-BF66-D9AA8AFF4A69	SUBJECT_PROCESS	D57B2A07-B373-B75A-B3B3-93790AB76535	FILE_OBJECT_FILE	EVENT_MMAP	1523030629096117098
17CB52C0-39B4-11E8-BF66-D9AA8AFF4A69	SUBJECT_PROCESS	8A44F292-648B-7854-8B64-00F954785A79	FILE_OBJECT_FILE	EVENT_READ	1523030629096117098
17CB2F2F-39B4-11E8-BF66-D9AA8AFF4A69	SUBJECT_PROCESS	D57B2A07-B373-B75A-B3B3-93790AB76535	FILE_OBJECT_FILE	EVENT_MMAP	1523030629096117098
17CB52C0-39B4-11E8-BF66-D9AA8AFF4A69	SUBJECT_PROCESS	8A44F292-648B-7854-8B64-00F954785A79	FILE_OBJECT_FILE	EVENT_CLOSE	1523030629096117098
17CB2F2F-39B4-11E8-BF66-D9AA8AFF4A69	SUBJECT_PROCESS	D57B2A07-B373-B75A-B3B3-93790AB76535	FILE_OBJECT_FILE	EVENT_MMAP	1523030629096117098
17CB2F2F-39B4-11E8-BF66-D9AA8AFF4A69	SUBJECT_PROCESS	D57B2A07-B373-B75A-B3B3-93790AB76535	FILE_OBJECT_FILE	EVENT_MMAP	1523030629096117098
17CB52C0-39B4-11E8-BF66-D9AA8AFF4A69	SUBJECT_PROCESS	76A739B1-A13E-FD50-BEA1-B218A0FD0400	FILE_OBJECT_FILE	EVENT_OPEN	1523030629096117098
17CB2F2F-39B4-11E8-BF66-D9AA8AFF4A69	SUBJECT_PROCESS	D57B2A07-B373-B75A-B3B3-93790AB76535	FILE_OBJECT_FILE	EVENT_MMAP	1523030629096117098
17CB2F2F-39B4-11E8-BF66-D9AA8AFF4A69	SUBJECT_PROCESS	D57B2A07-B373-B75A-B3B3-93790AB76535	FILE_OBJECT_FILE	EVENT_MMAP	1523030629096117098
17CB52C0-39B4-11E8-BF66-D9AA8AFF4A69	SUBJECT_PROCESS	76A739B1-A13E-FD50-BEA1-B218A0FD0400	FILE_OBJECT_FILE	EVENT_MMAP	1523030629096117098
17CB2F2F-39B4-11E8-BF66-D9AA8AFF4A69	SUBJECT_PROCESS	D57B2A07-B373-B75A-B3B3-93790AB76535	FILE_OBJECT_FILE	EVENT_CLOSE	1523030629096117098
17CB52C0-39B4-11E8-BF66-D9AA8AFF4A69	SUBJECT_PROCESS	76A739B1-A13E-FD50-BEA1-B218A0FD0400	FILE_OBJECT_FILE	EVENT_MMAP	1523030629096117098
17CB2F2F-39B4-11E8-BF66-D9AA8AFF4A69	SUBJECT_PROCESS	718F288D-A702-1B5D-82A7-80807D1BB326	FILE_OBJECT_FILE	EVENT_OPEN	1523030629096117098
17CB2F2F-39B4-11E8-BF66-D9AA8AFF4A69	SUBJECT_PROCESS	718F288D-A702-1B5D-82A7-80807D1BB326	FILE_OBJECT_FILE	EVENT_MMAP	1523030629096117098
17CB52C0-39B4-11E8-BF66-D9AA8AFF4A69	SUBJECT_PROCESS	76A739B1-A13E-FD50-BEA1-B218A0FD0400	FILE_OBJECT_FILE	EVENT_MMAP	1523030629096117098
17CB2F2F-39B4-11E8-BF66-D9AA8AFF4A69	SUBJECT_PROCESS	718F288D-A702-1B5D-82A7-80807D1BB326	FILE_OBJECT_FILE	EVENT_MMAP	1523030629096117098
17CB52C0-39B4-11E8-BF66-D9AA8AFF4A69	SUBJECT_PROCESS	76A739B1-A13E-FD50-BEA1-B218A0FD0400	FILE_OBJECT_FILE	EVENT_MMAP	1523030629096117098
17CB2F2F-39B4-11E8-BF66-D9AA8AFF4A69	SUBJECT_PROCESS	718F288D-A702-1B5D-82A7-80807D1BB326	FILE_OBJECT_FILE	EVENT_MMAP	1523030629096117098
17CB2F2F-39B4-11E8-BF66-D9AA8AFF4A69	SUBJECT_PROCESS	718F288D-A702-1B5D-82A7-80807D1BB326	FILE_OBJECT_FILE	EVENT_MMAP	1523030629096117098
17CB52C0-39B4-11E8-BF66-D9AA8AFF4A69	SUBJECT_PROCESS	76A739B1-A13E-FD50-BEA1-B218A0FD0400	FILE_OBJECT_FILE	EVENT_MMAP	1523030629096117098
17CB2F2F-39B4-11E8-BF66-D9AA8AFF4A69	SUBJECT_PROCESS	718F288D-A702-1B5D-82A7-80807D1BB326	FILE_OBJECT_FILE	EVENT_MMAP	1523030629096117098
17CB52C0-39B4-11E8-BF66-D9AA8AFF4A69	SUBJECT_PROCESS	76A739B1-A13E-FD50-BEA1-B218A0FD0400	FILE_OBJECT_FILE	EVENT_MMAP	1523030629096117098
17CB2F2F-39B4-11E8-BF66-D9AA8AFF4A69	SUBJECT_PROCESS	718F288D-A702-1B5D-82A7-80807D1BB326	FILE_OBJECT_FILE	EVENT_MMAP	1523030629096117098
17CB2F2F-39B4-11E8-BF66-D9AA8AFF4A69	SUBJECT_PROCESS	718F288D-A702-1B5D-82A7-80807D1BB326	FILE_OBJECT_FILE	EVENT_CLOSE	1523030629096117098
17CB52C0-39B4-11E8-BF66-D9AA8AFF4A69	SUBJECT_PROCESS	76A739B1-A13E-FD50-BEA1-B218A0FD0400	FILE_OBJECT_FILE	EVENT_CLOSE	1523030629096117098
17CB2F2F-39B4-11E8-BF66-D9AA8AFF4A69	SUBJECT_PROCESS	D3F11983-FFD7-8A58-97FF-D38E388A1453	FILE_OBJECT_FILE	EVENT_OPEN	1523030629096117098
17CB2F2F-39B4-11E8-BF66-D9AA8AFF4A69	SUBJECT_PROCESS	D3F11983-FFD7-8A58-97FF-D38E388A1453	FILE_OBJECT_FILE	EVENT_MMAP	1523030629096117098
17CB2F2F-39B4-11E8-BF66-D9AA8AFF4A69	SUBJECT_PROCESS	D3F11983-FFD7-8A58-97FF-D38E388A1453	FILE_OBJECT_FILE	EVENT_MMAP	1523030629096117098
17CB52C0-39B4-11E8-BF66-D9AA8AFF4A69	SUBJECT_PROCESS	F410BE96-4C0C-765E-8C4C-6F0E2E760020	FILE_OBJECT_FILE	EVENT_OPEN	1523030629096117098
17CB2F2F-39B4-11E8-BF66-D9AA8AFF4A69	SUBJECT_PROCESS	D3F11983-FFD7-8A58-97FF-D38E388A1453	FILE_OBJECT_FILE	EVENT_MMAP	1523030629096117098
17CB2F2F-39B4-11E8-BF66-D9AA8AFF4A69	SUBJECT_PROCESS	D3F11983-FFD7-8A58-97FF-D38E388A1453	FILE_OBJECT_FILE	EVENT_MMAP	1523030629096117098
17CB52C0-39B4-11E8-BF66-D9AA8AFF4A69	SUBJECT_PROCESS	F410BE96-4C0C-765E-8C4C-6F0E2E760020	FILE_OBJECT_FILE	EVENT_MMAP	1523030629096117098
17CB2F2F-39B4-11E8-BF66-D9AA8AFF4A69	SUBJECT_PROCESS	D3F11983-FFD7-8A58-97FF-D38E388A1453	FILE_OBJECT_FILE	EVENT_MMAP	1523030629096117098
17CB52C0-39B4-11E8-BF66-D9AA8AFF4A69	SUBJECT_PROCESS	F410BE96-4C0C-765E-8C4C-6F0E2E760020	FILE_OBJECT_FILE	EVENT_MMAP	1523030629096117098
17CB2F2F-39B4-11E8-BF66-D9AA8AFF4A69	SUBJECT_PROCESS	D3F11983-FFD7-8A58-97FF-D38E388A1453	FILE_OBJECT_FILE	EVENT_MMAP	1523030629096117098
17CB2F2F-39B4-11E8-BF66-D9AA8AFF4A69	SUBJECT_PROCESS	D3F11983-FFD7-8A58-97FF-D38E388A1453	FILE_OBJECT_FILE	EVENT_CLOSE	1523030629096117098
17CB52C0-39B4-11E8-BF66-D9AA8AFF4A69	SUBJECT_PROCESS	F410BE96-4C0C-765E-8C4C-6F0E2E760020	FILE_OBJECT_FILE	EVENT_CLOSE	1523030629096117098
17CB2F2F-39B4-11E8-BF66-D9AA8AFF4A69	SUBJECT_PROCESS	76A739B1-A13E-FD50-BEA1-B218A0FD0400	FILE_OBJECT_FILE	EVENT_OPEN	1523030629096117098
17CB2F2F-39B4-11E8-BF66-D9AA8AFF4A69	SUBJECT_PROCESS	76A739B1-A13E-FD50-BEA1-B218A0FD0400	FILE_OBJECT_FILE	EVENT_MMAP	1523030629096117098
17CB2F2F-39B4-11E8-BF66-D9AA8AFF4A69	SUBJECT_PROCESS	76A739B1-A13E-FD50-BEA1-B218A0FD0400	FILE_OBJECT_FILE	EVENT_MMAP	1523030629096117098
17CB2F2F-39B4-11E8-BF66-D9AA8AFF4A69	SUBJECT_PROCESS	76A739B1-A13E-FD50-BEA1-B218A0FD0400	FILE_OBJECT_FILE	EVENT_MMAP	1523030629096117098
17CB2F2F-39B4-11E8-BF66-D9AA8AFF4A69	SUBJECT_PROCESS	76A739B1-A13E-FD50-BEA1-B218A0FD0400	FILE_OBJECT_FILE	EVENT_MMAP	1523030629096117098
17CB2F2F-39B4-11E8-BF66-D9AA8AFF4A69	SUBJECT_PROCESS	76A739B1-A13E-FD50-BEA1-B218A0FD0400	FILE_OBJECT_FILE	EVENT_MMAP	1523030629096117098
17CB2F2F-39B4-11E8-BF66-D9AA8AFF4A69	SUBJECT_PROCESS	76A739B1-A13E-FD50-BEA1-B218A0FD0400	FILE_OBJECT_FILE	EVENT_MMAP	1523030629096117098
17CB2F2F-39B4-11E8-BF66-D9AA8AFF4A69	SUBJECT_PROCESS	76A739B1-A13E-FD50-BEA1-B218A0FD0400	FILE_OBJECT_FILE	EVENT_CLOSE	1523030629106119249
17CB2F2F-39B4-11E8-BF66-D9AA8AFF4A69	SUBJECT_PROCESS	F29977F6-07A2-935B-A207-C4871B93FE07	FILE_OBJECT_FILE	EVENT_OPEN	1523030629106119249
17CB2F2F-39B4-11E8-BF66-D9AA8AFF4A69	SUBJECT_PROCESS	F29977F6-07A2-935B-A207-C4871B93FE07	FILE_OBJECT_FILE	EVENT_MMAP	1523030629106119249
17CB2F2F-39B4-11E8-BF66-D9AA8AFF4A69	SUBJECT_PROCESS	F29977F6-07A2-935B-A207-C4871B93FE07	FILE_OBJECT_FILE	EVENT_MMAP	1523030629106119249
17CB2F2F-39B4-11E8-BF66-D9AA8AFF4A69	SUBJECT_PROCESS	F29977F6-07A2-935B-A207-C4871B93FE07	FILE_OBJECT_FILE	EVENT_MMAP	1523030629106119249
17CB2F2F-39B4-11E8-BF66-D9AA8AFF4A69	SUBJECT_PROCESS	F29977F6-07A2-935B-A207-C4871B93FE07	FILE_OBJECT_FILE	EVENT_MMAP	1523030629106119249
17CB2F2F-39B4-11E8-BF66-D9AA8AFF4A69	SUBJECT_PROCESS	F29977F6-07A2-935B-A207-C4871B93FE07	FILE_OBJECT_FILE	EVENT_MMAP	1523030629106119249
17CB2F2F-39B4-11E8-BF66-D9AA8AFF4A69	SUBJECT_PROCESS	F29977F6-07A2-935B-A207-C4871B93FE07	FILE_OBJECT_FILE	EVENT_MMAP	1523030629106119249
17CB2F2F-39B4-11E8-BF66-D9AA8AFF4A69	SUBJECT_PROCESS	F29977F6-07A2-935B-A207-C4871B93FE07	FILE_OBJECT_FILE	EVENT_CLOSE	1523030629106119249
17CB2F2F-39B4-11E8-BF66-D9AA8AFF4A69	SUBJECT_PROCESS	F410BE96-4C0C-765E-8C4C-6F0E2E760020	FILE_OBJECT_FILE	EVENT_OPEN	1523030629106119249
17CB2F2F-39B4-11E8-BF66-D9AA8AFF4A69	SUBJECT_PROCESS	F410BE96-4C0C-765E-8C4C-6F0E2E760020	FILE_OBJECT_FILE	EVENT_MMAP	1523030629106119249
17CB2F2F-39B4-11E8-BF66-D9AA8AFF4A69	SUBJECT_PROCESS	F410BE96-4C0C-765E-8C4C-6F0E2E760020	FILE_OBJECT_FILE	EVENT_MMAP	1523030629106119249
17CB2F2F-39B4-11E8-BF66-D9AA8AFF4A69	SUBJECT_PROCESS	F410BE96-4C0C-765E-8C4C-6F0E2E760020	FILE_OBJECT_FILE	EVENT_CLOSE	1523030629106119249
17CB2F2F-39B4-11E8-BF66-D9AA8AFF4A69	SUBJECT_PROCESS	BCDBE64D-1703-005A-8317-44DD6A00589D	FILE_OBJECT_FILE	EVENT_OPEN	1523030629106119249
17CB2F2F-39B4-11E8-BF66-D9AA8AFF4A69	SUBJECT_PROCESS	BCDBE64D-1703-005A-8317-44DD6A00589D	FILE_OBJECT_FILE	EVENT_READ	1523030629106119249
17CB2F2F-39B4-11E8-BF66-D9AA8AFF4A69	SUBJECT_PROCESS	BCDBE64D-1703-005A-8317-44DD6A00589D	FILE_OBJECT_FILE	EVENT_READ	1523030629106119249
17CB2F2F-39B4-11E8-BF66-D9AA8AFF4A69	SUBJECT_PROCESS	BCDBE64D-1703-005A-8317-44DD6A00589D	FILE_OBJECT_FILE	EVENT_CLOSE	1523030629106119249
17CB2F2F-39B4-11E8-BF66-D9AA8AFF4A69	SUBJECT_PROCESS	C53609B6-A912-B65B-92A9-B89E0BB6C2E1	FILE_OBJECT_FILE	EVENT_OPEN	1523030629106119249
17CB2F2F-39B4-11E8-BF66-D9AA8AFF4A69	SUBJECT_PROCESS	C53609B6-A912-B65B-92A9-B89E0BB6C2E1	FILE_OBJECT_FILE	EVENT_READ	1523030629106119249
17CB2F2F-39B4-11E8-BF66-D9AA8AFF4A69	SUBJECT_PROCESS	C53609B6-A912-B65B-92A9-B89E0BB6C2E1	FILE_OBJECT_FILE	EVENT_READ	1523030629106119249
17CB2F2F-39B4-11E8-BF66-D9AA8AFF4A69	SUBJECT_PROCESS	C53609B6-A912-B65B-92A9-B89E0BB6C2E1	FILE_OBJECT_FILE	EVENT_READ	1523030629106119249
17CB2F2F-39B4-11E8-BF66-D9AA8AFF4A69	SUBJECT_PROCESS	C53609B6-A912-B65B-92A9-B89E0BB6C2E1	FILE_OBJECT_FILE	EVENT_READ	1523030629106119249
17CB2F2F-39B4-11E8-BF66-D9AA8AFF4A69	SUBJECT_PROCESS	C53609B6-A912-B65B-92A9-B89E0BB6C2E1	FILE_OBJECT_FILE	EVENT_READ	1523030629116117679
17CB2F2F-39B4-11E8-BF66-D9AA8AFF4A69	SUBJECT_PROCESS	C53609B6-A912-B65B-92A9-B89E0BB6C2E1	FILE_OBJECT_FILE	EVENT_READ	1523030629116117679
17CB2F2F-39B4-11E8-BF66-D9AA8AFF4A69	SUBJECT_PROCESS	C53609B6-A912-B65B-92A9-B89E0BB6C2E1	FILE_OBJECT_FILE	EVENT_READ	1523030629116117679
17CB2F2F-39B4-11E8-BF66-D9AA8AFF4A69	SUBJECT_PROCESS	C53609B6-A912-B65B-92A9-B89E0BB6C2E1	FILE_OBJECT_FILE	EVENT_READ	1523030629116117679
17CB2F2F-39B4-11E8-BF66-D9AA8AFF4A69	SUBJECT_PROCESS	C53609B6-A912-B65B-92A9-B89E0BB6C2E1	FILE_OBJECT_FILE	EVENT_READ	1523030629116117679
17CB2F2F-39B4-11E8-BF66-D9AA8AFF4A69	SUBJECT_PROCESS	1633500B-D34B-8058-8BD3-ABB7D880915E	FILE_OBJECT_FILE	EVENT_OPEN	1523030629116117679
17CB2F2F-39B4-11E8-BF66-D9AA8AFF4A69	SUBJECT_PROCESS	1633500B-D34B-8058-8BD3-ABB7D880915E	FILE_OBJECT_FILE	EVENT_OPEN	1523030629116117679
17CB2F2F-39B4-11E8-BF66-D9AA8AFF4A69	SUBJECT_PROCESS	D5D2F4F4-4EC5-6456-854E-5E2A46640650	FILE_OBJECT_FILE	EVENT_OPEN	1523030629116117679
17CB2F2F-39B4-11E8-BF66-D9AA8AFF4A69	SUBJECT_PROCESS	D5D2F4F4-4EC5-6456-854E-5E2A46640650	FILE_OBJECT_FILE	EVENT_READ	1523030629116117679
17CB2F2F-39B4-11E8-BF66-D9AA8AFF4A69	SUBJECT_PROCESS	D5D2F4F4-4EC5-6456-854E-5E2A46640650	FILE_OBJECT_FILE	EVENT_READ	1523030629116117679
17CB2F2F-39B4-11E8-BF66-D9AA8AFF4A69	SUBJECT_PROCESS	D5D2F4F4-4EC5-6456-854E-5E2A46640650	FILE_OBJECT_FILE	EVENT_READ	1523030629116117679
17CB2F2F-39B4-11E8-BF66-D9AA8AFF4A69	SUBJECT_PROCESS	D5D2F4F4-4EC5-6456-854E-5E2A46640650	FILE_OBJECT_FILE	EVENT_CLOSE	1523030629116117679
17CB2F2F-39B4-11E8-BF66-D9AA8AFF4A69	SUBJECT_PROCESS	AE441C70-DEC0-BD5F-80DE-3DE4DFBDF253	FILE_OBJECT_FILE	EVENT_OPEN	1523030629116117679
17CB2F2F-39B4-11E8-BF66-D9AA8AFF4A69	SUBJECT_PROCESS	AE441C70-DEC0-BD5F-80DE-3DE4DFBDF253	FILE_OBJECT_FILE	EVENT_READ	1523030629116117679
17CB2F2F-39B4-11E8-BF66-D9AA8AFF4A69	SUBJECT_PROCESS	AE441C70-DEC0-BD5F-80DE-3DE4DFBDF253	FILE_OBJECT_FILE	EVENT_CLOSE	1523030629116117679
17CB2F2F-39B4-11E8-BF66-D9AA8AFF4A69	SUBJECT_PROCESS	104A8C35-2200-3156-8022-4129E631EA52	FILE_OBJECT_FILE	EVENT_OPEN	1523030629116117679
17CB2F2F-39B4-11E8-BF66-D9AA8AFF4A69	SUBJECT_PROCESS	104A8C35-2200-3156-8022-4129E631EA52	FILE_OBJECT_FILE	EVENT_READ	1523030629116117679
17CB2F2F-39B4-11E8-BF66-D9AA8AFF4A69	SUBJECT_PROCESS	104A8C35-2200-3156-8022-4129E631EA52	FILE_OBJECT_FILE	EVENT_CLOSE	1523030629116117679
17CB2F2F-39B4-11E8-BF66-D9AA8AFF4A69	SUBJECT_PROCESS	C53609B6-A912-B65B-92A9-B89E0BB6C2E1	FILE_OBJECT_FILE	EVENT_CLOSE	1523030629116117679
17CB2F2F-39B4-11E8-BF66-D9AA8AFF4A69	SUBJECT_PROCESS	C53609B6-A912-B65B-92A9-B89E0BB6C2E1	FILE_OBJECT_FILE	EVENT_OPEN	1523030629116117679
17CB2F2F-39B4-11E8-BF66-D9AA8AFF4A69	SUBJECT_PROCESS	C53609B6-A912-B65B-92A9-B89E0BB6C2E1	FILE_OBJECT_FILE	EVENT_READ	1523030629116117679
17CB2F2F-39B4-11E8-BF66-D9AA8AFF4A69	SUBJECT_PROCESS	C53609B6-A912-B65B-92A9-B89E0BB6C2E1	FILE_OBJECT_FILE	EVENT_READ	1523030629116117679
17CB2F2F-39B4-11E8-BF66-D9AA8AFF4A69	SUBJECT_PROCESS	C53609B6-A912-B65B-92A9-B89E0BB6C2E1	FILE_OBJECT_FILE	EVENT_READ	1523030629116117679
17CB2F2F-39B4-11E8-BF66-D9AA8AFF4A69	SUBJECT_PROCESS	C53609B6-A912-B65B-92A9-B89E0BB6C2E1	FILE_OBJECT_FILE	EVENT_READ	1523030629116117679
17CB2F2F-39B4-11E8-BF66-D9AA8AFF4A69	SUBJECT_PROCESS	C53609B6-A912-B65B-92A9-B89E0BB6C2E1	FILE_OBJECT_FILE	EVENT_READ	1523030629116117679
17CB2F2F-39B4-11E8-BF66-D9AA8AFF4A69	SUBJECT_PROCESS	C53609B6-A912-B65B-92A9-B89E0BB6C2E1	FILE_OBJECT_FILE	EVENT_READ	1523030629126122160
17CB2F2F-39B4-11E8-BF66-D9AA8AFF4A69	SUBJECT_PROCESS	C53609B6-A912-B65B-92A9-B89E0BB6C2E1	FILE_OBJECT_FILE	EVENT_READ	1523030629126122160
17CB2F2F-39B4-11E8-BF66-D9AA8AFF4A69	SUBJECT_PROCESS	C53609B6-A912-B65B-92A9-B89E0BB6C2E1	FILE_OBJECT_FILE	EVENT_READ	1523030629126122160
17CB2F2F-39B4-11E8-BF66-D9AA8AFF4A69	SUBJECT_PROCESS	C53609B6-A912-B65B-92A9-B89E0BB6C2E1	FILE_OBJECT_FILE	EVENT_READ	1523030629126122160
17CB2F2F-39B4-11E8-BF66-D9AA8AFF4A69	SUBJECT_PROCESS	C53609B6-A912-B65B-92A9-B89E0BB6C2E1	FILE_OBJECT_FILE	EVENT_CLOSE	1523030629126122160
17CB2F2F-39B4-11E8-BF66-D9AA8AFF4A69	SUBJECT_PROCESS	C53609B6-A912-B65B-92A9-B89E0BB6C2E1	FILE_OBJECT_FILE	EVENT_OPEN	1523030629126122160
17CB2F2F-39B4-11E8-BF66-D9AA8AFF4A69	SUBJECT_PROCESS	C53609B6-A912-B65B-92A9-B89E0BB6C2E1	FILE_OBJECT_FILE	EVENT_READ	1523030629126122160
17CB2F2F-39B4-11E8-BF66-D9AA8AFF4A69	SUBJECT_PROCESS	C53609B6-A912-B65B-92A9-B89E0BB6C2E1	FILE_OBJECT_FILE	EVENT_READ	1523030629126122160
17CB2F2F-39B4-11E8-BF66-D9AA8AFF4A69	SUBJECT_PROCESS	C53609B6-A912-B65B-92A9-B89E0BB6C2E1	FILE_OBJECT_FILE	EVENT_READ	1523030629126122160
17CB2F2F-39B4-11E8-BF66-D9AA8AFF4A69	SUBJECT_PROCESS	C53609B6-A912-B65B-92A9-B89E0BB6C2E1	FILE_OBJECT_FILE	EVENT_READ	1523030629126122160
17CB2F2F-39B4-11E8-BF66-D9AA8AFF4A69	SUBJECT_PROCESS	C53609B6-A912-B65B-92A9-B89E0BB6C2E1	FILE_OBJECT_FILE	EVENT_READ	1523030629126122160
17CB2F2F-39B4-11E8-BF66-D9AA8AFF4A69	SUBJECT_PROCESS	C53609B6-A912-B65B-92A9-B89E0BB6C2E1	FILE_OBJECT_FILE	EVENT_READ	1523030629126122160
17CB2F2F-39B4-11E8-BF66-D9AA8AFF4A69	SUBJECT_PROCESS	C53609B6-A912-B65B-92A9-B89E0BB6C2E1	FILE_OBJECT_FILE	EVENT_READ	1523030629126122160
17CB2F2F-39B4-11E8-BF66-D9AA8AFF4A69	SUBJECT_PROCESS	C53609B6-A912-B65B-92A9-B89E0BB6C2E1	FILE_OBJECT_FILE	EVENT_READ	1523030629126122160
17CB2F2F-39B4-11E8-BF66-D9AA8AFF4A69	SUBJECT_PROCESS	C53609B6-A912-B65B-92A9-B89E0BB6C2E1	FILE_OBJECT_FILE	EVENT_READ	1523030629126122160
17CB2F2F-39B4-11E8-BF66-D9AA8AFF4A69	SUBJECT_PROCESS	C53609B6-A912-B65B-92A9-B89E0BB6C2E1	FILE_OBJECT_FILE	EVENT_CLOSE	1523030629126122160
17CB2F2F-39B4-11E8-BF66-D9AA8AFF4A69	SUBJECT_PROCESS	C53609B6-A912-B65B-92A9-B89E0BB6C2E1	FILE_OBJECT_FILE	EVENT_OPEN	1523030629126122160
17CB2F2F-39B4-11E8-BF66-D9AA8AFF4A69	SUBJECT_PROCESS	C53609B6-A912-B65B-92A9-B89E0BB6C2E1	FILE_OBJECT_FILE	EVENT_READ	1523030629126122160
17CB2F2F-39B4-11E8-BF66-D9AA8AFF4A69	SUBJECT_PROCESS	C53609B6-A912-B65B-92A9-B89E0BB6C2E1	FILE_OBJECT_FILE	EVENT_READ	1523030629126122160
17CB2F2F-39B4-11E8-BF66-D9AA8AFF4A69	SUBJECT_PROCESS	C53609B6-A912-B65B-92A9-B89E0BB6C2E1	FILE_OBJECT_FILE	EVENT_READ	1523030629126122160
17CB2F2F-39B4-11E8-BF66-D9AA8AFF4A69	SUBJECT_PROCESS	C53609B6-A912-B65B-92A9-B89E0BB6C2E1	FILE_OBJECT_FILE	EVENT_READ	1523030629126122160
17CB2F2F-39B4-11E8-BF66-D9AA8AFF4A69	SUBJECT_PROCESS	C53609B6-A912-B65B-92A9-B89E0BB6C2E1	FILE_OBJECT_FILE	EVENT_READ	1523030629126122160
17CB2F2F-39B4-11E8-BF66-D9AA8AFF4A69	SUBJECT_PROCESS	C53609B6-A912-B65B-92A9-B89E0BB6C2E1	FILE_OBJECT_FILE	EVENT_READ	1523030629126122160
17CB2F2F-39B4-11E8-BF66-D9AA8AFF4A69	SUBJECT_PROCESS	C53609B6-A912-B65B-92A9-B89E0BB6C2E1	FILE_OBJECT_FILE	EVENT_READ	1523030629126122160
17CB2F2F-39B4-11E8-BF66-D9AA8AFF4A69	SUBJECT_PROCESS	C53609B6-A912-B65B-92A9-B89E0BB6C2E1	FILE_OBJECT_FILE	EVENT_READ	1523030629126122160
17CB2F2F-39B4-11E8-BF66-D9AA8AFF4A69	SUBJECT_PROCESS	C53609B6-A912-B65B-92A9-B89E0BB6C2E1	FILE_OBJECT_FILE	EVENT_READ	1523030629126122160
17CB2F2F-39B4-11E8-BF66-D9AA8AFF4A69	SUBJECT_PROCESS	C53609B6-A912-B65B-92A9-B89E0BB6C2E1	FILE_OBJECT_FILE	EVENT_CLOSE	1523030629126122160
17CB2F2F-39B4-11E8-BF66-D9AA8AFF4A69	SUBJECT_PROCESS	C53609B6-A912-B65B-92A9-B89E0BB6C2E1	FILE_OBJECT_FILE	EVENT_OPEN	1523030629126122160
17CB2F2F-39B4-11E8-BF66-D9AA8AFF4A69	SUBJECT_PROCESS	C53609B6-A912-B65B-92A9-B89E0BB6C2E1	FILE_OBJECT_FILE	EVENT_READ	1523030629126122160
17CB2F2F-39B4-11E8-BF66-D9AA8AFF4A69	SUBJECT_PROCESS	C53609B6-A912-B65B-92A9-B89E0BB6C2E1	FILE_OBJECT_FILE	EVENT_READ	1523030629136119671
17CB2F2F-39B4-11E8-BF66-D9AA8AFF4A69	SUBJECT_PROCESS	C53609B6-A912-B65B-92A9-B89E0BB6C2E1	FILE_OBJECT_FILE	EVENT_READ	1523030629136119671
17CB2F2F-39B4-11E8-BF66-D9AA8AFF4A69	SUBJECT_PROCESS	C53609B6-A912-B65B-92A9-B89E0BB6C2E1	FILE_OBJECT_FILE	EVENT_READ	1523030629136119671
17CB2F2F-39B4-11E8-BF66-D9AA8AFF4A69	SUBJECT_PROCESS	C53609B6-A912-B65B-92A9-B89E0BB6C2E1	FILE_OBJECT_FILE	EVENT_READ	1523030629136119671
17CB2F2F-39B4-11E8-BF66-D9AA8AFF4A69	SUBJECT_PROCESS	C53609B6-A912-B65B-92A9-B89E0BB6C2E1	FILE_OBJECT_FILE	EVENT_READ	1523030629136119671
17CB2F2F-39B4-11E8-BF66-D9AA8AFF4A69	SUBJECT_PROCESS	C53609B6-A912-B65B-92A9-B89E0BB6C2E1	FILE_OBJECT_FILE	EVENT_READ	1523030629136119671
17CB2F2F-39B4-11E8-BF66-D9AA8AFF4A69	SUBJECT_PROCESS	C53609B6-A912-B65B-92A9-B89E0BB6C2E1	FILE_OBJECT_FILE	EVENT_READ	1523030629136119671
17CB2F2F-39B4-11E8-BF66-D9AA8AFF4A69	SUBJECT_PROCESS	C53609B6-A912-B65B-92A9-B89E0BB6C2E1	FILE_OBJECT_FILE	EVENT_READ	1523030629136119671
17CB2F2F-39B4-11E8-BF66-D9AA8AFF4A69	SUBJECT_PROCESS	C53609B6-A912-B65B-92A9-B89E0BB6C2E1	FILE_OBJECT_FILE	EVENT_CLOSE	1523030629136119671
17CB2F2F-39B4-11E8-BF66-D9AA8AFF4A69	SUBJECT_PROCESS	C53609B6-A912-B65B-92A9-B89E0BB6C2E1	FILE_OBJECT_FILE	EVENT_OPEN	1523030629136119671
17CB2F2F-39B4-11E8-BF66-D9AA8AFF4A69	SUBJECT_PROCESS	C53609B6-A912-B65B-92A9-B89E0BB6C2E1	FILE_OBJECT_FILE	EVENT_READ	1523030629136119671
17CB2F2F-39B4-11E8-BF66-D9AA8AFF4A69	SUBJECT_PROCESS	C53609B6-A912-B65B-92A9-B89E0BB6C2E1	FILE_OBJECT_FILE	EVENT_READ	1523030629136119671
17CB2F2F-39B4-11E8-BF66-D9AA8AFF4A69	SUBJECT_PROCESS	C53609B6-A912-B65B-92A9-B89E0BB6C2E1	FILE_OBJECT_FILE	EVENT_READ	1523030629136119671
17CB2F2F-39B4-11E8-BF66-D9AA8AFF4A69	SUBJECT_PROCESS	C53609B6-A912-B65B-92A9-B89E0BB6C2E1	FILE_OBJECT_FILE	EVENT_READ	1523030629136119671
17CB2F2F-39B4-11E8-BF66-D9AA8AFF4A69	SUBJECT_PROCESS	C53609B6-A912-B65B-92A9-B89E0BB6C2E1	FILE_OBJECT_FILE	EVENT_READ	1523030629136119671
17CB2F2F-39B4-11E8-BF66-D9AA8AFF4A69	SUBJECT_PROCESS	C53609B6-A912-B65B-92A9-B89E0BB6C2E1	FILE_OBJECT_FILE	EVENT_READ	1523030629136119671
17CB2F2F-39B4-11E8-BF66-D9AA8AFF4A69	SUBJECT_PROCESS	C53609B6-A912-B65B-92A9-B89E0BB6C2E1	FILE_OBJECT_FILE	EVENT_READ	1523030629136119671
17CB2F2F-39B4-11E8-BF66-D9AA8AFF4A69	SUBJECT_PROCESS	C53609B6-A912-B65B-92A9-B89E0BB6C2E1	FILE_OBJECT_FILE	EVENT_READ	1523030629136119671
17CB2F2F-39B4-11E8-BF66-D9AA8AFF4A69	SUBJECT_PROCESS	C53609B6-A912-B65B-92A9-B89E0BB6C2E1	FILE_OBJECT_FILE	EVENT_READ	1523030629136119671
17CB2F2F-39B4-11E8-BF66-D9AA8AFF4A69	SUBJECT_PROCESS	C53609B6-A912-B65B-92A9-B89E0BB6C2E1	FILE_OBJECT_FILE	EVENT_CLOSE	1523030629136119671
17CB2F2F-39B4-11E8-BF66-D9AA8AFF4A69	SUBJECT_PROCESS	C53609B6-A912-B65B-92A9-B89E0BB6C2E1	FILE_OBJECT_FILE	EVENT_OPEN	1523030629136119671
17CB2F2F-39B4-11E8-BF66-D9AA8AFF4A69	SUBJECT_PROCESS	C53609B6-A912-B65B-92A9-B89E0BB6C2E1	FILE_OBJECT_FILE	EVENT_READ	1523030629136119671
17CB2F2F-39B4-11E8-BF66-D9AA8AFF4A69	SUBJECT_PROCESS	C53609B6-A912-B65B-92A9-B89E0BB6C2E1	FILE_OBJECT_FILE	EVENT_READ	1523030629136119671
17CB2F2F-39B4-11E8-BF66-D9AA8AFF4A69	SUBJECT_PROCESS	C53609B6-A912-B65B-92A9-B89E0BB6C2E1	FILE_OBJECT_FILE	EVENT_READ	1523030629136119671
17CB2F2F-39B4-11E8-BF66-D9AA8AFF4A69	SUBJECT_PROCESS	C53609B6-A912-B65B-92A9-B89E0BB6C2E1	FILE_OBJECT_FILE	EVENT_READ	1523030629136119671
17CB2F2F-39B4-11E8-BF66-D9AA8AFF4A69	SUBJECT_PROCESS	C53609B6-A912-B65B-92A9-B89E0BB6C2E1	FILE_OBJECT_FILE	EVENT_READ	1523030629136119671
17CB2F2F-39B4-11E8-BF66-D9AA8AFF4A69	SUBJECT_PROCESS	C53609B6-A912-B65B-92A9-B89E0BB6C2E1	FILE_OBJECT_FILE	EVENT_READ	1523030629136119671
17CB2F2F-39B4-11E8-BF66-D9AA8AFF4A69	SUBJECT_PROCESS	C53609B6-A912-B65B-92A9-B89E0BB6C2E1	FILE_OBJECT_FILE	EVENT_READ	1523030629136119671
17CB2F2F-39B4-11E8-BF66-D9AA8AFF4A69	SUBJECT_PROCESS	C53609B6-A912-B65B-92A9-B89E0BB6C2E1	FILE_OBJECT_FILE	EVENT_READ	1523030629136119671
17CB2F2F-39B4-11E8-BF66-D9AA8AFF4A69	SUBJECT_PROCESS	C53609B6-A912-B65B-92A9-B89E0BB6C2E1	FILE_OBJECT_FILE	EVENT_READ	1523030629136119671
17CB2F2F-39B4-11E8-BF66-D9AA8AFF4A69	SUBJECT_PROCESS	C53609B6-A912-B65B-92A9-B89E0BB6C2E1	FILE_OBJECT_FILE	EVENT_CLOSE	1523030629136119671
17CB2F2F-39B4-11E8-BF66-D9AA8AFF4A69	SUBJECT_PROCESS	456F0B72-DFC8-54DD-855F-2D7C51E4BA91	UnnamedPipeObject	EVENT_WRITE	1523030629146117472
17CB52C0-39B4-11E8-BF66-D9AA8AFF4A69	SUBJECT_PROCESS	456F0B72-DFC8-54DD-855F-2D7C51E4BA91	UnnamedPipeObject	EVENT_READ	1523030629146117472
17CB2F2F-39B4-11E8-BF66-D9AA8AFF4A69	SUBJECT_PROCESS	17CB2F2F-39B4-11E8-BF66-D9AA8AFF4A69	SUBJECT_PROCESS	EVENT_EXIT	1523030629146117472
17CB52C0-39B4-11E8-BF66-D9AA8AFF4A69	SUBJECT_PROCESS	FADB56EB-6919-8A51-9969-955CD18AFFC9	FILE_OBJECT_FILE	EVENT_WRITE	1523030629146117472
17CB52C0-39B4-11E8-BF66-D9AA8AFF4A69	SUBJECT_PROCESS	17CB52C0-39B4-11E8-BF66-D9AA8AFF4A69	SUBJECT_PROCESS	EVENT_EXIT	1523030629146117472
D59C58B7-373D-11E8-BF66-D9AA8AFF4A69	SUBJECT_PROCESS	17D453C4-39B4-11E8-BF66-D9AA8AFF4A69	SUBJECT_PROCESS	EVENT_FORK	1523030629146117472
17D453C4-39B4-11E8-BF66-D9AA8AFF4A69	SUBJECT_PROCESS	CC349957-3DA4-8E5E-A43D-C7740E8ECAA9	FILE_OBJECT_FILE	EVENT_CLOSE	1523030629146117472
17D453C4-39B4-11E8-BF66-D9AA8AFF4A69	SUBJECT_PROCESS	6C836AA2-BB54-3A58-94BB-1E5D583A637E	FILE_OBJECT_FILE	EVENT_EXECUTE	1523030629146117472
17D453C4-39B4-11E8-BF66-D9AA8AFF4A69	SUBJECT_PROCESS	7A350F75-9945-425D-8599-15CEBD426F06	FILE_OBJECT_FILE	EVENT_EXECUTE	1523030629146117472
17D453C4-39B4-11E8-BF66-D9AA8AFF4A69	SUBJECT_PROCESS	51110606-D232-9652-B2D2-3A7242968F8A	FILE_OBJECT_FILE	EVENT_OPEN	1523030629146117472
17D453C4-39B4-11E8-BF66-D9AA8AFF4A69	SUBJECT_PROCESS	51110606-D232-9652-B2D2-3A7242968F8A	FILE_OBJECT_FILE	EVENT_READ	1523030629146117472
17D453C4-39B4-11E8-BF66-D9AA8AFF4A69	SUBJECT_PROCESS	51110606-D232-9652-B2D2-3A7242968F8A	FILE_OBJECT_FILE	EVENT_CLOSE	1523030629146117472
17D453C4-39B4-11E8-BF66-D9AA8AFF4A69	SUBJECT_PROCESS	8A44F292-648B-7854-8B64-00F954785A79	FILE_OBJECT_FILE	EVENT_OPEN	1523030629146117472
17D453C4-39B4-11E8-BF66-D9AA8AFF4A69	SUBJECT_PROCESS	8A44F292-648B-7854-8B64-00F954785A79	FILE_OBJECT_FILE	EVENT_READ	1523030629146117472
17D453C4-39B4-11E8-BF66-D9AA8AFF4A69	SUBJECT_PROCESS	8A44F292-648B-7854-8B64-00F954785A79	FILE_OBJECT_FILE	EVENT_READ	1523030629146117472
17D453C4-39B4-11E8-BF66-D9AA8AFF4A69	SUBJECT_PROCESS	8A44F292-648B-7854-8B64-00F954785A79	FILE_OBJECT_FILE	EVENT_CLOSE	1523030629146117472
17D453C4-39B4-11E8-BF66-D9AA8AFF4A69	SUBJECT_PROCESS	76A739B1-A13E-FD50-BEA1-B218A0FD0400	FILE_OBJECT_FILE	EVENT_OPEN	1523030629146117472
17D453C4-39B4-11E8-BF66-D9AA8AFF4A69	SUBJECT_PROCESS	76A739B1-A13E-FD50-BEA1-B218A0FD0400	FILE_OBJECT_FILE	EVENT_MMAP	1523030629146117472
17D453C4-39B4-11E8-BF66-D9AA8AFF4A69	SUBJECT_PROCESS	76A739B1-A13E-FD50-BEA1-B218A0FD0400	FILE_OBJECT_FILE	EVENT_MMAP	1523030629146117472
17D453C4-39B4-11E8-BF66-D9AA8AFF4A69	SUBJECT_PROCESS	76A739B1-A13E-FD50-BEA1-B218A0FD0400	FILE_OBJECT_FILE	EVENT_MMAP	1523030629146117472
17D453C4-39B4-11E8-BF66-D9AA8AFF4A69	SUBJECT_PROCESS	76A739B1-A13E-FD50-BEA1-B218A0FD0400	FILE_OBJECT_FILE	EVENT_MMAP	1523030629146117472
17D453C4-39B4-11E8-BF66-D9AA8AFF4A69	SUBJECT_PROCESS	76A739B1-A13E-FD50-BEA1-B218A0FD0400	FILE_OBJECT_FILE	EVENT_MMAP	1523030629146117472
17D453C4-39B4-11E8-BF66-D9AA8AFF4A69	SUBJECT_PROCESS	76A739B1-A13E-FD50-BEA1-B218A0FD0400	FILE_OBJECT_FILE	EVENT_MMAP	1523030629146117472
17D453C4-39B4-11E8-BF66-D9AA8AFF4A69	SUBJECT_PROCESS	76A739B1-A13E-FD50-BEA1-B218A0FD0400	FILE_OBJECT_FILE	EVENT_CLOSE	1523030629146117472
17D453C4-39B4-11E8-BF66-D9AA8AFF4A69	SUBJECT_PROCESS	F410BE96-4C0C-765E-8C4C-6F0E2E760020	FILE_OBJECT_FILE	EVENT_OPEN	1523030629146117472
17D453C4-39B4-11E8-BF66-D9AA8AFF4A69	SUBJECT_PROCESS	F410BE96-4C0C-765E-8C4C-6F0E2E760020	FILE_OBJECT_FILE	EVENT_MMAP	1523030629146117472
17D453C4-39B4-11E8-BF66-D9AA8AFF4A69	SUBJECT_PROCESS	F410BE96-4C0C-765E-8C4C-6F0E2E760020	FILE_OBJECT_FILE	EVENT_MMAP	1523030629146117472
17D453C4-39B4-11E8-BF66-D9AA8AFF4A69	SUBJECT_PROCESS	F410BE96-4C0C-765E-8C4C-6F0E2E760020	FILE_OBJECT_FILE	EVENT_CLOSE	1523030629156115683
72FB0406-3678-11E8-BF66-D9AA8AFF4A69	SUBJECT_PROCESS	17A82FE7-39B4-11E8-BF66-D9AA8AFF4A69	FILE_OBJECT_UNIX_SOCKET	EVENT_CLOSE	1523030629806112664
72FB0406-3678-11E8-BF66-D9AA8AFF4A69	SUBJECT_PROCESS	17A83082-39B4-11E8-BF66-D9AA8AFF4A69	FILE_OBJECT_UNIX_SOCKET	EVENT_CLOSE	1523030629806112664
72FB0406-3678-11E8-BF66-D9AA8AFF4A69	SUBJECT_PROCESS	183908B9-39B4-11E8-BF66-D9AA8AFF4A69	FILE_OBJECT_UNIX_SOCKET	EVENT_CREATE_OBJECT	1523030629806112664
72FB0406-3678-11E8-BF66-D9AA8AFF4A69	SUBJECT_PROCESS	18390924-39B4-11E8-BF66-D9AA8AFF4A69	FILE_OBJECT_UNIX_SOCKET	EVENT_CREATE_OBJECT	1523030629806112664
17D453C4-39B4-11E8-BF66-D9AA8AFF4A69	SUBJECT_PROCESS	17D453C4-39B4-11E8-BF66-D9AA8AFF4A69	SUBJECT_PROCESS	EVENT_EXIT	1523030630176115104
D59C58B7-373D-11E8-BF66-D9AA8AFF4A69	SUBJECT_PROCESS	18715216-39B4-11E8-BF66-D9AA8AFF4A69	SUBJECT_PROCESS	EVENT_FORK	1523030630176115104
18715216-39B4-11E8-BF66-D9AA8AFF4A69	SUBJECT_PROCESS	CC349957-3DA4-8E5E-A43D-C7740E8ECAA9	FILE_OBJECT_FILE	EVENT_CLOSE	1523030630176115104
18715216-39B4-11E8-BF66-D9AA8AFF4A69	SUBJECT_PROCESS	0A5174D8-80FB-4258-BB80-C79A98427D6A	FILE_OBJECT_FILE	EVENT_EXECUTE	1523030630176115104
18715216-39B4-11E8-BF66-D9AA8AFF4A69	SUBJECT_PROCESS	7A350F75-9945-425D-8599-15CEBD426F06	FILE_OBJECT_FILE	EVENT_EXECUTE	1523030630176115104
18715216-39B4-11E8-BF66-D9AA8AFF4A69	SUBJECT_PROCESS	51110606-D232-9652-B2D2-3A7242968F8A	FILE_OBJECT_FILE	EVENT_OPEN	1523030630176115104
18715216-39B4-11E8-BF66-D9AA8AFF4A69	SUBJECT_PROCESS	51110606-D232-9652-B2D2-3A7242968F8A	FILE_OBJECT_FILE	EVENT_READ	1523030630176115104
18715216-39B4-11E8-BF66-D9AA8AFF4A69	SUBJECT_PROCESS	51110606-D232-9652-B2D2-3A7242968F8A	FILE_OBJECT_FILE	EVENT_CLOSE	1523030630176115104
18715216-39B4-11E8-BF66-D9AA8AFF4A69	SUBJECT_PROCESS	8A44F292-648B-7854-8B64-00F954785A79	FILE_OBJECT_FILE	EVENT_OPEN	1523030630176115104
18715216-39B4-11E8-BF66-D9AA8AFF4A69	SUBJECT_PROCESS	8A44F292-648B-7854-8B64-00F954785A79	FILE_OBJECT_FILE	EVENT_READ	1523030630176115104
18715216-39B4-11E8-BF66-D9AA8AFF4A69	SUBJECT_PROCESS	8A44F292-648B-7854-8B64-00F954785A79	FILE_OBJECT_FILE	EVENT_READ	1523030630176115104
18715216-39B4-11E8-BF66-D9AA8AFF4A69	SUBJECT_PROCESS	8A44F292-648B-7854-8B64-00F954785A79	FILE_OBJECT_FILE	EVENT_CLOSE	1523030630176115104
18715216-39B4-11E8-BF66-D9AA8AFF4A69	SUBJECT_PROCESS	76A739B1-A13E-FD50-BEA1-B218A0FD0400	FILE_OBJECT_FILE	EVENT_OPEN	1523030630176115104
18715216-39B4-11E8-BF66-D9AA8AFF4A69	SUBJECT_PROCESS	76A739B1-A13E-FD50-BEA1-B218A0FD0400	FILE_OBJECT_FILE	EVENT_MMAP	1523030630176115104
18715216-39B4-11E8-BF66-D9AA8AFF4A69	SUBJECT_PROCESS	76A739B1-A13E-FD50-BEA1-B218A0FD0400	FILE_OBJECT_FILE	EVENT_MMAP	1523030630176115104
18715216-39B4-11E8-BF66-D9AA8AFF4A69	SUBJECT_PROCESS	76A739B1-A13E-FD50-BEA1-B218A0FD0400	FILE_OBJECT_FILE	EVENT_MMAP	1523030630176115104
18715216-39B4-11E8-BF66-D9AA8AFF4A69	SUBJECT_PROCESS	76A739B1-A13E-FD50-BEA1-B218A0FD0400	FILE_OBJECT_FILE	EVENT_MMAP	1523030630176115104
18715216-39B4-11E8-BF66-D9AA8AFF4A69	SUBJECT_PROCESS	76A739B1-A13E-FD50-BEA1-B218A0FD0400	FILE_OBJECT_FILE	EVENT_MMAP	1523030630176115104
18715216-39B4-11E8-BF66-D9AA8AFF4A69	SUBJECT_PROCESS	76A739B1-A13E-FD50-BEA1-B218A0FD0400	FILE_OBJECT_FILE	EVENT_MMAP	1523030630176115104
18715216-39B4-11E8-BF66-D9AA8AFF4A69	SUBJECT_PROCESS	76A739B1-A13E-FD50-BEA1-B218A0FD0400	FILE_OBJECT_FILE	EVENT_CLOSE	1523030630186115455
18715216-39B4-11E8-BF66-D9AA8AFF4A69	SUBJECT_PROCESS	F410BE96-4C0C-765E-8C4C-6F0E2E760020	FILE_OBJECT_FILE	EVENT_OPEN	1523030630186115455
18715216-39B4-11E8-BF66-D9AA8AFF4A69	SUBJECT_PROCESS	F410BE96-4C0C-765E-8C4C-6F0E2E760020	FILE_OBJECT_FILE	EVENT_MMAP	1523030630186115455
18715216-39B4-11E8-BF66-D9AA8AFF4A69	SUBJECT_PROCESS	F410BE96-4C0C-765E-8C4C-6F0E2E760020	FILE_OBJECT_FILE	EVENT_MMAP	1523030630186115455
18715216-39B4-11E8-BF66-D9AA8AFF4A69	SUBJECT_PROCESS	F410BE96-4C0C-765E-8C4C-6F0E2E760020	FILE_OBJECT_FILE	EVENT_CLOSE	1523030630186115455
18715216-39B4-11E8-BF66-D9AA8AFF4A69	SUBJECT_PROCESS	AE441C70-DEC0-BD5F-80DE-3DE4DFBDF253	FILE_OBJECT_FILE	EVENT_OPEN	1523030630186115455
18715216-39B4-11E8-BF66-D9AA8AFF4A69	SUBJECT_PROCESS	AE441C70-DEC0-BD5F-80DE-3DE4DFBDF253	FILE_OBJECT_FILE	EVENT_READ	1523030630186115455
18715216-39B4-11E8-BF66-D9AA8AFF4A69	SUBJECT_PROCESS	AE441C70-DEC0-BD5F-80DE-3DE4DFBDF253	FILE_OBJECT_FILE	EVENT_CLOSE	1523030630186115455
18715216-39B4-11E8-BF66-D9AA8AFF4A69	SUBJECT_PROCESS	104A8C35-2200-3156-8022-4129E631EA52	FILE_OBJECT_FILE	EVENT_OPEN	1523030630186115455
18715216-39B4-11E8-BF66-D9AA8AFF4A69	SUBJECT_PROCESS	104A8C35-2200-3156-8022-4129E631EA52	FILE_OBJECT_FILE	EVENT_READ	1523030630186115455
18715216-39B4-11E8-BF66-D9AA8AFF4A69	SUBJECT_PROCESS	104A8C35-2200-3156-8022-4129E631EA52	FILE_OBJECT_FILE	EVENT_CLOSE	1523030630186115455
18715216-39B4-11E8-BF66-D9AA8AFF4A69	SUBJECT_PROCESS	DB1A5421-4509-D15D-8945-9F45CDD1A77E	FILE_OBJECT_FILE	EVENT_WRITE	1523030630186115455
18715216-39B4-11E8-BF66-D9AA8AFF4A69	SUBJECT_PROCESS	18715216-39B4-11E8-BF66-D9AA8AFF4A69	SUBJECT_PROCESS	EVENT_EXIT	1523030630186115455
D59C58B7-373D-11E8-BF66-D9AA8AFF4A69	SUBJECT_PROCESS	1873D009-39B4-11E8-BF66-D9AA8AFF4A69	SUBJECT_PROCESS	EVENT_FORK	1523030630186115455
1873D009-39B4-11E8-BF66-D9AA8AFF4A69	SUBJECT_PROCESS	CC349957-3DA4-8E5E-A43D-C7740E8ECAA9	FILE_OBJECT_FILE	EVENT_CLOSE	1523030630186115455
1873D009-39B4-11E8-BF66-D9AA8AFF4A69	SUBJECT_PROCESS	76899EA5-9D25-4352-A59D-8CB74243F4C0	FILE_OBJECT_FILE	EVENT_EXECUTE	1523030630186115455
1873D009-39B4-11E8-BF66-D9AA8AFF4A69	SUBJECT_PROCESS	7A350F75-9945-425D-8599-15CEBD426F06	FILE_OBJECT_FILE	EVENT_EXECUTE	1523030630186115455
1873D009-39B4-11E8-BF66-D9AA8AFF4A69	SUBJECT_PROCESS	51110606-D232-9652-B2D2-3A7242968F8A	FILE_OBJECT_FILE	EVENT_OPEN	1523030630186115455
1873D009-39B4-11E8-BF66-D9AA8AFF4A69	SUBJECT_PROCESS	51110606-D232-9652-B2D2-3A7242968F8A	FILE_OBJECT_FILE	EVENT_READ	1523030630186115455
1873D009-39B4-11E8-BF66-D9AA8AFF4A69	SUBJECT_PROCESS	51110606-D232-9652-B2D2-3A7242968F8A	FILE_OBJECT_FILE	EVENT_CLOSE	1523030630186115455
1873D009-39B4-11E8-BF66-D9AA8AFF4A69	SUBJECT_PROCESS	8A44F292-648B-7854-8B64-00F954785A79	FILE_OBJECT_FILE	EVENT_OPEN	1523030630196113335
1873D009-39B4-11E8-BF66-D9AA8AFF4A69	SUBJECT_PROCESS	8A44F292-648B-7854-8B64-00F954785A79	FILE_OBJECT_FILE	EVENT_READ	1523030630196113335
1873D009-39B4-11E8-BF66-D9AA8AFF4A69	SUBJECT_PROCESS	8A44F292-648B-7854-8B64-00F954785A79	FILE_OBJECT_FILE	EVENT_READ	1523030630196113335
1873D009-39B4-11E8-BF66-D9AA8AFF4A69	SUBJECT_PROCESS	8A44F292-648B-7854-8B64-00F954785A79	FILE_OBJECT_FILE	EVENT_CLOSE	1523030630196113335
1873D009-39B4-11E8-BF66-D9AA8AFF4A69	SUBJECT_PROCESS	718F288D-A702-1B5D-82A7-80807D1BB326	FILE_OBJECT_FILE	EVENT_OPEN	1523030630196113335
1873D009-39B4-11E8-BF66-D9AA8AFF4A69	SUBJECT_PROCESS	718F288D-A702-1B5D-82A7-80807D1BB326	FILE_OBJECT_FILE	EVENT_MMAP	1523030630196113335
1873D009-39B4-11E8-BF66-D9AA8AFF4A69	SUBJECT_PROCESS	718F288D-A702-1B5D-82A7-80807D1BB326	FILE_OBJECT_FILE	EVENT_MMAP	1523030630196113335
1873D009-39B4-11E8-BF66-D9AA8AFF4A69	SUBJECT_PROCESS	718F288D-A702-1B5D-82A7-80807D1BB326	FILE_OBJECT_FILE	EVENT_MMAP	1523030630196113335
1873D009-39B4-11E8-BF66-D9AA8AFF4A69	SUBJECT_PROCESS	718F288D-A702-1B5D-82A7-80807D1BB326	FILE_OBJECT_FILE	EVENT_MMAP	1523030630196113335
1873D009-39B4-11E8-BF66-D9AA8AFF4A69	SUBJECT_PROCESS	718F288D-A702-1B5D-82A7-80807D1BB326	FILE_OBJECT_FILE	EVENT_MMAP	1523030630196113335
1873D009-39B4-11E8-BF66-D9AA8AFF4A69	SUBJECT_PROCESS	718F288D-A702-1B5D-82A7-80807D1BB326	FILE_OBJECT_FILE	EVENT_MMAP	1523030630196113335
1873D009-39B4-11E8-BF66-D9AA8AFF4A69	SUBJECT_PROCESS	718F288D-A702-1B5D-82A7-80807D1BB326	FILE_OBJECT_FILE	EVENT_CLOSE	1523030630196113335
1873D009-39B4-11E8-BF66-D9AA8AFF4A69	SUBJECT_PROCESS	76A739B1-A13E-FD50-BEA1-B218A0FD0400	FILE_OBJECT_FILE	EVENT_OPEN	1523030630196113335
1873D009-39B4-11E8-BF66-D9AA8AFF4A69	SUBJECT_PROCESS	76A739B1-A13E-FD50-BEA1-B218A0FD0400	FILE_OBJECT_FILE	EVENT_MMAP	1523030630196113335
1873D009-39B4-11E8-BF66-D9AA8AFF4A69	SUBJECT_PROCESS	76A739B1-A13E-FD50-BEA1-B218A0FD0400	FILE_OBJECT_FILE	EVENT_MMAP	1523030630196113335
1873D009-39B4-11E8-BF66-D9AA8AFF4A69	SUBJECT_PROCESS	76A739B1-A13E-FD50-BEA1-B218A0FD0400	FILE_OBJECT_FILE	EVENT_MMAP	1523030630196113335
1873D009-39B4-11E8-BF66-D9AA8AFF4A69	SUBJECT_PROCESS	76A739B1-A13E-FD50-BEA1-B218A0FD0400	FILE_OBJECT_FILE	EVENT_MMAP	1523030630196113335
1873D009-39B4-11E8-BF66-D9AA8AFF4A69	SUBJECT_PROCESS	76A739B1-A13E-FD50-BEA1-B218A0FD0400	FILE_OBJECT_FILE	EVENT_MMAP	1523030630196113335
1873D009-39B4-11E8-BF66-D9AA8AFF4A69	SUBJECT_PROCESS	76A739B1-A13E-FD50-BEA1-B218A0FD0400	FILE_OBJECT_FILE	EVENT_MMAP	1523030630196113335
1873D009-39B4-11E8-BF66-D9AA8AFF4A69	SUBJECT_PROCESS	76A739B1-A13E-FD50-BEA1-B218A0FD0400	FILE_OBJECT_FILE	EVENT_CLOSE	1523030630196113335
1873D009-39B4-11E8-BF66-D9AA8AFF4A69	SUBJECT_PROCESS	F29977F6-07A2-935B-A207-C4871B93FE07	FILE_OBJECT_FILE	EVENT_OPEN	1523030630196113335
1873D009-39B4-11E8-BF66-D9AA8AFF4A69	SUBJECT_PROCESS	F29977F6-07A2-935B-A207-C4871B93FE07	FILE_OBJECT_FILE	EVENT_MMAP	1523030630196113335
1873D009-39B4-11E8-BF66-D9AA8AFF4A69	SUBJECT_PROCESS	F29977F6-07A2-935B-A207-C4871B93FE07	FILE_OBJECT_FILE	EVENT_MMAP	1523030630196113335
1873D009-39B4-11E8-BF66-D9AA8AFF4A69	SUBJECT_PROCESS	F29977F6-07A2-935B-A207-C4871B93FE07	FILE_OBJECT_FILE	EVENT_MMAP	1523030630196113335
1873D009-39B4-11E8-BF66-D9AA8AFF4A69	SUBJECT_PROCESS	F29977F6-07A2-935B-A207-C4871B93FE07	FILE_OBJECT_FILE	EVENT_MMAP	1523030630196113335
1873D009-39B4-11E8-BF66-D9AA8AFF4A69	SUBJECT_PROCESS	F29977F6-07A2-935B-A207-C4871B93FE07	FILE_OBJECT_FILE	EVENT_MMAP	1523030630196113335
1873D009-39B4-11E8-BF66-D9AA8AFF4A69	SUBJECT_PROCESS	F29977F6-07A2-935B-A207-C4871B93FE07	FILE_OBJECT_FILE	EVENT_MMAP	1523030630196113335
1873D009-39B4-11E8-BF66-D9AA8AFF4A69	SUBJECT_PROCESS	F29977F6-07A2-935B-A207-C4871B93FE07	FILE_OBJECT_FILE	EVENT_CLOSE	1523030630196113335
1873D009-39B4-11E8-BF66-D9AA8AFF4A69	SUBJECT_PROCESS	F410BE96-4C0C-765E-8C4C-6F0E2E760020	FILE_OBJECT_FILE	EVENT_OPEN	1523030630196113335
1873D009-39B4-11E8-BF66-D9AA8AFF4A69	SUBJECT_PROCESS	F410BE96-4C0C-765E-8C4C-6F0E2E760020	FILE_OBJECT_FILE	EVENT_MMAP	1523030630206116586
1873D009-39B4-11E8-BF66-D9AA8AFF4A69	SUBJECT_PROCESS	F410BE96-4C0C-765E-8C4C-6F0E2E760020	FILE_OBJECT_FILE	EVENT_MMAP	1523030630206116586
1873D009-39B4-11E8-BF66-D9AA8AFF4A69	SUBJECT_PROCESS	F410BE96-4C0C-765E-8C4C-6F0E2E760020	FILE_OBJECT_FILE	EVENT_CLOSE	1523030630206116586
1873D009-39B4-11E8-BF66-D9AA8AFF4A69	SUBJECT_PROCESS	1633500B-D34B-8058-8BD3-ABB7D880915E	FILE_OBJECT_FILE	EVENT_OPEN	1523030630206116586
1873D009-39B4-11E8-BF66-D9AA8AFF4A69	SUBJECT_PROCESS	1633500B-D34B-8058-8BD3-ABB7D880915E	FILE_OBJECT_FILE	EVENT_CLOSE	1523030630206116586
1873D009-39B4-11E8-BF66-D9AA8AFF4A69	SUBJECT_PROCESS	1873D009-39B4-11E8-BF66-D9AA8AFF4A69	SUBJECT_PROCESS	EVENT_MODIFY_PROCESS	1523030630206116586
1873D009-39B4-11E8-BF66-D9AA8AFF4A69	SUBJECT_PROCESS	EDC9C006-38C1-1659-8138-925D3916B899	FILE_OBJECT_FILE	EVENT_OPEN	1523030630206116586
1873D009-39B4-11E8-BF66-D9AA8AFF4A69	SUBJECT_PROCESS	0C51AAE3-0594-4A51-9405-4FC4214A0041	FILE_OBJECT_FILE	EVENT_OPEN	1523030630206116586
1873D009-39B4-11E8-BF66-D9AA8AFF4A69	SUBJECT_PROCESS	0C51AAE3-0594-4A51-9405-4FC4214A0041	FILE_OBJECT_FILE	EVENT_READ	1523030630206116586
1873D009-39B4-11E8-BF66-D9AA8AFF4A69	SUBJECT_PROCESS	0C51AAE3-0594-4A51-9405-4FC4214A0041	FILE_OBJECT_FILE	EVENT_READ	1523030630206116586
1873D009-39B4-11E8-BF66-D9AA8AFF4A69	SUBJECT_PROCESS	0C51AAE3-0594-4A51-9405-4FC4214A0041	FILE_OBJECT_FILE	EVENT_READ	1523030630206116586
1873D009-39B4-11E8-BF66-D9AA8AFF4A69	SUBJECT_PROCESS	0C51AAE3-0594-4A51-9405-4FC4214A0041	FILE_OBJECT_FILE	EVENT_LSEEK	1523030630206116586
1873D009-39B4-11E8-BF66-D9AA8AFF4A69	SUBJECT_PROCESS	0C51AAE3-0594-4A51-9405-4FC4214A0041	FILE_OBJECT_FILE	EVENT_READ	1523030630206116586
1873D009-39B4-11E8-BF66-D9AA8AFF4A69	SUBJECT_PROCESS	0C51AAE3-0594-4A51-9405-4FC4214A0041	FILE_OBJECT_FILE	EVENT_READ	1523030630206116586
1873D009-39B4-11E8-BF66-D9AA8AFF4A69	SUBJECT_PROCESS	0C51AAE3-0594-4A51-9405-4FC4214A0041	FILE_OBJECT_FILE	EVENT_LSEEK	1523030630206116586
1873D009-39B4-11E8-BF66-D9AA8AFF4A69	SUBJECT_PROCESS	0C51AAE3-0594-4A51-9405-4FC4214A0041	FILE_OBJECT_FILE	EVENT_READ	1523030630206116586
1873D009-39B4-11E8-BF66-D9AA8AFF4A69	SUBJECT_PROCESS	0C51AAE3-0594-4A51-9405-4FC4214A0041	FILE_OBJECT_FILE	EVENT_READ	1523030630206116586
1873D009-39B4-11E8-BF66-D9AA8AFF4A69	SUBJECT_PROCESS	0C51AAE3-0594-4A51-9405-4FC4214A0041	FILE_OBJECT_FILE	EVENT_READ	1523030630206116586
1873D009-39B4-11E8-BF66-D9AA8AFF4A69	SUBJECT_PROCESS	1873D009-39B4-11E8-BF66-D9AA8AFF4A69	SUBJECT_PROCESS	EVENT_CHANGE_PRINCIPAL	1523030630206116586
1873D009-39B4-11E8-BF66-D9AA8AFF4A69	SUBJECT_PROCESS	BCDBE64D-1703-005A-8317-44DD6A00589D	FILE_OBJECT_FILE	EVENT_OPEN	1523030630206116586
1873D009-39B4-11E8-BF66-D9AA8AFF4A69	SUBJECT_PROCESS	BCDBE64D-1703-005A-8317-44DD6A00589D	FILE_OBJECT_FILE	EVENT_READ	1523030630206116586
1873D009-39B4-11E8-BF66-D9AA8AFF4A69	SUBJECT_PROCESS	BCDBE64D-1703-005A-8317-44DD6A00589D	FILE_OBJECT_FILE	EVENT_READ	1523030630206116586
1873D009-39B4-11E8-BF66-D9AA8AFF4A69	SUBJECT_PROCESS	BCDBE64D-1703-005A-8317-44DD6A00589D	FILE_OBJECT_FILE	EVENT_CLOSE	1523030630206116586
1873D009-39B4-11E8-BF66-D9AA8AFF4A69	SUBJECT_PROCESS	C53609B6-A912-B65B-92A9-B89E0BB6C2E1	FILE_OBJECT_FILE	EVENT_OPEN	1523030630216116577
1873D009-39B4-11E8-BF66-D9AA8AFF4A69	SUBJECT_PROCESS	C53609B6-A912-B65B-92A9-B89E0BB6C2E1	FILE_OBJECT_FILE	EVENT_READ	1523030630216116577
1873D009-39B4-11E8-BF66-D9AA8AFF4A69	SUBJECT_PROCESS	C53609B6-A912-B65B-92A9-B89E0BB6C2E1	FILE_OBJECT_FILE	EVENT_READ	1523030630216116577
1873D009-39B4-11E8-BF66-D9AA8AFF4A69	SUBJECT_PROCESS	C53609B6-A912-B65B-92A9-B89E0BB6C2E1	FILE_OBJECT_FILE	EVENT_READ	1523030630216116577
1873D009-39B4-11E8-BF66-D9AA8AFF4A69	SUBJECT_PROCESS	C53609B6-A912-B65B-92A9-B89E0BB6C2E1	FILE_OBJECT_FILE	EVENT_READ	1523030630216116577
1873D009-39B4-11E8-BF66-D9AA8AFF4A69	SUBJECT_PROCESS	C53609B6-A912-B65B-92A9-B89E0BB6C2E1	FILE_OBJECT_FILE	EVENT_READ	1523030630216116577
1873D009-39B4-11E8-BF66-D9AA8AFF4A69	SUBJECT_PROCESS	C53609B6-A912-B65B-92A9-B89E0BB6C2E1	FILE_OBJECT_FILE	EVENT_READ	1523030630216116577
1873D009-39B4-11E8-BF66-D9AA8AFF4A69	SUBJECT_PROCESS	C53609B6-A912-B65B-92A9-B89E0BB6C2E1	FILE_OBJECT_FILE	EVENT_READ	1523030630216116577
1873D009-39B4-11E8-BF66-D9AA8AFF4A69	SUBJECT_PROCESS	C53609B6-A912-B65B-92A9-B89E0BB6C2E1	FILE_OBJECT_FILE	EVENT_READ	1523030630216116577
1873D009-39B4-11E8-BF66-D9AA8AFF4A69	SUBJECT_PROCESS	C53609B6-A912-B65B-92A9-B89E0BB6C2E1	FILE_OBJECT_FILE	EVENT_READ	1523030630216116577
1873D009-39B4-11E8-BF66-D9AA8AFF4A69	SUBJECT_PROCESS	C53609B6-A912-B65B-92A9-B89E0BB6C2E1	FILE_OBJECT_FILE	EVENT_CLOSE	1523030630216116577
1873D009-39B4-11E8-BF66-D9AA8AFF4A69	SUBJECT_PROCESS	D496A680-EF0C-5554-8CEF-97252455C14A	FILE_OBJECT_FILE	EVENT_OPEN	1523030630216116577
1873D009-39B4-11E8-BF66-D9AA8AFF4A69	SUBJECT_PROCESS	D496A680-EF0C-5554-8CEF-97252455C14A	FILE_OBJECT_FILE	EVENT_READ	1523030630216116577
1873D009-39B4-11E8-BF66-D9AA8AFF4A69	SUBJECT_PROCESS	D496A680-EF0C-5554-8CEF-97252455C14A	FILE_OBJECT_FILE	EVENT_READ	1523030630216116577
1873D009-39B4-11E8-BF66-D9AA8AFF4A69	SUBJECT_PROCESS	D496A680-EF0C-5554-8CEF-97252455C14A	FILE_OBJECT_FILE	EVENT_CLOSE	1523030630216116577
1873D009-39B4-11E8-BF66-D9AA8AFF4A69	SUBJECT_PROCESS	0C51AAE3-0594-4A51-9405-4FC4214A0041	FILE_OBJECT_FILE	EVENT_READ	1523030630216116577
1873D009-39B4-11E8-BF66-D9AA8AFF4A69	SUBJECT_PROCESS	0C51AAE3-0594-4A51-9405-4FC4214A0041	FILE_OBJECT_FILE	EVENT_READ	1523030630216116577
1873D009-39B4-11E8-BF66-D9AA8AFF4A69	SUBJECT_PROCESS	0C51AAE3-0594-4A51-9405-4FC4214A0041	FILE_OBJECT_FILE	EVENT_READ	1523030630216116577
1873D009-39B4-11E8-BF66-D9AA8AFF4A69	SUBJECT_PROCESS	0C51AAE3-0594-4A51-9405-4FC4214A0041	FILE_OBJECT_FILE	EVENT_READ	1523030630216116577
1873D009-39B4-11E8-BF66-D9AA8AFF4A69	SUBJECT_PROCESS	0C51AAE3-0594-4A51-9405-4FC4214A0041	FILE_OBJECT_FILE	EVENT_LSEEK	1523030630216116577
1873D009-39B4-11E8-BF66-D9AA8AFF4A69	SUBJECT_PROCESS	0C51AAE3-0594-4A51-9405-4FC4214A0041	FILE_OBJECT_FILE	EVENT_READ	1523030630216116577
1873D009-39B4-11E8-BF66-D9AA8AFF4A69	SUBJECT_PROCESS	0C51AAE3-0594-4A51-9405-4FC4214A0041	FILE_OBJECT_FILE	EVENT_LSEEK	1523030630216116577
1873D009-39B4-11E8-BF66-D9AA8AFF4A69	SUBJECT_PROCESS	0C51AAE3-0594-4A51-9405-4FC4214A0041	FILE_OBJECT_FILE	EVENT_READ	1523030630216116577
1873D009-39B4-11E8-BF66-D9AA8AFF4A69	SUBJECT_PROCESS	0C51AAE3-0594-4A51-9405-4FC4214A0041	FILE_OBJECT_FILE	EVENT_READ	1523030630216116577
1873D009-39B4-11E8-BF66-D9AA8AFF4A69	SUBJECT_PROCESS	0C51AAE3-0594-4A51-9405-4FC4214A0041	FILE_OBJECT_FILE	EVENT_READ	1523030630216116577
1873D009-39B4-11E8-BF66-D9AA8AFF4A69	SUBJECT_PROCESS	0C51AAE3-0594-4A51-9405-4FC4214A0041	FILE_OBJECT_FILE	EVENT_LSEEK	1523030630216116577
1873D009-39B4-11E8-BF66-D9AA8AFF4A69	SUBJECT_PROCESS	0C51AAE3-0594-4A51-9405-4FC4214A0041	FILE_OBJECT_FILE	EVENT_READ	1523030630226116878
1873D009-39B4-11E8-BF66-D9AA8AFF4A69	SUBJECT_PROCESS	0C51AAE3-0594-4A51-9405-4FC4214A0041	FILE_OBJECT_FILE	EVENT_READ	1523030630226116878
1873D009-39B4-11E8-BF66-D9AA8AFF4A69	SUBJECT_PROCESS	0C51AAE3-0594-4A51-9405-4FC4214A0041	FILE_OBJECT_FILE	EVENT_LSEEK	1523030630226116878
1873D009-39B4-11E8-BF66-D9AA8AFF4A69	SUBJECT_PROCESS	0C51AAE3-0594-4A51-9405-4FC4214A0041	FILE_OBJECT_FILE	EVENT_READ	1523030630226116878
1873D009-39B4-11E8-BF66-D9AA8AFF4A69	SUBJECT_PROCESS	0C51AAE3-0594-4A51-9405-4FC4214A0041	FILE_OBJECT_FILE	EVENT_READ	1523030630226116878
1873D009-39B4-11E8-BF66-D9AA8AFF4A69	SUBJECT_PROCESS	0C51AAE3-0594-4A51-9405-4FC4214A0041	FILE_OBJECT_FILE	EVENT_READ	1523030630226116878
1873D009-39B4-11E8-BF66-D9AA8AFF4A69	SUBJECT_PROCESS	0C51AAE3-0594-4A51-9405-4FC4214A0041	FILE_OBJECT_FILE	EVENT_READ	1523030630226116878
1873D009-39B4-11E8-BF66-D9AA8AFF4A69	SUBJECT_PROCESS	0C51AAE3-0594-4A51-9405-4FC4214A0041	FILE_OBJECT_FILE	EVENT_LSEEK	1523030630226116878
1873D009-39B4-11E8-BF66-D9AA8AFF4A69	SUBJECT_PROCESS	0C51AAE3-0594-4A51-9405-4FC4214A0041	FILE_OBJECT_FILE	EVENT_READ	1523030630226116878
1873D009-39B4-11E8-BF66-D9AA8AFF4A69	SUBJECT_PROCESS	0C51AAE3-0594-4A51-9405-4FC4214A0041	FILE_OBJECT_FILE	EVENT_LSEEK	1523030630226116878
1873D009-39B4-11E8-BF66-D9AA8AFF4A69	SUBJECT_PROCESS	0C51AAE3-0594-4A51-9405-4FC4214A0041	FILE_OBJECT_FILE	EVENT_READ	1523030630226116878
1873D009-39B4-11E8-BF66-D9AA8AFF4A69	SUBJECT_PROCESS	0C51AAE3-0594-4A51-9405-4FC4214A0041	FILE_OBJECT_FILE	EVENT_LSEEK	1523030630226116878
1873D009-39B4-11E8-BF66-D9AA8AFF4A69	SUBJECT_PROCESS	0C51AAE3-0594-4A51-9405-4FC4214A0041	FILE_OBJECT_FILE	EVENT_READ	1523030630226116878
1873D009-39B4-11E8-BF66-D9AA8AFF4A69	SUBJECT_PROCESS	0C51AAE3-0594-4A51-9405-4FC4214A0041	FILE_OBJECT_FILE	EVENT_LSEEK	1523030630226116878
1873D009-39B4-11E8-BF66-D9AA8AFF4A69	SUBJECT_PROCESS	0C51AAE3-0594-4A51-9405-4FC4214A0041	FILE_OBJECT_FILE	EVENT_READ	1523030630226116878
1873D009-39B4-11E8-BF66-D9AA8AFF4A69	SUBJECT_PROCESS	0C51AAE3-0594-4A51-9405-4FC4214A0041	FILE_OBJECT_FILE	EVENT_LSEEK	1523030630226116878
1873D009-39B4-11E8-BF66-D9AA8AFF4A69	SUBJECT_PROCESS	0C51AAE3-0594-4A51-9405-4FC4214A0041	FILE_OBJECT_FILE	EVENT_READ	1523030630226116878
1873D009-39B4-11E8-BF66-D9AA8AFF4A69	SUBJECT_PROCESS	0C51AAE3-0594-4A51-9405-4FC4214A0041	FILE_OBJECT_FILE	EVENT_LSEEK	1523030630226116878
1873D009-39B4-11E8-BF66-D9AA8AFF4A69	SUBJECT_PROCESS	0C51AAE3-0594-4A51-9405-4FC4214A0041	FILE_OBJECT_FILE	EVENT_READ	1523030630226116878
1873D009-39B4-11E8-BF66-D9AA8AFF4A69	SUBJECT_PROCESS	0C51AAE3-0594-4A51-9405-4FC4214A0041	FILE_OBJECT_FILE	EVENT_READ	1523030630226116878
1873D009-39B4-11E8-BF66-D9AA8AFF4A69	SUBJECT_PROCESS	0C51AAE3-0594-4A51-9405-4FC4214A0041	FILE_OBJECT_FILE	EVENT_READ	1523030630226116878
1873D009-39B4-11E8-BF66-D9AA8AFF4A69	SUBJECT_PROCESS	0C51AAE3-0594-4A51-9405-4FC4214A0041	FILE_OBJECT_FILE	EVENT_READ	1523030630226116878
1873D009-39B4-11E8-BF66-D9AA8AFF4A69	SUBJECT_PROCESS	0C51AAE3-0594-4A51-9405-4FC4214A0041	FILE_OBJECT_FILE	EVENT_READ	1523030630226116878
1873D009-39B4-11E8-BF66-D9AA8AFF4A69	SUBJECT_PROCESS	0C51AAE3-0594-4A51-9405-4FC4214A0041	FILE_OBJECT_FILE	EVENT_LSEEK	1523030630226116878
1873D009-39B4-11E8-BF66-D9AA8AFF4A69	SUBJECT_PROCESS	0C51AAE3-0594-4A51-9405-4FC4214A0041	FILE_OBJECT_FILE	EVENT_READ	1523030630226116878
1873D009-39B4-11E8-BF66-D9AA8AFF4A69	SUBJECT_PROCESS	0C51AAE3-0594-4A51-9405-4FC4214A0041	FILE_OBJECT_FILE	EVENT_READ	1523030630226116878
1873D009-39B4-11E8-BF66-D9AA8AFF4A69	SUBJECT_PROCESS	0C51AAE3-0594-4A51-9405-4FC4214A0041	FILE_OBJECT_FILE	EVENT_READ	1523030630226116878
1873D009-39B4-11E8-BF66-D9AA8AFF4A69	SUBJECT_PROCESS	0C51AAE3-0594-4A51-9405-4FC4214A0041	FILE_OBJECT_FILE	EVENT_READ	1523030630226116878
1873D009-39B4-11E8-BF66-D9AA8AFF4A69	SUBJECT_PROCESS	0C51AAE3-0594-4A51-9405-4FC4214A0041	FILE_OBJECT_FILE	EVENT_LSEEK	1523030630226116878
1873D009-39B4-11E8-BF66-D9AA8AFF4A69	SUBJECT_PROCESS	0C51AAE3-0594-4A51-9405-4FC4214A0041	FILE_OBJECT_FILE	EVENT_READ	1523030630226116878
1873D009-39B4-11E8-BF66-D9AA8AFF4A69	SUBJECT_PROCESS	0C51AAE3-0594-4A51-9405-4FC4214A0041	FILE_OBJECT_FILE	EVENT_READ	1523030630236117009
1873D009-39B4-11E8-BF66-D9AA8AFF4A69	SUBJECT_PROCESS	0C51AAE3-0594-4A51-9405-4FC4214A0041	FILE_OBJECT_FILE	EVENT_LSEEK	1523030630236117009
1873D009-39B4-11E8-BF66-D9AA8AFF4A69	SUBJECT_PROCESS	0C51AAE3-0594-4A51-9405-4FC4214A0041	FILE_OBJECT_FILE	EVENT_READ	1523030630236117009
1873D009-39B4-11E8-BF66-D9AA8AFF4A69	SUBJECT_PROCESS	0C51AAE3-0594-4A51-9405-4FC4214A0041	FILE_OBJECT_FILE	EVENT_READ	1523030630236117009
1873D009-39B4-11E8-BF66-D9AA8AFF4A69	SUBJECT_PROCESS	0C51AAE3-0594-4A51-9405-4FC4214A0041	FILE_OBJECT_FILE	EVENT_LSEEK	1523030630236117009
1873D009-39B4-11E8-BF66-D9AA8AFF4A69	SUBJECT_PROCESS	0C51AAE3-0594-4A51-9405-4FC4214A0041	FILE_OBJECT_FILE	EVENT_READ	1523030630236117009
1873D009-39B4-11E8-BF66-D9AA8AFF4A69	SUBJECT_PROCESS	0C51AAE3-0594-4A51-9405-4FC4214A0041	FILE_OBJECT_FILE	EVENT_READ	1523030630236117009
1873D009-39B4-11E8-BF66-D9AA8AFF4A69	SUBJECT_PROCESS	0C51AAE3-0594-4A51-9405-4FC4214A0041	FILE_OBJECT_FILE	EVENT_LSEEK	1523030630236117009
1873D009-39B4-11E8-BF66-D9AA8AFF4A69	SUBJECT_PROCESS	0C51AAE3-0594-4A51-9405-4FC4214A0041	FILE_OBJECT_FILE	EVENT_READ	1523030630236117009
1873D009-39B4-11E8-BF66-D9AA8AFF4A69	SUBJECT_PROCESS	0C51AAE3-0594-4A51-9405-4FC4214A0041	FILE_OBJECT_FILE	EVENT_READ	1523030630236117009
1873D009-39B4-11E8-BF66-D9AA8AFF4A69	SUBJECT_PROCESS	0C51AAE3-0594-4A51-9405-4FC4214A0041	FILE_OBJECT_FILE	EVENT_LSEEK	1523030630236117009
1873D009-39B4-11E8-BF66-D9AA8AFF4A69	SUBJECT_PROCESS	0C51AAE3-0594-4A51-9405-4FC4214A0041	FILE_OBJECT_FILE	EVENT_READ	1523030630236117009
1873D009-39B4-11E8-BF66-D9AA8AFF4A69	SUBJECT_PROCESS	0C51AAE3-0594-4A51-9405-4FC4214A0041	FILE_OBJECT_FILE	EVENT_LSEEK	1523030630236117009
1873D009-39B4-11E8-BF66-D9AA8AFF4A69	SUBJECT_PROCESS	0C51AAE3-0594-4A51-9405-4FC4214A0041	FILE_OBJECT_FILE	EVENT_READ	1523030630236117009
1873D009-39B4-11E8-BF66-D9AA8AFF4A69	SUBJECT_PROCESS	0C51AAE3-0594-4A51-9405-4FC4214A0041	FILE_OBJECT_FILE	EVENT_LSEEK	1523030630236117009
1873D009-39B4-11E8-BF66-D9AA8AFF4A69	SUBJECT_PROCESS	0C51AAE3-0594-4A51-9405-4FC4214A0041	FILE_OBJECT_FILE	EVENT_READ	1523030630236117009
1873D009-39B4-11E8-BF66-D9AA8AFF4A69	SUBJECT_PROCESS	0C51AAE3-0594-4A51-9405-4FC4214A0041	FILE_OBJECT_FILE	EVENT_LSEEK	1523030630236117009
1873D009-39B4-11E8-BF66-D9AA8AFF4A69	SUBJECT_PROCESS	0C51AAE3-0594-4A51-9405-4FC4214A0041	FILE_OBJECT_FILE	EVENT_READ	1523030630236117009
1873D009-39B4-11E8-BF66-D9AA8AFF4A69	SUBJECT_PROCESS	0C51AAE3-0594-4A51-9405-4FC4214A0041	FILE_OBJECT_FILE	EVENT_LSEEK	1523030630236117009
1873D009-39B4-11E8-BF66-D9AA8AFF4A69	SUBJECT_PROCESS	0C51AAE3-0594-4A51-9405-4FC4214A0041	FILE_OBJECT_FILE	EVENT_READ	1523030630236117009
1873D009-39B4-11E8-BF66-D9AA8AFF4A69	SUBJECT_PROCESS	0C51AAE3-0594-4A51-9405-4FC4214A0041	FILE_OBJECT_FILE	EVENT_LSEEK	1523030630236117009
1873D009-39B4-11E8-BF66-D9AA8AFF4A69	SUBJECT_PROCESS	0C51AAE3-0594-4A51-9405-4FC4214A0041	FILE_OBJECT_FILE	EVENT_READ	1523030630236117009
1873D009-39B4-11E8-BF66-D9AA8AFF4A69	SUBJECT_PROCESS	0C51AAE3-0594-4A51-9405-4FC4214A0041	FILE_OBJECT_FILE	EVENT_LSEEK	1523030630236117009
1873D009-39B4-11E8-BF66-D9AA8AFF4A69	SUBJECT_PROCESS	0C51AAE3-0594-4A51-9405-4FC4214A0041	FILE_OBJECT_FILE	EVENT_READ	1523030630236117009
1873D009-39B4-11E8-BF66-D9AA8AFF4A69	SUBJECT_PROCESS	0C51AAE3-0594-4A51-9405-4FC4214A0041	FILE_OBJECT_FILE	EVENT_READ	1523030630236117009
1873D009-39B4-11E8-BF66-D9AA8AFF4A69	SUBJECT_PROCESS	0C51AAE3-0594-4A51-9405-4FC4214A0041	FILE_OBJECT_FILE	EVENT_READ	1523030630236117009
1873D009-39B4-11E8-BF66-D9AA8AFF4A69	SUBJECT_PROCESS	0C51AAE3-0594-4A51-9405-4FC4214A0041	FILE_OBJECT_FILE	EVENT_READ	1523030630236117009
1873D009-39B4-11E8-BF66-D9AA8AFF4A69	SUBJECT_PROCESS	0C51AAE3-0594-4A51-9405-4FC4214A0041	FILE_OBJECT_FILE	EVENT_LSEEK	1523030630236117009
1873D009-39B4-11E8-BF66-D9AA8AFF4A69	SUBJECT_PROCESS	0C51AAE3-0594-4A51-9405-4FC4214A0041	FILE_OBJECT_FILE	EVENT_READ	1523030630236117009
1873D009-39B4-11E8-BF66-D9AA8AFF4A69	SUBJECT_PROCESS	0C51AAE3-0594-4A51-9405-4FC4214A0041	FILE_OBJECT_FILE	EVENT_READ	1523030630236117009
1873D009-39B4-11E8-BF66-D9AA8AFF4A69	SUBJECT_PROCESS	0C51AAE3-0594-4A51-9405-4FC4214A0041	FILE_OBJECT_FILE	EVENT_READ	1523030630236117009
1873D009-39B4-11E8-BF66-D9AA8AFF4A69	SUBJECT_PROCESS	0C51AAE3-0594-4A51-9405-4FC4214A0041	FILE_OBJECT_FILE	EVENT_READ	1523030630236117009
1873D009-39B4-11E8-BF66-D9AA8AFF4A69	SUBJECT_PROCESS	0C51AAE3-0594-4A51-9405-4FC4214A0041	FILE_OBJECT_FILE	EVENT_READ	1523030630246114929
1873D009-39B4-11E8-BF66-D9AA8AFF4A69	SUBJECT_PROCESS	0C51AAE3-0594-4A51-9405-4FC4214A0041	FILE_OBJECT_FILE	EVENT_READ	1523030630246114929
1873D009-39B4-11E8-BF66-D9AA8AFF4A69	SUBJECT_PROCESS	0C51AAE3-0594-4A51-9405-4FC4214A0041	FILE_OBJECT_FILE	EVENT_LSEEK	1523030630246114929
1873D009-39B4-11E8-BF66-D9AA8AFF4A69	SUBJECT_PROCESS	0C51AAE3-0594-4A51-9405-4FC4214A0041	FILE_OBJECT_FILE	EVENT_READ	1523030630246114929
1873D009-39B4-11E8-BF66-D9AA8AFF4A69	SUBJECT_PROCESS	0C51AAE3-0594-4A51-9405-4FC4214A0041	FILE_OBJECT_FILE	EVENT_READ	1523030630246114929
1873D009-39B4-11E8-BF66-D9AA8AFF4A69	SUBJECT_PROCESS	0C51AAE3-0594-4A51-9405-4FC4214A0041	FILE_OBJECT_FILE	EVENT_LSEEK	1523030630246114929
1873D009-39B4-11E8-BF66-D9AA8AFF4A69	SUBJECT_PROCESS	0C51AAE3-0594-4A51-9405-4FC4214A0041	FILE_OBJECT_FILE	EVENT_READ	1523030630246114929
1873D009-39B4-11E8-BF66-D9AA8AFF4A69	SUBJECT_PROCESS	0C51AAE3-0594-4A51-9405-4FC4214A0041	FILE_OBJECT_FILE	EVENT_READ	1523030630246114929
1873D009-39B4-11E8-BF66-D9AA8AFF4A69	SUBJECT_PROCESS	0C51AAE3-0594-4A51-9405-4FC4214A0041	FILE_OBJECT_FILE	EVENT_LSEEK	1523030630246114929
1873D009-39B4-11E8-BF66-D9AA8AFF4A69	SUBJECT_PROCESS	0C51AAE3-0594-4A51-9405-4FC4214A0041	FILE_OBJECT_FILE	EVENT_READ	1523030630246114929
1873D009-39B4-11E8-BF66-D9AA8AFF4A69	SUBJECT_PROCESS	0C51AAE3-0594-4A51-9405-4FC4214A0041	FILE_OBJECT_FILE	EVENT_LSEEK	1523030630246114929
1873D009-39B4-11E8-BF66-D9AA8AFF4A69	SUBJECT_PROCESS	0C51AAE3-0594-4A51-9405-4FC4214A0041	FILE_OBJECT_FILE	EVENT_READ	1523030630246114929
1873D009-39B4-11E8-BF66-D9AA8AFF4A69	SUBJECT_PROCESS	0C51AAE3-0594-4A51-9405-4FC4214A0041	FILE_OBJECT_FILE	EVENT_LSEEK	1523030630246114929
1873D009-39B4-11E8-BF66-D9AA8AFF4A69	SUBJECT_PROCESS	0C51AAE3-0594-4A51-9405-4FC4214A0041	FILE_OBJECT_FILE	EVENT_READ	1523030630246114929
1873D009-39B4-11E8-BF66-D9AA8AFF4A69	SUBJECT_PROCESS	0C51AAE3-0594-4A51-9405-4FC4214A0041	FILE_OBJECT_FILE	EVENT_LSEEK	1523030630246114929
1873D009-39B4-11E8-BF66-D9AA8AFF4A69	SUBJECT_PROCESS	0C51AAE3-0594-4A51-9405-4FC4214A0041	FILE_OBJECT_FILE	EVENT_READ	1523030630246114929
1873D009-39B4-11E8-BF66-D9AA8AFF4A69	SUBJECT_PROCESS	0C51AAE3-0594-4A51-9405-4FC4214A0041	FILE_OBJECT_FILE	EVENT_LSEEK	1523030630246114929
1873D009-39B4-11E8-BF66-D9AA8AFF4A69	SUBJECT_PROCESS	0C51AAE3-0594-4A51-9405-4FC4214A0041	FILE_OBJECT_FILE	EVENT_READ	1523030630246114929
1873D009-39B4-11E8-BF66-D9AA8AFF4A69	SUBJECT_PROCESS	0C51AAE3-0594-4A51-9405-4FC4214A0041	FILE_OBJECT_FILE	EVENT_READ	1523030630246114929
1873D009-39B4-11E8-BF66-D9AA8AFF4A69	SUBJECT_PROCESS	0C51AAE3-0594-4A51-9405-4FC4214A0041	FILE_OBJECT_FILE	EVENT_READ	1523030630246114929
1873D009-39B4-11E8-BF66-D9AA8AFF4A69	SUBJECT_PROCESS	0C51AAE3-0594-4A51-9405-4FC4214A0041	FILE_OBJECT_FILE	EVENT_LSEEK	1523030630246114929
1873D009-39B4-11E8-BF66-D9AA8AFF4A69	SUBJECT_PROCESS	0C51AAE3-0594-4A51-9405-4FC4214A0041	FILE_OBJECT_FILE	EVENT_READ	1523030630246114929
1873D009-39B4-11E8-BF66-D9AA8AFF4A69	SUBJECT_PROCESS	0C51AAE3-0594-4A51-9405-4FC4214A0041	FILE_OBJECT_FILE	EVENT_LSEEK	1523030630246114929
1873D009-39B4-11E8-BF66-D9AA8AFF4A69	SUBJECT_PROCESS	0C51AAE3-0594-4A51-9405-4FC4214A0041	FILE_OBJECT_FILE	EVENT_READ	1523030630246114929
1873D009-39B4-11E8-BF66-D9AA8AFF4A69	SUBJECT_PROCESS	0C51AAE3-0594-4A51-9405-4FC4214A0041	FILE_OBJECT_FILE	EVENT_LSEEK	1523030630246114929
1873D009-39B4-11E8-BF66-D9AA8AFF4A69	SUBJECT_PROCESS	0C51AAE3-0594-4A51-9405-4FC4214A0041	FILE_OBJECT_FILE	EVENT_READ	1523030630246114929
1873D009-39B4-11E8-BF66-D9AA8AFF4A69	SUBJECT_PROCESS	0C51AAE3-0594-4A51-9405-4FC4214A0041	FILE_OBJECT_FILE	EVENT_LSEEK	1523030630246114929
1873D009-39B4-11E8-BF66-D9AA8AFF4A69	SUBJECT_PROCESS	0C51AAE3-0594-4A51-9405-4FC4214A0041	FILE_OBJECT_FILE	EVENT_READ	1523030630246114929
1873D009-39B4-11E8-BF66-D9AA8AFF4A69	SUBJECT_PROCESS	0C51AAE3-0594-4A51-9405-4FC4214A0041	FILE_OBJECT_FILE	EVENT_LSEEK	1523030630246114929
1873D009-39B4-11E8-BF66-D9AA8AFF4A69	SUBJECT_PROCESS	0C51AAE3-0594-4A51-9405-4FC4214A0041	FILE_OBJECT_FILE	EVENT_READ	1523030630246114929
1873D009-39B4-11E8-BF66-D9AA8AFF4A69	SUBJECT_PROCESS	0C51AAE3-0594-4A51-9405-4FC4214A0041	FILE_OBJECT_FILE	EVENT_LSEEK	1523030630246114929
1873D009-39B4-11E8-BF66-D9AA8AFF4A69	SUBJECT_PROCESS	0C51AAE3-0594-4A51-9405-4FC4214A0041	FILE_OBJECT_FILE	EVENT_READ	1523030630246114929
1873D009-39B4-11E8-BF66-D9AA8AFF4A69	SUBJECT_PROCESS	0C51AAE3-0594-4A51-9405-4FC4214A0041	FILE_OBJECT_FILE	EVENT_LSEEK	1523030630256114580
1873D009-39B4-11E8-BF66-D9AA8AFF4A69	SUBJECT_PROCESS	0C51AAE3-0594-4A51-9405-4FC4214A0041	FILE_OBJECT_FILE	EVENT_READ	1523030630256114580
1873D009-39B4-11E8-BF66-D9AA8AFF4A69	SUBJECT_PROCESS	0C51AAE3-0594-4A51-9405-4FC4214A0041	FILE_OBJECT_FILE	EVENT_READ	1523030630256114580
1873D009-39B4-11E8-BF66-D9AA8AFF4A69	SUBJECT_PROCESS	0C51AAE3-0594-4A51-9405-4FC4214A0041	FILE_OBJECT_FILE	EVENT_LSEEK	1523030630256114580
1873D009-39B4-11E8-BF66-D9AA8AFF4A69	SUBJECT_PROCESS	0C51AAE3-0594-4A51-9405-4FC4214A0041	FILE_OBJECT_FILE	EVENT_READ	1523030630256114580
1873D009-39B4-11E8-BF66-D9AA8AFF4A69	SUBJECT_PROCESS	0C51AAE3-0594-4A51-9405-4FC4214A0041	FILE_OBJECT_FILE	EVENT_LSEEK	1523030630256114580
1873D009-39B4-11E8-BF66-D9AA8AFF4A69	SUBJECT_PROCESS	0C51AAE3-0594-4A51-9405-4FC4214A0041	FILE_OBJECT_FILE	EVENT_READ	1523030630256114580
1873D009-39B4-11E8-BF66-D9AA8AFF4A69	SUBJECT_PROCESS	0C51AAE3-0594-4A51-9405-4FC4214A0041	FILE_OBJECT_FILE	EVENT_LSEEK	1523030630256114580
1873D009-39B4-11E8-BF66-D9AA8AFF4A69	SUBJECT_PROCESS	0C51AAE3-0594-4A51-9405-4FC4214A0041	FILE_OBJECT_FILE	EVENT_READ	1523030630256114580
1873D009-39B4-11E8-BF66-D9AA8AFF4A69	SUBJECT_PROCESS	0C51AAE3-0594-4A51-9405-4FC4214A0041	FILE_OBJECT_FILE	EVENT_LSEEK	1523030630256114580
1873D009-39B4-11E8-BF66-D9AA8AFF4A69	SUBJECT_PROCESS	0C51AAE3-0594-4A51-9405-4FC4214A0041	FILE_OBJECT_FILE	EVENT_READ	1523030630256114580
1873D009-39B4-11E8-BF66-D9AA8AFF4A69	SUBJECT_PROCESS	0C51AAE3-0594-4A51-9405-4FC4214A0041	FILE_OBJECT_FILE	EVENT_LSEEK	1523030630256114580
1873D009-39B4-11E8-BF66-D9AA8AFF4A69	SUBJECT_PROCESS	0C51AAE3-0594-4A51-9405-4FC4214A0041	FILE_OBJECT_FILE	EVENT_READ	1523030630256114580
1873D009-39B4-11E8-BF66-D9AA8AFF4A69	SUBJECT_PROCESS	0C51AAE3-0594-4A51-9405-4FC4214A0041	FILE_OBJECT_FILE	EVENT_READ	1523030630256114580
1873D009-39B4-11E8-BF66-D9AA8AFF4A69	SUBJECT_PROCESS	0C51AAE3-0594-4A51-9405-4FC4214A0041	FILE_OBJECT_FILE	EVENT_LSEEK	1523030630256114580
1873D009-39B4-11E8-BF66-D9AA8AFF4A69	SUBJECT_PROCESS	0C51AAE3-0594-4A51-9405-4FC4214A0041	FILE_OBJECT_FILE	EVENT_READ	1523030630256114580
1873D009-39B4-11E8-BF66-D9AA8AFF4A69	SUBJECT_PROCESS	0C51AAE3-0594-4A51-9405-4FC4214A0041	FILE_OBJECT_FILE	EVENT_LSEEK	1523030630256114580
1873D009-39B4-11E8-BF66-D9AA8AFF4A69	SUBJECT_PROCESS	0C51AAE3-0594-4A51-9405-4FC4214A0041	FILE_OBJECT_FILE	EVENT_READ	1523030630256114580
1873D009-39B4-11E8-BF66-D9AA8AFF4A69	SUBJECT_PROCESS	0C51AAE3-0594-4A51-9405-4FC4214A0041	FILE_OBJECT_FILE	EVENT_LSEEK	1523030630256114580
1873D009-39B4-11E8-BF66-D9AA8AFF4A69	SUBJECT_PROCESS	0C51AAE3-0594-4A51-9405-4FC4214A0041	FILE_OBJECT_FILE	EVENT_READ	1523030630256114580
1873D009-39B4-11E8-BF66-D9AA8AFF4A69	SUBJECT_PROCESS	0C51AAE3-0594-4A51-9405-4FC4214A0041	FILE_OBJECT_FILE	EVENT_READ	1523030630256114580
1873D009-39B4-11E8-BF66-D9AA8AFF4A69	SUBJECT_PROCESS	0C51AAE3-0594-4A51-9405-4FC4214A0041	FILE_OBJECT_FILE	EVENT_READ	1523030630256114580
1873D009-39B4-11E8-BF66-D9AA8AFF4A69	SUBJECT_PROCESS	0C51AAE3-0594-4A51-9405-4FC4214A0041	FILE_OBJECT_FILE	EVENT_LSEEK	1523030630256114580
1873D009-39B4-11E8-BF66-D9AA8AFF4A69	SUBJECT_PROCESS	0C51AAE3-0594-4A51-9405-4FC4214A0041	FILE_OBJECT_FILE	EVENT_READ	1523030630256114580
1873D009-39B4-11E8-BF66-D9AA8AFF4A69	SUBJECT_PROCESS	0C51AAE3-0594-4A51-9405-4FC4214A0041	FILE_OBJECT_FILE	EVENT_READ	1523030630256114580
1873D009-39B4-11E8-BF66-D9AA8AFF4A69	SUBJECT_PROCESS	0C51AAE3-0594-4A51-9405-4FC4214A0041	FILE_OBJECT_FILE	EVENT_LSEEK	1523030630256114580
1873D009-39B4-11E8-BF66-D9AA8AFF4A69	SUBJECT_PROCESS	0C51AAE3-0594-4A51-9405-4FC4214A0041	FILE_OBJECT_FILE	EVENT_READ	1523030630256114580
1873D009-39B4-11E8-BF66-D9AA8AFF4A69	SUBJECT_PROCESS	0C51AAE3-0594-4A51-9405-4FC4214A0041	FILE_OBJECT_FILE	EVENT_LSEEK	1523030630256114580
1873D009-39B4-11E8-BF66-D9AA8AFF4A69	SUBJECT_PROCESS	0C51AAE3-0594-4A51-9405-4FC4214A0041	FILE_OBJECT_FILE	EVENT_READ	1523030630256114580
1873D009-39B4-11E8-BF66-D9AA8AFF4A69	SUBJECT_PROCESS	0C51AAE3-0594-4A51-9405-4FC4214A0041	FILE_OBJECT_FILE	EVENT_LSEEK	1523030630256114580
1873D009-39B4-11E8-BF66-D9AA8AFF4A69	SUBJECT_PROCESS	0C51AAE3-0594-4A51-9405-4FC4214A0041	FILE_OBJECT_FILE	EVENT_READ	1523030630256114580
1873D009-39B4-11E8-BF66-D9AA8AFF4A69	SUBJECT_PROCESS	0C51AAE3-0594-4A51-9405-4FC4214A0041	FILE_OBJECT_FILE	EVENT_LSEEK	1523030630256114580
1873D009-39B4-11E8-BF66-D9AA8AFF4A69	SUBJECT_PROCESS	0C51AAE3-0594-4A51-9405-4FC4214A0041	FILE_OBJECT_FILE	EVENT_READ	1523030630266116551
1873D009-39B4-11E8-BF66-D9AA8AFF4A69	SUBJECT_PROCESS	0C51AAE3-0594-4A51-9405-4FC4214A0041	FILE_OBJECT_FILE	EVENT_LSEEK	1523030630266116551
1873D009-39B4-11E8-BF66-D9AA8AFF4A69	SUBJECT_PROCESS	0C51AAE3-0594-4A51-9405-4FC4214A0041	FILE_OBJECT_FILE	EVENT_READ	1523030630266116551
1873D009-39B4-11E8-BF66-D9AA8AFF4A69	SUBJECT_PROCESS	0C51AAE3-0594-4A51-9405-4FC4214A0041	FILE_OBJECT_FILE	EVENT_LSEEK	1523030630266116551
1873D009-39B4-11E8-BF66-D9AA8AFF4A69	SUBJECT_PROCESS	0C51AAE3-0594-4A51-9405-4FC4214A0041	FILE_OBJECT_FILE	EVENT_READ	1523030630266116551
1873D009-39B4-11E8-BF66-D9AA8AFF4A69	SUBJECT_PROCESS	0C51AAE3-0594-4A51-9405-4FC4214A0041	FILE_OBJECT_FILE	EVENT_READ	1523030630266116551
1873D009-39B4-11E8-BF66-D9AA8AFF4A69	SUBJECT_PROCESS	0C51AAE3-0594-4A51-9405-4FC4214A0041	FILE_OBJECT_FILE	EVENT_READ	1523030630266116551
1873D009-39B4-11E8-BF66-D9AA8AFF4A69	SUBJECT_PROCESS	0C51AAE3-0594-4A51-9405-4FC4214A0041	FILE_OBJECT_FILE	EVENT_READ	1523030630266116551
1873D009-39B4-11E8-BF66-D9AA8AFF4A69	SUBJECT_PROCESS	0C51AAE3-0594-4A51-9405-4FC4214A0041	FILE_OBJECT_FILE	EVENT_READ	1523030630266116551
1873D009-39B4-11E8-BF66-D9AA8AFF4A69	SUBJECT_PROCESS	0C51AAE3-0594-4A51-9405-4FC4214A0041	FILE_OBJECT_FILE	EVENT_LSEEK	1523030630266116551
1873D009-39B4-11E8-BF66-D9AA8AFF4A69	SUBJECT_PROCESS	0C51AAE3-0594-4A51-9405-4FC4214A0041	FILE_OBJECT_FILE	EVENT_READ	1523030630266116551
1873D009-39B4-11E8-BF66-D9AA8AFF4A69	SUBJECT_PROCESS	0C51AAE3-0594-4A51-9405-4FC4214A0041	FILE_OBJECT_FILE	EVENT_LSEEK	1523030630266116551
1873D009-39B4-11E8-BF66-D9AA8AFF4A69	SUBJECT_PROCESS	0C51AAE3-0594-4A51-9405-4FC4214A0041	FILE_OBJECT_FILE	EVENT_READ	1523030630266116551
1873D009-39B4-11E8-BF66-D9AA8AFF4A69	SUBJECT_PROCESS	0C51AAE3-0594-4A51-9405-4FC4214A0041	FILE_OBJECT_FILE	EVENT_LSEEK	1523030630266116551
1873D009-39B4-11E8-BF66-D9AA8AFF4A69	SUBJECT_PROCESS	0C51AAE3-0594-4A51-9405-4FC4214A0041	FILE_OBJECT_FILE	EVENT_READ	1523030630266116551
1873D009-39B4-11E8-BF66-D9AA8AFF4A69	SUBJECT_PROCESS	0C51AAE3-0594-4A51-9405-4FC4214A0041	FILE_OBJECT_FILE	EVENT_LSEEK	1523030630266116551
1873D009-39B4-11E8-BF66-D9AA8AFF4A69	SUBJECT_PROCESS	0C51AAE3-0594-4A51-9405-4FC4214A0041	FILE_OBJECT_FILE	EVENT_READ	1523030630266116551
1873D009-39B4-11E8-BF66-D9AA8AFF4A69	SUBJECT_PROCESS	0C51AAE3-0594-4A51-9405-4FC4214A0041	FILE_OBJECT_FILE	EVENT_LSEEK	1523030630266116551
1873D009-39B4-11E8-BF66-D9AA8AFF4A69	SUBJECT_PROCESS	0C51AAE3-0594-4A51-9405-4FC4214A0041	FILE_OBJECT_FILE	EVENT_READ	1523030630266116551
1873D009-39B4-11E8-BF66-D9AA8AFF4A69	SUBJECT_PROCESS	0C51AAE3-0594-4A51-9405-4FC4214A0041	FILE_OBJECT_FILE	EVENT_LSEEK	1523030630266116551
1873D009-39B4-11E8-BF66-D9AA8AFF4A69	SUBJECT_PROCESS	0C51AAE3-0594-4A51-9405-4FC4214A0041	FILE_OBJECT_FILE	EVENT_READ	1523030630266116551
1873D009-39B4-11E8-BF66-D9AA8AFF4A69	SUBJECT_PROCESS	0C51AAE3-0594-4A51-9405-4FC4214A0041	FILE_OBJECT_FILE	EVENT_LSEEK	1523030630266116551
1873D009-39B4-11E8-BF66-D9AA8AFF4A69	SUBJECT_PROCESS	0C51AAE3-0594-4A51-9405-4FC4214A0041	FILE_OBJECT_FILE	EVENT_READ	1523030630266116551
1873D009-39B4-11E8-BF66-D9AA8AFF4A69	SUBJECT_PROCESS	0C51AAE3-0594-4A51-9405-4FC4214A0041	FILE_OBJECT_FILE	EVENT_LSEEK	1523030630266116551
1873D009-39B4-11E8-BF66-D9AA8AFF4A69	SUBJECT_PROCESS	0C51AAE3-0594-4A51-9405-4FC4214A0041	FILE_OBJECT_FILE	EVENT_READ	1523030630266116551
1873D009-39B4-11E8-BF66-D9AA8AFF4A69	SUBJECT_PROCESS	0C51AAE3-0594-4A51-9405-4FC4214A0041	FILE_OBJECT_FILE	EVENT_LSEEK	1523030630266116551
1873D009-39B4-11E8-BF66-D9AA8AFF4A69	SUBJECT_PROCESS	0C51AAE3-0594-4A51-9405-4FC4214A0041	FILE_OBJECT_FILE	EVENT_READ	1523030630266116551
1873D009-39B4-11E8-BF66-D9AA8AFF4A69	SUBJECT_PROCESS	0C51AAE3-0594-4A51-9405-4FC4214A0041	FILE_OBJECT_FILE	EVENT_LSEEK	1523030630266116551
1873D009-39B4-11E8-BF66-D9AA8AFF4A69	SUBJECT_PROCESS	0C51AAE3-0594-4A51-9405-4FC4214A0041	FILE_OBJECT_FILE	EVENT_READ	1523030630266116551
1873D009-39B4-11E8-BF66-D9AA8AFF4A69	SUBJECT_PROCESS	0C51AAE3-0594-4A51-9405-4FC4214A0041	FILE_OBJECT_FILE	EVENT_READ	1523030630266116551
1873D009-39B4-11E8-BF66-D9AA8AFF4A69	SUBJECT_PROCESS	0C51AAE3-0594-4A51-9405-4FC4214A0041	FILE_OBJECT_FILE	EVENT_READ	1523030630266116551
1873D009-39B4-11E8-BF66-D9AA8AFF4A69	SUBJECT_PROCESS	0C51AAE3-0594-4A51-9405-4FC4214A0041	FILE_OBJECT_FILE	EVENT_READ	1523030630266116551
1873D009-39B4-11E8-BF66-D9AA8AFF4A69	SUBJECT_PROCESS	0C51AAE3-0594-4A51-9405-4FC4214A0041	FILE_OBJECT_FILE	EVENT_LSEEK	1523030630276114122
1873D009-39B4-11E8-BF66-D9AA8AFF4A69	SUBJECT_PROCESS	0C51AAE3-0594-4A51-9405-4FC4214A0041	FILE_OBJECT_FILE	EVENT_READ	1523030630276114122
1873D009-39B4-11E8-BF66-D9AA8AFF4A69	SUBJECT_PROCESS	0C51AAE3-0594-4A51-9405-4FC4214A0041	FILE_OBJECT_FILE	EVENT_LSEEK	1523030630276114122
1873D009-39B4-11E8-BF66-D9AA8AFF4A69	SUBJECT_PROCESS	0C51AAE3-0594-4A51-9405-4FC4214A0041	FILE_OBJECT_FILE	EVENT_READ	1523030630276114122
1873D009-39B4-11E8-BF66-D9AA8AFF4A69	SUBJECT_PROCESS	0C51AAE3-0594-4A51-9405-4FC4214A0041	FILE_OBJECT_FILE	EVENT_LSEEK	1523030630276114122
1873D009-39B4-11E8-BF66-D9AA8AFF4A69	SUBJECT_PROCESS	0C51AAE3-0594-4A51-9405-4FC4214A0041	FILE_OBJECT_FILE	EVENT_READ	1523030630276114122
1873D009-39B4-11E8-BF66-D9AA8AFF4A69	SUBJECT_PROCESS	0C51AAE3-0594-4A51-9405-4FC4214A0041	FILE_OBJECT_FILE	EVENT_READ	1523030630276114122
1873D009-39B4-11E8-BF66-D9AA8AFF4A69	SUBJECT_PROCESS	0C51AAE3-0594-4A51-9405-4FC4214A0041	FILE_OBJECT_FILE	EVENT_LSEEK	1523030630276114122
1873D009-39B4-11E8-BF66-D9AA8AFF4A69	SUBJECT_PROCESS	0C51AAE3-0594-4A51-9405-4FC4214A0041	FILE_OBJECT_FILE	EVENT_READ	1523030630276114122
1873D009-39B4-11E8-BF66-D9AA8AFF4A69	SUBJECT_PROCESS	0C51AAE3-0594-4A51-9405-4FC4214A0041	FILE_OBJECT_FILE	EVENT_READ	1523030630276114122
1873D009-39B4-11E8-BF66-D9AA8AFF4A69	SUBJECT_PROCESS	0C51AAE3-0594-4A51-9405-4FC4214A0041	FILE_OBJECT_FILE	EVENT_READ	1523030630276114122
1873D009-39B4-11E8-BF66-D9AA8AFF4A69	SUBJECT_PROCESS	0C51AAE3-0594-4A51-9405-4FC4214A0041	FILE_OBJECT_FILE	EVENT_READ	1523030630276114122
1873D009-39B4-11E8-BF66-D9AA8AFF4A69	SUBJECT_PROCESS	0C51AAE3-0594-4A51-9405-4FC4214A0041	FILE_OBJECT_FILE	EVENT_READ	1523030630276114122
1873D009-39B4-11E8-BF66-D9AA8AFF4A69	SUBJECT_PROCESS	0C51AAE3-0594-4A51-9405-4FC4214A0041	FILE_OBJECT_FILE	EVENT_READ	1523030630276114122
1873D009-39B4-11E8-BF66-D9AA8AFF4A69	SUBJECT_PROCESS	0C51AAE3-0594-4A51-9405-4FC4214A0041	FILE_OBJECT_FILE	EVENT_LSEEK	1523030630276114122
1873D009-39B4-11E8-BF66-D9AA8AFF4A69	SUBJECT_PROCESS	0C51AAE3-0594-4A51-9405-4FC4214A0041	FILE_OBJECT_FILE	EVENT_READ	1523030630276114122
1873D009-39B4-11E8-BF66-D9AA8AFF4A69	SUBJECT_PROCESS	0C51AAE3-0594-4A51-9405-4FC4214A0041	FILE_OBJECT_FILE	EVENT_LSEEK	1523030630276114122
1873D009-39B4-11E8-BF66-D9AA8AFF4A69	SUBJECT_PROCESS	0C51AAE3-0594-4A51-9405-4FC4214A0041	FILE_OBJECT_FILE	EVENT_READ	1523030630276114122
1873D009-39B4-11E8-BF66-D9AA8AFF4A69	SUBJECT_PROCESS	0C51AAE3-0594-4A51-9405-4FC4214A0041	FILE_OBJECT_FILE	EVENT_READ	1523030630276114122
1873D009-39B4-11E8-BF66-D9AA8AFF4A69	SUBJECT_PROCESS	0C51AAE3-0594-4A51-9405-4FC4214A0041	FILE_OBJECT_FILE	EVENT_LSEEK	1523030630276114122
1873D009-39B4-11E8-BF66-D9AA8AFF4A69	SUBJECT_PROCESS	0C51AAE3-0594-4A51-9405-4FC4214A0041	FILE_OBJECT_FILE	EVENT_READ	1523030630276114122
1873D009-39B4-11E8-BF66-D9AA8AFF4A69	SUBJECT_PROCESS	0C51AAE3-0594-4A51-9405-4FC4214A0041	FILE_OBJECT_FILE	EVENT_READ	1523030630276114122
1873D009-39B4-11E8-BF66-D9AA8AFF4A69	SUBJECT_PROCESS	0C51AAE3-0594-4A51-9405-4FC4214A0041	FILE_OBJECT_FILE	EVENT_LSEEK	1523030630276114122
1873D009-39B4-11E8-BF66-D9AA8AFF4A69	SUBJECT_PROCESS	0C51AAE3-0594-4A51-9405-4FC4214A0041	FILE_OBJECT_FILE	EVENT_READ	1523030630276114122
1873D009-39B4-11E8-BF66-D9AA8AFF4A69	SUBJECT_PROCESS	0C51AAE3-0594-4A51-9405-4FC4214A0041	FILE_OBJECT_FILE	EVENT_LSEEK	1523030630276114122
1873D009-39B4-11E8-BF66-D9AA8AFF4A69	SUBJECT_PROCESS	0C51AAE3-0594-4A51-9405-4FC4214A0041	FILE_OBJECT_FILE	EVENT_READ	1523030630276114122
1873D009-39B4-11E8-BF66-D9AA8AFF4A69	SUBJECT_PROCESS	0C51AAE3-0594-4A51-9405-4FC4214A0041	FILE_OBJECT_FILE	EVENT_READ	1523030630276114122
1873D009-39B4-11E8-BF66-D9AA8AFF4A69	SUBJECT_PROCESS	0C51AAE3-0594-4A51-9405-4FC4214A0041	FILE_OBJECT_FILE	EVENT_READ	1523030630276114122
1873D009-39B4-11E8-BF66-D9AA8AFF4A69	SUBJECT_PROCESS	0C51AAE3-0594-4A51-9405-4FC4214A0041	FILE_OBJECT_FILE	EVENT_READ	1523030630276114122
1873D009-39B4-11E8-BF66-D9AA8AFF4A69	SUBJECT_PROCESS	0C51AAE3-0594-4A51-9405-4FC4214A0041	FILE_OBJECT_FILE	EVENT_READ	1523030630276114122
1873D009-39B4-11E8-BF66-D9AA8AFF4A69	SUBJECT_PROCESS	0C51AAE3-0594-4A51-9405-4FC4214A0041	FILE_OBJECT_FILE	EVENT_LSEEK	1523030630276114122
1873D009-39B4-11E8-BF66-D9AA8AFF4A69	SUBJECT_PROCESS	0C51AAE3-0594-4A51-9405-4FC4214A0041	FILE_OBJECT_FILE	EVENT_READ	1523030630276114122
1873D009-39B4-11E8-BF66-D9AA8AFF4A69	SUBJECT_PROCESS	0C51AAE3-0594-4A51-9405-4FC4214A0041	FILE_OBJECT_FILE	EVENT_LSEEK	1523030630286116112
1873D009-39B4-11E8-BF66-D9AA8AFF4A69	SUBJECT_PROCESS	0C51AAE3-0594-4A51-9405-4FC4214A0041	FILE_OBJECT_FILE	EVENT_READ	1523030630286116112
1873D009-39B4-11E8-BF66-D9AA8AFF4A69	SUBJECT_PROCESS	0C51AAE3-0594-4A51-9405-4FC4214A0041	FILE_OBJECT_FILE	EVENT_LSEEK	1523030630286116112
1873D009-39B4-11E8-BF66-D9AA8AFF4A69	SUBJECT_PROCESS	0C51AAE3-0594-4A51-9405-4FC4214A0041	FILE_OBJECT_FILE	EVENT_READ	1523030630286116112
1873D009-39B4-11E8-BF66-D9AA8AFF4A69	SUBJECT_PROCESS	0C51AAE3-0594-4A51-9405-4FC4214A0041	FILE_OBJECT_FILE	EVENT_LSEEK	1523030630286116112
1873D009-39B4-11E8-BF66-D9AA8AFF4A69	SUBJECT_PROCESS	0C51AAE3-0594-4A51-9405-4FC4214A0041	FILE_OBJECT_FILE	EVENT_READ	1523030630286116112
1873D009-39B4-11E8-BF66-D9AA8AFF4A69	SUBJECT_PROCESS	0C51AAE3-0594-4A51-9405-4FC4214A0041	FILE_OBJECT_FILE	EVENT_LSEEK	1523030630286116112
1873D009-39B4-11E8-BF66-D9AA8AFF4A69	SUBJECT_PROCESS	0C51AAE3-0594-4A51-9405-4FC4214A0041	FILE_OBJECT_FILE	EVENT_READ	1523030630286116112
1873D009-39B4-11E8-BF66-D9AA8AFF4A69	SUBJECT_PROCESS	0C51AAE3-0594-4A51-9405-4FC4214A0041	FILE_OBJECT_FILE	EVENT_LSEEK	1523030630286116112
1873D009-39B4-11E8-BF66-D9AA8AFF4A69	SUBJECT_PROCESS	0C51AAE3-0594-4A51-9405-4FC4214A0041	FILE_OBJECT_FILE	EVENT_READ	1523030630286116112
1873D009-39B4-11E8-BF66-D9AA8AFF4A69	SUBJECT_PROCESS	0C51AAE3-0594-4A51-9405-4FC4214A0041	FILE_OBJECT_FILE	EVENT_READ	1523030630286116112
1873D009-39B4-11E8-BF66-D9AA8AFF4A69	SUBJECT_PROCESS	0C51AAE3-0594-4A51-9405-4FC4214A0041	FILE_OBJECT_FILE	EVENT_READ	1523030630286116112
1873D009-39B4-11E8-BF66-D9AA8AFF4A69	SUBJECT_PROCESS	0C51AAE3-0594-4A51-9405-4FC4214A0041	FILE_OBJECT_FILE	EVENT_LSEEK	1523030630286116112
1873D009-39B4-11E8-BF66-D9AA8AFF4A69	SUBJECT_PROCESS	0C51AAE3-0594-4A51-9405-4FC4214A0041	FILE_OBJECT_FILE	EVENT_READ	1523030630286116112
1873D009-39B4-11E8-BF66-D9AA8AFF4A69	SUBJECT_PROCESS	0C51AAE3-0594-4A51-9405-4FC4214A0041	FILE_OBJECT_FILE	EVENT_LSEEK	1523030630286116112
1873D009-39B4-11E8-BF66-D9AA8AFF4A69	SUBJECT_PROCESS	0C51AAE3-0594-4A51-9405-4FC4214A0041	FILE_OBJECT_FILE	EVENT_READ	1523030630286116112
1873D009-39B4-11E8-BF66-D9AA8AFF4A69	SUBJECT_PROCESS	0C51AAE3-0594-4A51-9405-4FC4214A0041	FILE_OBJECT_FILE	EVENT_LSEEK	1523030630286116112
1873D009-39B4-11E8-BF66-D9AA8AFF4A69	SUBJECT_PROCESS	0C51AAE3-0594-4A51-9405-4FC4214A0041	FILE_OBJECT_FILE	EVENT_READ	1523030630286116112
1873D009-39B4-11E8-BF66-D9AA8AFF4A69	SUBJECT_PROCESS	0C51AAE3-0594-4A51-9405-4FC4214A0041	FILE_OBJECT_FILE	EVENT_LSEEK	1523030630286116112
1873D009-39B4-11E8-BF66-D9AA8AFF4A69	SUBJECT_PROCESS	0C51AAE3-0594-4A51-9405-4FC4214A0041	FILE_OBJECT_FILE	EVENT_READ	1523030630286116112
1873D009-39B4-11E8-BF66-D9AA8AFF4A69	SUBJECT_PROCESS	0C51AAE3-0594-4A51-9405-4FC4214A0041	FILE_OBJECT_FILE	EVENT_LSEEK	1523030630286116112
1873D009-39B4-11E8-BF66-D9AA8AFF4A69	SUBJECT_PROCESS	0C51AAE3-0594-4A51-9405-4FC4214A0041	FILE_OBJECT_FILE	EVENT_READ	1523030630286116112
1873D009-39B4-11E8-BF66-D9AA8AFF4A69	SUBJECT_PROCESS	0C51AAE3-0594-4A51-9405-4FC4214A0041	FILE_OBJECT_FILE	EVENT_LSEEK	1523030630286116112
1873D009-39B4-11E8-BF66-D9AA8AFF4A69	SUBJECT_PROCESS	0C51AAE3-0594-4A51-9405-4FC4214A0041	FILE_OBJECT_FILE	EVENT_READ	1523030630286116112
1873D009-39B4-11E8-BF66-D9AA8AFF4A69	SUBJECT_PROCESS	0C51AAE3-0594-4A51-9405-4FC4214A0041	FILE_OBJECT_FILE	EVENT_LSEEK	1523030630286116112
1873D009-39B4-11E8-BF66-D9AA8AFF4A69	SUBJECT_PROCESS	0C51AAE3-0594-4A51-9405-4FC4214A0041	FILE_OBJECT_FILE	EVENT_READ	1523030630286116112
1873D009-39B4-11E8-BF66-D9AA8AFF4A69	SUBJECT_PROCESS	0C51AAE3-0594-4A51-9405-4FC4214A0041	FILE_OBJECT_FILE	EVENT_LSEEK	1523030630286116112
1873D009-39B4-11E8-BF66-D9AA8AFF4A69	SUBJECT_PROCESS	0C51AAE3-0594-4A51-9405-4FC4214A0041	FILE_OBJECT_FILE	EVENT_READ	1523030630286116112
1873D009-39B4-11E8-BF66-D9AA8AFF4A69	SUBJECT_PROCESS	0C51AAE3-0594-4A51-9405-4FC4214A0041	FILE_OBJECT_FILE	EVENT_READ	1523030630286116112
1873D009-39B4-11E8-BF66-D9AA8AFF4A69	SUBJECT_PROCESS	0C51AAE3-0594-4A51-9405-4FC4214A0041	FILE_OBJECT_FILE	EVENT_READ	1523030630286116112
1873D009-39B4-11E8-BF66-D9AA8AFF4A69	SUBJECT_PROCESS	0C51AAE3-0594-4A51-9405-4FC4214A0041	FILE_OBJECT_FILE	EVENT_LSEEK	1523030630286116112
1873D009-39B4-11E8-BF66-D9AA8AFF4A69	SUBJECT_PROCESS	0C51AAE3-0594-4A51-9405-4FC4214A0041	FILE_OBJECT_FILE	EVENT_READ	1523030630286116112
1873D009-39B4-11E8-BF66-D9AA8AFF4A69	SUBJECT_PROCESS	0C51AAE3-0594-4A51-9405-4FC4214A0041	FILE_OBJECT_FILE	EVENT_READ	1523030630296114573
1873D009-39B4-11E8-BF66-D9AA8AFF4A69	SUBJECT_PROCESS	0C51AAE3-0594-4A51-9405-4FC4214A0041	FILE_OBJECT_FILE	EVENT_READ	1523030630296114573
1873D009-39B4-11E8-BF66-D9AA8AFF4A69	SUBJECT_PROCESS	0C51AAE3-0594-4A51-9405-4FC4214A0041	FILE_OBJECT_FILE	EVENT_LSEEK	1523030630296114573
1873D009-39B4-11E8-BF66-D9AA8AFF4A69	SUBJECT_PROCESS	0C51AAE3-0594-4A51-9405-4FC4214A0041	FILE_OBJECT_FILE	EVENT_READ	1523030630296114573
1873D009-39B4-11E8-BF66-D9AA8AFF4A69	SUBJECT_PROCESS	0C51AAE3-0594-4A51-9405-4FC4214A0041	FILE_OBJECT_FILE	EVENT_READ	1523030630296114573
1873D009-39B4-11E8-BF66-D9AA8AFF4A69	SUBJECT_PROCESS	0C51AAE3-0594-4A51-9405-4FC4214A0041	FILE_OBJECT_FILE	EVENT_READ	1523030630296114573
1873D009-39B4-11E8-BF66-D9AA8AFF4A69	SUBJECT_PROCESS	0C51AAE3-0594-4A51-9405-4FC4214A0041	FILE_OBJECT_FILE	EVENT_LSEEK	1523030630296114573
1873D009-39B4-11E8-BF66-D9AA8AFF4A69	SUBJECT_PROCESS	0C51AAE3-0594-4A51-9405-4FC4214A0041	FILE_OBJECT_FILE	EVENT_READ	1523030630296114573
1873D009-39B4-11E8-BF66-D9AA8AFF4A69	SUBJECT_PROCESS	0C51AAE3-0594-4A51-9405-4FC4214A0041	FILE_OBJECT_FILE	EVENT_LSEEK	1523030630296114573
1873D009-39B4-11E8-BF66-D9AA8AFF4A69	SUBJECT_PROCESS	0C51AAE3-0594-4A51-9405-4FC4214A0041	FILE_OBJECT_FILE	EVENT_READ	1523030630296114573
1873D009-39B4-11E8-BF66-D9AA8AFF4A69	SUBJECT_PROCESS	0C51AAE3-0594-4A51-9405-4FC4214A0041	FILE_OBJECT_FILE	EVENT_LSEEK	1523030630296114573
1873D009-39B4-11E8-BF66-D9AA8AFF4A69	SUBJECT_PROCESS	0C51AAE3-0594-4A51-9405-4FC4214A0041	FILE_OBJECT_FILE	EVENT_READ	1523030630296114573
1873D009-39B4-11E8-BF66-D9AA8AFF4A69	SUBJECT_PROCESS	0C51AAE3-0594-4A51-9405-4FC4214A0041	FILE_OBJECT_FILE	EVENT_READ	1523030630296114573
1873D009-39B4-11E8-BF66-D9AA8AFF4A69	SUBJECT_PROCESS	0C51AAE3-0594-4A51-9405-4FC4214A0041	FILE_OBJECT_FILE	EVENT_LSEEK	1523030630296114573
1873D009-39B4-11E8-BF66-D9AA8AFF4A69	SUBJECT_PROCESS	0C51AAE3-0594-4A51-9405-4FC4214A0041	FILE_OBJECT_FILE	EVENT_READ	1523030630296114573
1873D009-39B4-11E8-BF66-D9AA8AFF4A69	SUBJECT_PROCESS	0C51AAE3-0594-4A51-9405-4FC4214A0041	FILE_OBJECT_FILE	EVENT_READ	1523030630296114573
1873D009-39B4-11E8-BF66-D9AA8AFF4A69	SUBJECT_PROCESS	0C51AAE3-0594-4A51-9405-4FC4214A0041	FILE_OBJECT_FILE	EVENT_LSEEK	1523030630296114573
1873D009-39B4-11E8-BF66-D9AA8AFF4A69	SUBJECT_PROCESS	0C51AAE3-0594-4A51-9405-4FC4214A0041	FILE_OBJECT_FILE	EVENT_READ	1523030630296114573
1873D009-39B4-11E8-BF66-D9AA8AFF4A69	SUBJECT_PROCESS	0C51AAE3-0594-4A51-9405-4FC4214A0041	FILE_OBJECT_FILE	EVENT_LSEEK	1523030630296114573
1873D009-39B4-11E8-BF66-D9AA8AFF4A69	SUBJECT_PROCESS	0C51AAE3-0594-4A51-9405-4FC4214A0041	FILE_OBJECT_FILE	EVENT_READ	1523030630296114573
1873D009-39B4-11E8-BF66-D9AA8AFF4A69	SUBJECT_PROCESS	0C51AAE3-0594-4A51-9405-4FC4214A0041	FILE_OBJECT_FILE	EVENT_LSEEK	1523030630296114573
1873D009-39B4-11E8-BF66-D9AA8AFF4A69	SUBJECT_PROCESS	0C51AAE3-0594-4A51-9405-4FC4214A0041	FILE_OBJECT_FILE	EVENT_READ	1523030630296114573
1873D009-39B4-11E8-BF66-D9AA8AFF4A69	SUBJECT_PROCESS	0C51AAE3-0594-4A51-9405-4FC4214A0041	FILE_OBJECT_FILE	EVENT_READ	1523030630296114573
1873D009-39B4-11E8-BF66-D9AA8AFF4A69	SUBJECT_PROCESS	0C51AAE3-0594-4A51-9405-4FC4214A0041	FILE_OBJECT_FILE	EVENT_LSEEK	1523030630296114573
1873D009-39B4-11E8-BF66-D9AA8AFF4A69	SUBJECT_PROCESS	0C51AAE3-0594-4A51-9405-4FC4214A0041	FILE_OBJECT_FILE	EVENT_READ	1523030630296114573
1873D009-39B4-11E8-BF66-D9AA8AFF4A69	SUBJECT_PROCESS	0C51AAE3-0594-4A51-9405-4FC4214A0041	FILE_OBJECT_FILE	EVENT_READ	1523030630296114573
1873D009-39B4-11E8-BF66-D9AA8AFF4A69	SUBJECT_PROCESS	0C51AAE3-0594-4A51-9405-4FC4214A0041	FILE_OBJECT_FILE	EVENT_READ	1523030630296114573
1873D009-39B4-11E8-BF66-D9AA8AFF4A69	SUBJECT_PROCESS	0C51AAE3-0594-4A51-9405-4FC4214A0041	FILE_OBJECT_FILE	EVENT_READ	1523030630296114573
1873D009-39B4-11E8-BF66-D9AA8AFF4A69	SUBJECT_PROCESS	0C51AAE3-0594-4A51-9405-4FC4214A0041	FILE_OBJECT_FILE	EVENT_LSEEK	1523030630296114573
1873D009-39B4-11E8-BF66-D9AA8AFF4A69	SUBJECT_PROCESS	0C51AAE3-0594-4A51-9405-4FC4214A0041	FILE_OBJECT_FILE	EVENT_READ	1523030630296114573
1873D009-39B4-11E8-BF66-D9AA8AFF4A69	SUBJECT_PROCESS	0C51AAE3-0594-4A51-9405-4FC4214A0041	FILE_OBJECT_FILE	EVENT_READ	1523030630296114573
1873D009-39B4-11E8-BF66-D9AA8AFF4A69	SUBJECT_PROCESS	0C51AAE3-0594-4A51-9405-4FC4214A0041	FILE_OBJECT_FILE	EVENT_LSEEK	1523030630296114573
1873D009-39B4-11E8-BF66-D9AA8AFF4A69	SUBJECT_PROCESS	0C51AAE3-0594-4A51-9405-4FC4214A0041	FILE_OBJECT_FILE	EVENT_READ	1523030630306116014
1873D009-39B4-11E8-BF66-D9AA8AFF4A69	SUBJECT_PROCESS	0C51AAE3-0594-4A51-9405-4FC4214A0041	FILE_OBJECT_FILE	EVENT_READ	1523030630306116014
1873D009-39B4-11E8-BF66-D9AA8AFF4A69	SUBJECT_PROCESS	0C51AAE3-0594-4A51-9405-4FC4214A0041	FILE_OBJECT_FILE	EVENT_LSEEK	1523030630306116014
1873D009-39B4-11E8-BF66-D9AA8AFF4A69	SUBJECT_PROCESS	0C51AAE3-0594-4A51-9405-4FC4214A0041	FILE_OBJECT_FILE	EVENT_READ	1523030630306116014
1873D009-39B4-11E8-BF66-D9AA8AFF4A69	SUBJECT_PROCESS	0C51AAE3-0594-4A51-9405-4FC4214A0041	FILE_OBJECT_FILE	EVENT_LSEEK	1523030630306116014
1873D009-39B4-11E8-BF66-D9AA8AFF4A69	SUBJECT_PROCESS	0C51AAE3-0594-4A51-9405-4FC4214A0041	FILE_OBJECT_FILE	EVENT_READ	1523030630306116014
1873D009-39B4-11E8-BF66-D9AA8AFF4A69	SUBJECT_PROCESS	0C51AAE3-0594-4A51-9405-4FC4214A0041	FILE_OBJECT_FILE	EVENT_LSEEK	1523030630306116014
1873D009-39B4-11E8-BF66-D9AA8AFF4A69	SUBJECT_PROCESS	0C51AAE3-0594-4A51-9405-4FC4214A0041	FILE_OBJECT_FILE	EVENT_READ	1523030630306116014
1873D009-39B4-11E8-BF66-D9AA8AFF4A69	SUBJECT_PROCESS	0C51AAE3-0594-4A51-9405-4FC4214A0041	FILE_OBJECT_FILE	EVENT_LSEEK	1523030630306116014
1873D009-39B4-11E8-BF66-D9AA8AFF4A69	SUBJECT_PROCESS	0C51AAE3-0594-4A51-9405-4FC4214A0041	FILE_OBJECT_FILE	EVENT_READ	1523030630306116014
1873D009-39B4-11E8-BF66-D9AA8AFF4A69	SUBJECT_PROCESS	0C51AAE3-0594-4A51-9405-4FC4214A0041	FILE_OBJECT_FILE	EVENT_LSEEK	1523030630306116014
1873D009-39B4-11E8-BF66-D9AA8AFF4A69	SUBJECT_PROCESS	0C51AAE3-0594-4A51-9405-4FC4214A0041	FILE_OBJECT_FILE	EVENT_READ	1523030630306116014
1873D009-39B4-11E8-BF66-D9AA8AFF4A69	SUBJECT_PROCESS	0C51AAE3-0594-4A51-9405-4FC4214A0041	FILE_OBJECT_FILE	EVENT_LSEEK	1523030630306116014
1873D009-39B4-11E8-BF66-D9AA8AFF4A69	SUBJECT_PROCESS	0C51AAE3-0594-4A51-9405-4FC4214A0041	FILE_OBJECT_FILE	EVENT_READ	1523030630306116014
1873D009-39B4-11E8-BF66-D9AA8AFF4A69	SUBJECT_PROCESS	0C51AAE3-0594-4A51-9405-4FC4214A0041	FILE_OBJECT_FILE	EVENT_LSEEK	1523030630306116014
1873D009-39B4-11E8-BF66-D9AA8AFF4A69	SUBJECT_PROCESS	0C51AAE3-0594-4A51-9405-4FC4214A0041	FILE_OBJECT_FILE	EVENT_READ	1523030630306116014
1873D009-39B4-11E8-BF66-D9AA8AFF4A69	SUBJECT_PROCESS	0C51AAE3-0594-4A51-9405-4FC4214A0041	FILE_OBJECT_FILE	EVENT_LSEEK	1523030630306116014
1873D009-39B4-11E8-BF66-D9AA8AFF4A69	SUBJECT_PROCESS	0C51AAE3-0594-4A51-9405-4FC4214A0041	FILE_OBJECT_FILE	EVENT_READ	1523030630306116014
1873D009-39B4-11E8-BF66-D9AA8AFF4A69	SUBJECT_PROCESS	0C51AAE3-0594-4A51-9405-4FC4214A0041	FILE_OBJECT_FILE	EVENT_LSEEK	1523030630306116014
1873D009-39B4-11E8-BF66-D9AA8AFF4A69	SUBJECT_PROCESS	0C51AAE3-0594-4A51-9405-4FC4214A0041	FILE_OBJECT_FILE	EVENT_READ	1523030630306116014
1873D009-39B4-11E8-BF66-D9AA8AFF4A69	SUBJECT_PROCESS	0C51AAE3-0594-4A51-9405-4FC4214A0041	FILE_OBJECT_FILE	EVENT_LSEEK	1523030630306116014
1873D009-39B4-11E8-BF66-D9AA8AFF4A69	SUBJECT_PROCESS	0C51AAE3-0594-4A51-9405-4FC4214A0041	FILE_OBJECT_FILE	EVENT_READ	1523030630306116014
1873D009-39B4-11E8-BF66-D9AA8AFF4A69	SUBJECT_PROCESS	0C51AAE3-0594-4A51-9405-4FC4214A0041	FILE_OBJECT_FILE	EVENT_LSEEK	1523030630306116014
1873D009-39B4-11E8-BF66-D9AA8AFF4A69	SUBJECT_PROCESS	0C51AAE3-0594-4A51-9405-4FC4214A0041	FILE_OBJECT_FILE	EVENT_READ	1523030630306116014
1873D009-39B4-11E8-BF66-D9AA8AFF4A69	SUBJECT_PROCESS	0C51AAE3-0594-4A51-9405-4FC4214A0041	FILE_OBJECT_FILE	EVENT_LSEEK	1523030630306116014
1873D009-39B4-11E8-BF66-D9AA8AFF4A69	SUBJECT_PROCESS	0C51AAE3-0594-4A51-9405-4FC4214A0041	FILE_OBJECT_FILE	EVENT_READ	1523030630306116014
1873D009-39B4-11E8-BF66-D9AA8AFF4A69	SUBJECT_PROCESS	0C51AAE3-0594-4A51-9405-4FC4214A0041	FILE_OBJECT_FILE	EVENT_LSEEK	1523030630306116014
1873D009-39B4-11E8-BF66-D9AA8AFF4A69	SUBJECT_PROCESS	0C51AAE3-0594-4A51-9405-4FC4214A0041	FILE_OBJECT_FILE	EVENT_READ	1523030630306116014
1873D009-39B4-11E8-BF66-D9AA8AFF4A69	SUBJECT_PROCESS	0C51AAE3-0594-4A51-9405-4FC4214A0041	FILE_OBJECT_FILE	EVENT_LSEEK	1523030630306116014
1873D009-39B4-11E8-BF66-D9AA8AFF4A69	SUBJECT_PROCESS	0C51AAE3-0594-4A51-9405-4FC4214A0041	FILE_OBJECT_FILE	EVENT_READ	1523030630306116014
1873D009-39B4-11E8-BF66-D9AA8AFF4A69	SUBJECT_PROCESS	0C51AAE3-0594-4A51-9405-4FC4214A0041	FILE_OBJECT_FILE	EVENT_LSEEK	1523030630306116014
1873D009-39B4-11E8-BF66-D9AA8AFF4A69	SUBJECT_PROCESS	0C51AAE3-0594-4A51-9405-4FC4214A0041	FILE_OBJECT_FILE	EVENT_READ	1523030630306116014
1873D009-39B4-11E8-BF66-D9AA8AFF4A69	SUBJECT_PROCESS	0C51AAE3-0594-4A51-9405-4FC4214A0041	FILE_OBJECT_FILE	EVENT_LSEEK	1523030630316115345
1873D009-39B4-11E8-BF66-D9AA8AFF4A69	SUBJECT_PROCESS	0C51AAE3-0594-4A51-9405-4FC4214A0041	FILE_OBJECT_FILE	EVENT_READ	1523030630316115345
1873D009-39B4-11E8-BF66-D9AA8AFF4A69	SUBJECT_PROCESS	0C51AAE3-0594-4A51-9405-4FC4214A0041	FILE_OBJECT_FILE	EVENT_LSEEK	1523030630316115345
1873D009-39B4-11E8-BF66-D9AA8AFF4A69	SUBJECT_PROCESS	0C51AAE3-0594-4A51-9405-4FC4214A0041	FILE_OBJECT_FILE	EVENT_READ	1523030630316115345
1873D009-39B4-11E8-BF66-D9AA8AFF4A69	SUBJECT_PROCESS	0C51AAE3-0594-4A51-9405-4FC4214A0041	FILE_OBJECT_FILE	EVENT_LSEEK	1523030630316115345
1873D009-39B4-11E8-BF66-D9AA8AFF4A69	SUBJECT_PROCESS	0C51AAE3-0594-4A51-9405-4FC4214A0041	FILE_OBJECT_FILE	EVENT_READ	1523030630316115345
1873D009-39B4-11E8-BF66-D9AA8AFF4A69	SUBJECT_PROCESS	0C51AAE3-0594-4A51-9405-4FC4214A0041	FILE_OBJECT_FILE	EVENT_LSEEK	1523030630316115345
1873D009-39B4-11E8-BF66-D9AA8AFF4A69	SUBJECT_PROCESS	0C51AAE3-0594-4A51-9405-4FC4214A0041	FILE_OBJECT_FILE	EVENT_READ	1523030630316115345
1873D009-39B4-11E8-BF66-D9AA8AFF4A69	SUBJECT_PROCESS	0C51AAE3-0594-4A51-9405-4FC4214A0041	FILE_OBJECT_FILE	EVENT_LSEEK	1523030630316115345
1873D009-39B4-11E8-BF66-D9AA8AFF4A69	SUBJECT_PROCESS	0C51AAE3-0594-4A51-9405-4FC4214A0041	FILE_OBJECT_FILE	EVENT_READ	1523030630316115345
1873D009-39B4-11E8-BF66-D9AA8AFF4A69	SUBJECT_PROCESS	0C51AAE3-0594-4A51-9405-4FC4214A0041	FILE_OBJECT_FILE	EVENT_LSEEK	1523030630316115345
1873D009-39B4-11E8-BF66-D9AA8AFF4A69	SUBJECT_PROCESS	0C51AAE3-0594-4A51-9405-4FC4214A0041	FILE_OBJECT_FILE	EVENT_READ	1523030630316115345
1873D009-39B4-11E8-BF66-D9AA8AFF4A69	SUBJECT_PROCESS	0C51AAE3-0594-4A51-9405-4FC4214A0041	FILE_OBJECT_FILE	EVENT_LSEEK	1523030630316115345
1873D009-39B4-11E8-BF66-D9AA8AFF4A69	SUBJECT_PROCESS	0C51AAE3-0594-4A51-9405-4FC4214A0041	FILE_OBJECT_FILE	EVENT_READ	1523030630316115345
1873D009-39B4-11E8-BF66-D9AA8AFF4A69	SUBJECT_PROCESS	0C51AAE3-0594-4A51-9405-4FC4214A0041	FILE_OBJECT_FILE	EVENT_LSEEK	1523030630316115345
1873D009-39B4-11E8-BF66-D9AA8AFF4A69	SUBJECT_PROCESS	0C51AAE3-0594-4A51-9405-4FC4214A0041	FILE_OBJECT_FILE	EVENT_READ	1523030630316115345
1873D009-39B4-11E8-BF66-D9AA8AFF4A69	SUBJECT_PROCESS	0C51AAE3-0594-4A51-9405-4FC4214A0041	FILE_OBJECT_FILE	EVENT_LSEEK	1523030630316115345
1873D009-39B4-11E8-BF66-D9AA8AFF4A69	SUBJECT_PROCESS	0C51AAE3-0594-4A51-9405-4FC4214A0041	FILE_OBJECT_FILE	EVENT_READ	1523030630316115345
1873D009-39B4-11E8-BF66-D9AA8AFF4A69	SUBJECT_PROCESS	0C51AAE3-0594-4A51-9405-4FC4214A0041	FILE_OBJECT_FILE	EVENT_LSEEK	1523030630316115345
1873D009-39B4-11E8-BF66-D9AA8AFF4A69	SUBJECT_PROCESS	0C51AAE3-0594-4A51-9405-4FC4214A0041	FILE_OBJECT_FILE	EVENT_READ	1523030630316115345
1873D009-39B4-11E8-BF66-D9AA8AFF4A69	SUBJECT_PROCESS	0C51AAE3-0594-4A51-9405-4FC4214A0041	FILE_OBJECT_FILE	EVENT_LSEEK	1523030630316115345
1873D009-39B4-11E8-BF66-D9AA8AFF4A69	SUBJECT_PROCESS	0C51AAE3-0594-4A51-9405-4FC4214A0041	FILE_OBJECT_FILE	EVENT_READ	1523030630316115345
1873D009-39B4-11E8-BF66-D9AA8AFF4A69	SUBJECT_PROCESS	0C51AAE3-0594-4A51-9405-4FC4214A0041	FILE_OBJECT_FILE	EVENT_LSEEK	1523030630316115345
1873D009-39B4-11E8-BF66-D9AA8AFF4A69	SUBJECT_PROCESS	0C51AAE3-0594-4A51-9405-4FC4214A0041	FILE_OBJECT_FILE	EVENT_READ	1523030630316115345
1873D009-39B4-11E8-BF66-D9AA8AFF4A69	SUBJECT_PROCESS	0C51AAE3-0594-4A51-9405-4FC4214A0041	FILE_OBJECT_FILE	EVENT_LSEEK	1523030630316115345
1873D009-39B4-11E8-BF66-D9AA8AFF4A69	SUBJECT_PROCESS	0C51AAE3-0594-4A51-9405-4FC4214A0041	FILE_OBJECT_FILE	EVENT_READ	1523030630316115345
1873D009-39B4-11E8-BF66-D9AA8AFF4A69	SUBJECT_PROCESS	0C51AAE3-0594-4A51-9405-4FC4214A0041	FILE_OBJECT_FILE	EVENT_LSEEK	1523030630316115345
1873D009-39B4-11E8-BF66-D9AA8AFF4A69	SUBJECT_PROCESS	0C51AAE3-0594-4A51-9405-4FC4214A0041	FILE_OBJECT_FILE	EVENT_READ	1523030630316115345
1873D009-39B4-11E8-BF66-D9AA8AFF4A69	SUBJECT_PROCESS	0C51AAE3-0594-4A51-9405-4FC4214A0041	FILE_OBJECT_FILE	EVENT_LSEEK	1523030630316115345
1873D009-39B4-11E8-BF66-D9AA8AFF4A69	SUBJECT_PROCESS	0C51AAE3-0594-4A51-9405-4FC4214A0041	FILE_OBJECT_FILE	EVENT_READ	1523030630316115345
1873D009-39B4-11E8-BF66-D9AA8AFF4A69	SUBJECT_PROCESS	0C51AAE3-0594-4A51-9405-4FC4214A0041	FILE_OBJECT_FILE	EVENT_LSEEK	1523030630316115345
1873D009-39B4-11E8-BF66-D9AA8AFF4A69	SUBJECT_PROCESS	0C51AAE3-0594-4A51-9405-4FC4214A0041	FILE_OBJECT_FILE	EVENT_READ	1523030630316115345
1873D009-39B4-11E8-BF66-D9AA8AFF4A69	SUBJECT_PROCESS	0C51AAE3-0594-4A51-9405-4FC4214A0041	FILE_OBJECT_FILE	EVENT_LSEEK	1523030630316115345
1873D009-39B4-11E8-BF66-D9AA8AFF4A69	SUBJECT_PROCESS	0C51AAE3-0594-4A51-9405-4FC4214A0041	FILE_OBJECT_FILE	EVENT_READ	1523030630326123146
1873D009-39B4-11E8-BF66-D9AA8AFF4A69	SUBJECT_PROCESS	0C51AAE3-0594-4A51-9405-4FC4214A0041	FILE_OBJECT_FILE	EVENT_LSEEK	1523030630326123146
1873D009-39B4-11E8-BF66-D9AA8AFF4A69	SUBJECT_PROCESS	0C51AAE3-0594-4A51-9405-4FC4214A0041	FILE_OBJECT_FILE	EVENT_READ	1523030630326123146
1873D009-39B4-11E8-BF66-D9AA8AFF4A69	SUBJECT_PROCESS	0C51AAE3-0594-4A51-9405-4FC4214A0041	FILE_OBJECT_FILE	EVENT_LSEEK	1523030630326123146
1873D009-39B4-11E8-BF66-D9AA8AFF4A69	SUBJECT_PROCESS	0C51AAE3-0594-4A51-9405-4FC4214A0041	FILE_OBJECT_FILE	EVENT_READ	1523030630326123146
1873D009-39B4-11E8-BF66-D9AA8AFF4A69	SUBJECT_PROCESS	0C51AAE3-0594-4A51-9405-4FC4214A0041	FILE_OBJECT_FILE	EVENT_LSEEK	1523030630326123146
1873D009-39B4-11E8-BF66-D9AA8AFF4A69	SUBJECT_PROCESS	0C51AAE3-0594-4A51-9405-4FC4214A0041	FILE_OBJECT_FILE	EVENT_READ	1523030630326123146
1873D009-39B4-11E8-BF66-D9AA8AFF4A69	SUBJECT_PROCESS	0C51AAE3-0594-4A51-9405-4FC4214A0041	FILE_OBJECT_FILE	EVENT_LSEEK	1523030630326123146
1873D009-39B4-11E8-BF66-D9AA8AFF4A69	SUBJECT_PROCESS	0C51AAE3-0594-4A51-9405-4FC4214A0041	FILE_OBJECT_FILE	EVENT_READ	1523030630326123146
1873D009-39B4-11E8-BF66-D9AA8AFF4A69	SUBJECT_PROCESS	0C51AAE3-0594-4A51-9405-4FC4214A0041	FILE_OBJECT_FILE	EVENT_LSEEK	1523030630326123146
1873D009-39B4-11E8-BF66-D9AA8AFF4A69	SUBJECT_PROCESS	0C51AAE3-0594-4A51-9405-4FC4214A0041	FILE_OBJECT_FILE	EVENT_READ	1523030630326123146
1873D009-39B4-11E8-BF66-D9AA8AFF4A69	SUBJECT_PROCESS	0C51AAE3-0594-4A51-9405-4FC4214A0041	FILE_OBJECT_FILE	EVENT_LSEEK	1523030630326123146
1873D009-39B4-11E8-BF66-D9AA8AFF4A69	SUBJECT_PROCESS	0C51AAE3-0594-4A51-9405-4FC4214A0041	FILE_OBJECT_FILE	EVENT_READ	1523030630326123146
1873D009-39B4-11E8-BF66-D9AA8AFF4A69	SUBJECT_PROCESS	0C51AAE3-0594-4A51-9405-4FC4214A0041	FILE_OBJECT_FILE	EVENT_LSEEK	1523030630326123146
1873D009-39B4-11E8-BF66-D9AA8AFF4A69	SUBJECT_PROCESS	0C51AAE3-0594-4A51-9405-4FC4214A0041	FILE_OBJECT_FILE	EVENT_READ	1523030630326123146
1873D009-39B4-11E8-BF66-D9AA8AFF4A69	SUBJECT_PROCESS	0C51AAE3-0594-4A51-9405-4FC4214A0041	FILE_OBJECT_FILE	EVENT_LSEEK	1523030630326123146
1873D009-39B4-11E8-BF66-D9AA8AFF4A69	SUBJECT_PROCESS	0C51AAE3-0594-4A51-9405-4FC4214A0041	FILE_OBJECT_FILE	EVENT_READ	1523030630326123146
1873D009-39B4-11E8-BF66-D9AA8AFF4A69	SUBJECT_PROCESS	0C51AAE3-0594-4A51-9405-4FC4214A0041	FILE_OBJECT_FILE	EVENT_LSEEK	1523030630326123146
1873D009-39B4-11E8-BF66-D9AA8AFF4A69	SUBJECT_PROCESS	0C51AAE3-0594-4A51-9405-4FC4214A0041	FILE_OBJECT_FILE	EVENT_READ	1523030630326123146
1873D009-39B4-11E8-BF66-D9AA8AFF4A69	SUBJECT_PROCESS	0C51AAE3-0594-4A51-9405-4FC4214A0041	FILE_OBJECT_FILE	EVENT_LSEEK	1523030630326123146
1873D009-39B4-11E8-BF66-D9AA8AFF4A69	SUBJECT_PROCESS	0C51AAE3-0594-4A51-9405-4FC4214A0041	FILE_OBJECT_FILE	EVENT_READ	1523030630326123146
1873D009-39B4-11E8-BF66-D9AA8AFF4A69	SUBJECT_PROCESS	0C51AAE3-0594-4A51-9405-4FC4214A0041	FILE_OBJECT_FILE	EVENT_LSEEK	1523030630326123146
1873D009-39B4-11E8-BF66-D9AA8AFF4A69	SUBJECT_PROCESS	0C51AAE3-0594-4A51-9405-4FC4214A0041	FILE_OBJECT_FILE	EVENT_READ	1523030630326123146
1873D009-39B4-11E8-BF66-D9AA8AFF4A69	SUBJECT_PROCESS	0C51AAE3-0594-4A51-9405-4FC4214A0041	FILE_OBJECT_FILE	EVENT_LSEEK	1523030630326123146
1873D009-39B4-11E8-BF66-D9AA8AFF4A69	SUBJECT_PROCESS	0C51AAE3-0594-4A51-9405-4FC4214A0041	FILE_OBJECT_FILE	EVENT_READ	1523030630326123146
1873D009-39B4-11E8-BF66-D9AA8AFF4A69	SUBJECT_PROCESS	0C51AAE3-0594-4A51-9405-4FC4214A0041	FILE_OBJECT_FILE	EVENT_LSEEK	1523030630326123146
1873D009-39B4-11E8-BF66-D9AA8AFF4A69	SUBJECT_PROCESS	0C51AAE3-0594-4A51-9405-4FC4214A0041	FILE_OBJECT_FILE	EVENT_READ	1523030630326123146
1873D009-39B4-11E8-BF66-D9AA8AFF4A69	SUBJECT_PROCESS	0C51AAE3-0594-4A51-9405-4FC4214A0041	FILE_OBJECT_FILE	EVENT_LSEEK	1523030630326123146
1873D009-39B4-11E8-BF66-D9AA8AFF4A69	SUBJECT_PROCESS	0C51AAE3-0594-4A51-9405-4FC4214A0041	FILE_OBJECT_FILE	EVENT_READ	1523030630326123146
1873D009-39B4-11E8-BF66-D9AA8AFF4A69	SUBJECT_PROCESS	0C51AAE3-0594-4A51-9405-4FC4214A0041	FILE_OBJECT_FILE	EVENT_LSEEK	1523030630326123146
1873D009-39B4-11E8-BF66-D9AA8AFF4A69	SUBJECT_PROCESS	0C51AAE3-0594-4A51-9405-4FC4214A0041	FILE_OBJECT_FILE	EVENT_READ	1523030630336124456
1873D009-39B4-11E8-BF66-D9AA8AFF4A69	SUBJECT_PROCESS	0C51AAE3-0594-4A51-9405-4FC4214A0041	FILE_OBJECT_FILE	EVENT_LSEEK	1523030630336124456
1873D009-39B4-11E8-BF66-D9AA8AFF4A69	SUBJECT_PROCESS	0C51AAE3-0594-4A51-9405-4FC4214A0041	FILE_OBJECT_FILE	EVENT_READ	1523030630336124456
1873D009-39B4-11E8-BF66-D9AA8AFF4A69	SUBJECT_PROCESS	0C51AAE3-0594-4A51-9405-4FC4214A0041	FILE_OBJECT_FILE	EVENT_LSEEK	1523030630336124456
1873D009-39B4-11E8-BF66-D9AA8AFF4A69	SUBJECT_PROCESS	0C51AAE3-0594-4A51-9405-4FC4214A0041	FILE_OBJECT_FILE	EVENT_READ	1523030630336124456
1873D009-39B4-11E8-BF66-D9AA8AFF4A69	SUBJECT_PROCESS	0C51AAE3-0594-4A51-9405-4FC4214A0041	FILE_OBJECT_FILE	EVENT_LSEEK	1523030630336124456
1873D009-39B4-11E8-BF66-D9AA8AFF4A69	SUBJECT_PROCESS	0C51AAE3-0594-4A51-9405-4FC4214A0041	FILE_OBJECT_FILE	EVENT_READ	1523030630336124456
1873D009-39B4-11E8-BF66-D9AA8AFF4A69	SUBJECT_PROCESS	0C51AAE3-0594-4A51-9405-4FC4214A0041	FILE_OBJECT_FILE	EVENT_LSEEK	1523030630336124456
1873D009-39B4-11E8-BF66-D9AA8AFF4A69	SUBJECT_PROCESS	0C51AAE3-0594-4A51-9405-4FC4214A0041	FILE_OBJECT_FILE	EVENT_READ	1523030630336124456
1873D009-39B4-11E8-BF66-D9AA8AFF4A69	SUBJECT_PROCESS	0C51AAE3-0594-4A51-9405-4FC4214A0041	FILE_OBJECT_FILE	EVENT_LSEEK	1523030630336124456
1873D009-39B4-11E8-BF66-D9AA8AFF4A69	SUBJECT_PROCESS	0C51AAE3-0594-4A51-9405-4FC4214A0041	FILE_OBJECT_FILE	EVENT_READ	1523030630336124456
1873D009-39B4-11E8-BF66-D9AA8AFF4A69	SUBJECT_PROCESS	0C51AAE3-0594-4A51-9405-4FC4214A0041	FILE_OBJECT_FILE	EVENT_LSEEK	1523030630336124456
1873D009-39B4-11E8-BF66-D9AA8AFF4A69	SUBJECT_PROCESS	0C51AAE3-0594-4A51-9405-4FC4214A0041	FILE_OBJECT_FILE	EVENT_READ	1523030630336124456
1873D009-39B4-11E8-BF66-D9AA8AFF4A69	SUBJECT_PROCESS	0C51AAE3-0594-4A51-9405-4FC4214A0041	FILE_OBJECT_FILE	EVENT_LSEEK	1523030630336124456
1873D009-39B4-11E8-BF66-D9AA8AFF4A69	SUBJECT_PROCESS	0C51AAE3-0594-4A51-9405-4FC4214A0041	FILE_OBJECT_FILE	EVENT_READ	1523030630336124456
1873D009-39B4-11E8-BF66-D9AA8AFF4A69	SUBJECT_PROCESS	0C51AAE3-0594-4A51-9405-4FC4214A0041	FILE_OBJECT_FILE	EVENT_LSEEK	1523030630336124456
1873D009-39B4-11E8-BF66-D9AA8AFF4A69	SUBJECT_PROCESS	0C51AAE3-0594-4A51-9405-4FC4214A0041	FILE_OBJECT_FILE	EVENT_READ	1523030630336124456
1873D009-39B4-11E8-BF66-D9AA8AFF4A69	SUBJECT_PROCESS	0C51AAE3-0594-4A51-9405-4FC4214A0041	FILE_OBJECT_FILE	EVENT_LSEEK	1523030630336124456
1873D009-39B4-11E8-BF66-D9AA8AFF4A69	SUBJECT_PROCESS	0C51AAE3-0594-4A51-9405-4FC4214A0041	FILE_OBJECT_FILE	EVENT_READ	1523030630336124456
1873D009-39B4-11E8-BF66-D9AA8AFF4A69	SUBJECT_PROCESS	0C51AAE3-0594-4A51-9405-4FC4214A0041	FILE_OBJECT_FILE	EVENT_LSEEK	1523030630336124456
1873D009-39B4-11E8-BF66-D9AA8AFF4A69	SUBJECT_PROCESS	0C51AAE3-0594-4A51-9405-4FC4214A0041	FILE_OBJECT_FILE	EVENT_READ	1523030630336124456
1873D009-39B4-11E8-BF66-D9AA8AFF4A69	SUBJECT_PROCESS	0C51AAE3-0594-4A51-9405-4FC4214A0041	FILE_OBJECT_FILE	EVENT_LSEEK	1523030630336124456
1873D009-39B4-11E8-BF66-D9AA8AFF4A69	SUBJECT_PROCESS	0C51AAE3-0594-4A51-9405-4FC4214A0041	FILE_OBJECT_FILE	EVENT_READ	1523030630336124456
1873D009-39B4-11E8-BF66-D9AA8AFF4A69	SUBJECT_PROCESS	0C51AAE3-0594-4A51-9405-4FC4214A0041	FILE_OBJECT_FILE	EVENT_LSEEK	1523030630336124456
1873D009-39B4-11E8-BF66-D9AA8AFF4A69	SUBJECT_PROCESS	0C51AAE3-0594-4A51-9405-4FC4214A0041	FILE_OBJECT_FILE	EVENT_READ	1523030630336124456
1873D009-39B4-11E8-BF66-D9AA8AFF4A69	SUBJECT_PROCESS	0C51AAE3-0594-4A51-9405-4FC4214A0041	FILE_OBJECT_FILE	EVENT_LSEEK	1523030630336124456
1873D009-39B4-11E8-BF66-D9AA8AFF4A69	SUBJECT_PROCESS	0C51AAE3-0594-4A51-9405-4FC4214A0041	FILE_OBJECT_FILE	EVENT_READ	1523030630336124456
1873D009-39B4-11E8-BF66-D9AA8AFF4A69	SUBJECT_PROCESS	0C51AAE3-0594-4A51-9405-4FC4214A0041	FILE_OBJECT_FILE	EVENT_LSEEK	1523030630336124456
1873D009-39B4-11E8-BF66-D9AA8AFF4A69	SUBJECT_PROCESS	0C51AAE3-0594-4A51-9405-4FC4214A0041	FILE_OBJECT_FILE	EVENT_READ	1523030630336124456
1873D009-39B4-11E8-BF66-D9AA8AFF4A69	SUBJECT_PROCESS	0C51AAE3-0594-4A51-9405-4FC4214A0041	FILE_OBJECT_FILE	EVENT_LSEEK	1523030630336124456
1873D009-39B4-11E8-BF66-D9AA8AFF4A69	SUBJECT_PROCESS	0C51AAE3-0594-4A51-9405-4FC4214A0041	FILE_OBJECT_FILE	EVENT_READ	1523030630336124456
1873D009-39B4-11E8-BF66-D9AA8AFF4A69	SUBJECT_PROCESS	0C51AAE3-0594-4A51-9405-4FC4214A0041	FILE_OBJECT_FILE	EVENT_LSEEK	1523030630346114117
1873D009-39B4-11E8-BF66-D9AA8AFF4A69	SUBJECT_PROCESS	0C51AAE3-0594-4A51-9405-4FC4214A0041	FILE_OBJECT_FILE	EVENT_READ	1523030630346114117
1873D009-39B4-11E8-BF66-D9AA8AFF4A69	SUBJECT_PROCESS	0C51AAE3-0594-4A51-9405-4FC4214A0041	FILE_OBJECT_FILE	EVENT_LSEEK	1523030630346114117
1873D009-39B4-11E8-BF66-D9AA8AFF4A69	SUBJECT_PROCESS	0C51AAE3-0594-4A51-9405-4FC4214A0041	FILE_OBJECT_FILE	EVENT_READ	1523030630346114117
1873D009-39B4-11E8-BF66-D9AA8AFF4A69	SUBJECT_PROCESS	0C51AAE3-0594-4A51-9405-4FC4214A0041	FILE_OBJECT_FILE	EVENT_LSEEK	1523030630346114117
1873D009-39B4-11E8-BF66-D9AA8AFF4A69	SUBJECT_PROCESS	0C51AAE3-0594-4A51-9405-4FC4214A0041	FILE_OBJECT_FILE	EVENT_READ	1523030630346114117
1873D009-39B4-11E8-BF66-D9AA8AFF4A69	SUBJECT_PROCESS	0C51AAE3-0594-4A51-9405-4FC4214A0041	FILE_OBJECT_FILE	EVENT_LSEEK	1523030630346114117
1873D009-39B4-11E8-BF66-D9AA8AFF4A69	SUBJECT_PROCESS	0C51AAE3-0594-4A51-9405-4FC4214A0041	FILE_OBJECT_FILE	EVENT_READ	1523030630346114117
1873D009-39B4-11E8-BF66-D9AA8AFF4A69	SUBJECT_PROCESS	0C51AAE3-0594-4A51-9405-4FC4214A0041	FILE_OBJECT_FILE	EVENT_LSEEK	1523030630346114117
1873D009-39B4-11E8-BF66-D9AA8AFF4A69	SUBJECT_PROCESS	0C51AAE3-0594-4A51-9405-4FC4214A0041	FILE_OBJECT_FILE	EVENT_READ	1523030630346114117
1873D009-39B4-11E8-BF66-D9AA8AFF4A69	SUBJECT_PROCESS	0C51AAE3-0594-4A51-9405-4FC4214A0041	FILE_OBJECT_FILE	EVENT_LSEEK	1523030630346114117
1873D009-39B4-11E8-BF66-D9AA8AFF4A69	SUBJECT_PROCESS	0C51AAE3-0594-4A51-9405-4FC4214A0041	FILE_OBJECT_FILE	EVENT_READ	1523030630346114117
1873D009-39B4-11E8-BF66-D9AA8AFF4A69	SUBJECT_PROCESS	0C51AAE3-0594-4A51-9405-4FC4214A0041	FILE_OBJECT_FILE	EVENT_LSEEK	1523030630346114117
1873D009-39B4-11E8-BF66-D9AA8AFF4A69	SUBJECT_PROCESS	0C51AAE3-0594-4A51-9405-4FC4214A0041	FILE_OBJECT_FILE	EVENT_READ	1523030630346114117
1873D009-39B4-11E8-BF66-D9AA8AFF4A69	SUBJECT_PROCESS	0C51AAE3-0594-4A51-9405-4FC4214A0041	FILE_OBJECT_FILE	EVENT_LSEEK	1523030630346114117
1873D009-39B4-11E8-BF66-D9AA8AFF4A69	SUBJECT_PROCESS	0C51AAE3-0594-4A51-9405-4FC4214A0041	FILE_OBJECT_FILE	EVENT_READ	1523030630346114117
1873D009-39B4-11E8-BF66-D9AA8AFF4A69	SUBJECT_PROCESS	0C51AAE3-0594-4A51-9405-4FC4214A0041	FILE_OBJECT_FILE	EVENT_LSEEK	1523030630346114117
1873D009-39B4-11E8-BF66-D9AA8AFF4A69	SUBJECT_PROCESS	0C51AAE3-0594-4A51-9405-4FC4214A0041	FILE_OBJECT_FILE	EVENT_READ	1523030630346114117
1873D009-39B4-11E8-BF66-D9AA8AFF4A69	SUBJECT_PROCESS	0C51AAE3-0594-4A51-9405-4FC4214A0041	FILE_OBJECT_FILE	EVENT_LSEEK	1523030630346114117
1873D009-39B4-11E8-BF66-D9AA8AFF4A69	SUBJECT_PROCESS	0C51AAE3-0594-4A51-9405-4FC4214A0041	FILE_OBJECT_FILE	EVENT_READ	1523030630346114117
1873D009-39B4-11E8-BF66-D9AA8AFF4A69	SUBJECT_PROCESS	0C51AAE3-0594-4A51-9405-4FC4214A0041	FILE_OBJECT_FILE	EVENT_LSEEK	1523030630346114117
1873D009-39B4-11E8-BF66-D9AA8AFF4A69	SUBJECT_PROCESS	0C51AAE3-0594-4A51-9405-4FC4214A0041	FILE_OBJECT_FILE	EVENT_READ	1523030630346114117
1873D009-39B4-11E8-BF66-D9AA8AFF4A69	SUBJECT_PROCESS	0C51AAE3-0594-4A51-9405-4FC4214A0041	FILE_OBJECT_FILE	EVENT_LSEEK	1523030630346114117
1873D009-39B4-11E8-BF66-D9AA8AFF4A69	SUBJECT_PROCESS	0C51AAE3-0594-4A51-9405-4FC4214A0041	FILE_OBJECT_FILE	EVENT_READ	1523030630346114117
1873D009-39B4-11E8-BF66-D9AA8AFF4A69	SUBJECT_PROCESS	0C51AAE3-0594-4A51-9405-4FC4214A0041	FILE_OBJECT_FILE	EVENT_LSEEK	1523030630346114117
1873D009-39B4-11E8-BF66-D9AA8AFF4A69	SUBJECT_PROCESS	0C51AAE3-0594-4A51-9405-4FC4214A0041	FILE_OBJECT_FILE	EVENT_READ	1523030630346114117
1873D009-39B4-11E8-BF66-D9AA8AFF4A69	SUBJECT_PROCESS	0C51AAE3-0594-4A51-9405-4FC4214A0041	FILE_OBJECT_FILE	EVENT_LSEEK	1523030630346114117
1873D009-39B4-11E8-BF66-D9AA8AFF4A69	SUBJECT_PROCESS	0C51AAE3-0594-4A51-9405-4FC4214A0041	FILE_OBJECT_FILE	EVENT_READ	1523030630346114117
1873D009-39B4-11E8-BF66-D9AA8AFF4A69	SUBJECT_PROCESS	0C51AAE3-0594-4A51-9405-4FC4214A0041	FILE_OBJECT_FILE	EVENT_LSEEK	1523030630346114117
1873D009-39B4-11E8-BF66-D9AA8AFF4A69	SUBJECT_PROCESS	0C51AAE3-0594-4A51-9405-4FC4214A0041	FILE_OBJECT_FILE	EVENT_READ	1523030630346114117
1873D009-39B4-11E8-BF66-D9AA8AFF4A69	SUBJECT_PROCESS	0C51AAE3-0594-4A51-9405-4FC4214A0041	FILE_OBJECT_FILE	EVENT_LSEEK	1523030630346114117
1873D009-39B4-11E8-BF66-D9AA8AFF4A69	SUBJECT_PROCESS	0C51AAE3-0594-4A51-9405-4FC4214A0041	FILE_OBJECT_FILE	EVENT_READ	1523030630346114117
1873D009-39B4-11E8-BF66-D9AA8AFF4A69	SUBJECT_PROCESS	0C51AAE3-0594-4A51-9405-4FC4214A0041	FILE_OBJECT_FILE	EVENT_LSEEK	1523030630356115898
1873D009-39B4-11E8-BF66-D9AA8AFF4A69	SUBJECT_PROCESS	0C51AAE3-0594-4A51-9405-4FC4214A0041	FILE_OBJECT_FILE	EVENT_READ	1523030630356115898
1873D009-39B4-11E8-BF66-D9AA8AFF4A69	SUBJECT_PROCESS	0C51AAE3-0594-4A51-9405-4FC4214A0041	FILE_OBJECT_FILE	EVENT_LSEEK	1523030630356115898
1873D009-39B4-11E8-BF66-D9AA8AFF4A69	SUBJECT_PROCESS	0C51AAE3-0594-4A51-9405-4FC4214A0041	FILE_OBJECT_FILE	EVENT_READ	1523030630356115898
1873D009-39B4-11E8-BF66-D9AA8AFF4A69	SUBJECT_PROCESS	0C51AAE3-0594-4A51-9405-4FC4214A0041	FILE_OBJECT_FILE	EVENT_LSEEK	1523030630356115898
1873D009-39B4-11E8-BF66-D9AA8AFF4A69	SUBJECT_PROCESS	0C51AAE3-0594-4A51-9405-4FC4214A0041	FILE_OBJECT_FILE	EVENT_READ	1523030630356115898
1873D009-39B4-11E8-BF66-D9AA8AFF4A69	SUBJECT_PROCESS	0C51AAE3-0594-4A51-9405-4FC4214A0041	FILE_OBJECT_FILE	EVENT_LSEEK	1523030630356115898
1873D009-39B4-11E8-BF66-D9AA8AFF4A69	SUBJECT_PROCESS	0C51AAE3-0594-4A51-9405-4FC4214A0041	FILE_OBJECT_FILE	EVENT_READ	1523030630356115898
1873D009-39B4-11E8-BF66-D9AA8AFF4A69	SUBJECT_PROCESS	0C51AAE3-0594-4A51-9405-4FC4214A0041	FILE_OBJECT_FILE	EVENT_LSEEK	1523030630356115898
1873D009-39B4-11E8-BF66-D9AA8AFF4A69	SUBJECT_PROCESS	0C51AAE3-0594-4A51-9405-4FC4214A0041	FILE_OBJECT_FILE	EVENT_READ	1523030630356115898
1873D009-39B4-11E8-BF66-D9AA8AFF4A69	SUBJECT_PROCESS	0C51AAE3-0594-4A51-9405-4FC4214A0041	FILE_OBJECT_FILE	EVENT_LSEEK	1523030630356115898
1873D009-39B4-11E8-BF66-D9AA8AFF4A69	SUBJECT_PROCESS	0C51AAE3-0594-4A51-9405-4FC4214A0041	FILE_OBJECT_FILE	EVENT_READ	1523030630356115898
1873D009-39B4-11E8-BF66-D9AA8AFF4A69	SUBJECT_PROCESS	0C51AAE3-0594-4A51-9405-4FC4214A0041	FILE_OBJECT_FILE	EVENT_LSEEK	1523030630356115898
1873D009-39B4-11E8-BF66-D9AA8AFF4A69	SUBJECT_PROCESS	0C51AAE3-0594-4A51-9405-4FC4214A0041	FILE_OBJECT_FILE	EVENT_READ	1523030630356115898
1873D009-39B4-11E8-BF66-D9AA8AFF4A69	SUBJECT_PROCESS	0C51AAE3-0594-4A51-9405-4FC4214A0041	FILE_OBJECT_FILE	EVENT_LSEEK	1523030630356115898
1873D009-39B4-11E8-BF66-D9AA8AFF4A69	SUBJECT_PROCESS	0C51AAE3-0594-4A51-9405-4FC4214A0041	FILE_OBJECT_FILE	EVENT_READ	1523030630356115898
1873D009-39B4-11E8-BF66-D9AA8AFF4A69	SUBJECT_PROCESS	0C51AAE3-0594-4A51-9405-4FC4214A0041	FILE_OBJECT_FILE	EVENT_LSEEK	1523030630356115898
1873D009-39B4-11E8-BF66-D9AA8AFF4A69	SUBJECT_PROCESS	0C51AAE3-0594-4A51-9405-4FC4214A0041	FILE_OBJECT_FILE	EVENT_READ	1523030630356115898
1873D009-39B4-11E8-BF66-D9AA8AFF4A69	SUBJECT_PROCESS	0C51AAE3-0594-4A51-9405-4FC4214A0041	FILE_OBJECT_FILE	EVENT_LSEEK	1523030630356115898
1873D009-39B4-11E8-BF66-D9AA8AFF4A69	SUBJECT_PROCESS	0C51AAE3-0594-4A51-9405-4FC4214A0041	FILE_OBJECT_FILE	EVENT_READ	1523030630356115898
1873D009-39B4-11E8-BF66-D9AA8AFF4A69	SUBJECT_PROCESS	0C51AAE3-0594-4A51-9405-4FC4214A0041	FILE_OBJECT_FILE	EVENT_LSEEK	1523030630356115898
1873D009-39B4-11E8-BF66-D9AA8AFF4A69	SUBJECT_PROCESS	0C51AAE3-0594-4A51-9405-4FC4214A0041	FILE_OBJECT_FILE	EVENT_READ	1523030630356115898
1873D009-39B4-11E8-BF66-D9AA8AFF4A69	SUBJECT_PROCESS	0C51AAE3-0594-4A51-9405-4FC4214A0041	FILE_OBJECT_FILE	EVENT_LSEEK	1523030630356115898
1873D009-39B4-11E8-BF66-D9AA8AFF4A69	SUBJECT_PROCESS	0C51AAE3-0594-4A51-9405-4FC4214A0041	FILE_OBJECT_FILE	EVENT_READ	1523030630356115898
1873D009-39B4-11E8-BF66-D9AA8AFF4A69	SUBJECT_PROCESS	0C51AAE3-0594-4A51-9405-4FC4214A0041	FILE_OBJECT_FILE	EVENT_LSEEK	1523030630356115898
1873D009-39B4-11E8-BF66-D9AA8AFF4A69	SUBJECT_PROCESS	0C51AAE3-0594-4A51-9405-4FC4214A0041	FILE_OBJECT_FILE	EVENT_READ	1523030630356115898
1873D009-39B4-11E8-BF66-D9AA8AFF4A69	SUBJECT_PROCESS	0C51AAE3-0594-4A51-9405-4FC4214A0041	FILE_OBJECT_FILE	EVENT_LSEEK	1523030630356115898
1873D009-39B4-11E8-BF66-D9AA8AFF4A69	SUBJECT_PROCESS	0C51AAE3-0594-4A51-9405-4FC4214A0041	FILE_OBJECT_FILE	EVENT_READ	1523030630356115898
1873D009-39B4-11E8-BF66-D9AA8AFF4A69	SUBJECT_PROCESS	0C51AAE3-0594-4A51-9405-4FC4214A0041	FILE_OBJECT_FILE	EVENT_LSEEK	1523030630356115898
1873D009-39B4-11E8-BF66-D9AA8AFF4A69	SUBJECT_PROCESS	0C51AAE3-0594-4A51-9405-4FC4214A0041	FILE_OBJECT_FILE	EVENT_READ	1523030630356115898
1873D009-39B4-11E8-BF66-D9AA8AFF4A69	SUBJECT_PROCESS	0C51AAE3-0594-4A51-9405-4FC4214A0041	FILE_OBJECT_FILE	EVENT_LSEEK	1523030630356115898
1873D009-39B4-11E8-BF66-D9AA8AFF4A69	SUBJECT_PROCESS	0C51AAE3-0594-4A51-9405-4FC4214A0041	FILE_OBJECT_FILE	EVENT_READ	1523030630356115898
1873D009-39B4-11E8-BF66-D9AA8AFF4A69	SUBJECT_PROCESS	0C51AAE3-0594-4A51-9405-4FC4214A0041	FILE_OBJECT_FILE	EVENT_LSEEK	1523030630356115898
1873D009-39B4-11E8-BF66-D9AA8AFF4A69	SUBJECT_PROCESS	0C51AAE3-0594-4A51-9405-4FC4214A0041	FILE_OBJECT_FILE	EVENT_READ	1523030630366116949
1873D009-39B4-11E8-BF66-D9AA8AFF4A69	SUBJECT_PROCESS	0C51AAE3-0594-4A51-9405-4FC4214A0041	FILE_OBJECT_FILE	EVENT_LSEEK	1523030630366116949
1873D009-39B4-11E8-BF66-D9AA8AFF4A69	SUBJECT_PROCESS	0C51AAE3-0594-4A51-9405-4FC4214A0041	FILE_OBJECT_FILE	EVENT_READ	1523030630366116949
1873D009-39B4-11E8-BF66-D9AA8AFF4A69	SUBJECT_PROCESS	0C51AAE3-0594-4A51-9405-4FC4214A0041	FILE_OBJECT_FILE	EVENT_LSEEK	1523030630366116949
1873D009-39B4-11E8-BF66-D9AA8AFF4A69	SUBJECT_PROCESS	0C51AAE3-0594-4A51-9405-4FC4214A0041	FILE_OBJECT_FILE	EVENT_READ	1523030630366116949
1873D009-39B4-11E8-BF66-D9AA8AFF4A69	SUBJECT_PROCESS	0C51AAE3-0594-4A51-9405-4FC4214A0041	FILE_OBJECT_FILE	EVENT_LSEEK	1523030630366116949
1873D009-39B4-11E8-BF66-D9AA8AFF4A69	SUBJECT_PROCESS	0C51AAE3-0594-4A51-9405-4FC4214A0041	FILE_OBJECT_FILE	EVENT_READ	1523030630366116949
1873D009-39B4-11E8-BF66-D9AA8AFF4A69	SUBJECT_PROCESS	0C51AAE3-0594-4A51-9405-4FC4214A0041	FILE_OBJECT_FILE	EVENT_LSEEK	1523030630366116949
1873D009-39B4-11E8-BF66-D9AA8AFF4A69	SUBJECT_PROCESS	0C51AAE3-0594-4A51-9405-4FC4214A0041	FILE_OBJECT_FILE	EVENT_READ	1523030630366116949
1873D009-39B4-11E8-BF66-D9AA8AFF4A69	SUBJECT_PROCESS	0C51AAE3-0594-4A51-9405-4FC4214A0041	FILE_OBJECT_FILE	EVENT_LSEEK	1523030630366116949
1873D009-39B4-11E8-BF66-D9AA8AFF4A69	SUBJECT_PROCESS	0C51AAE3-0594-4A51-9405-4FC4214A0041	FILE_OBJECT_FILE	EVENT_READ	1523030630366116949
1873D009-39B4-11E8-BF66-D9AA8AFF4A69	SUBJECT_PROCESS	0C51AAE3-0594-4A51-9405-4FC4214A0041	FILE_OBJECT_FILE	EVENT_LSEEK	1523030630366116949
1873D009-39B4-11E8-BF66-D9AA8AFF4A69	SUBJECT_PROCESS	0C51AAE3-0594-4A51-9405-4FC4214A0041	FILE_OBJECT_FILE	EVENT_READ	1523030630366116949
1873D009-39B4-11E8-BF66-D9AA8AFF4A69	SUBJECT_PROCESS	0C51AAE3-0594-4A51-9405-4FC4214A0041	FILE_OBJECT_FILE	EVENT_LSEEK	1523030630366116949
1873D009-39B4-11E8-BF66-D9AA8AFF4A69	SUBJECT_PROCESS	0C51AAE3-0594-4A51-9405-4FC4214A0041	FILE_OBJECT_FILE	EVENT_READ	1523030630366116949
1873D009-39B4-11E8-BF66-D9AA8AFF4A69	SUBJECT_PROCESS	0C51AAE3-0594-4A51-9405-4FC4214A0041	FILE_OBJECT_FILE	EVENT_LSEEK	1523030630366116949
1873D009-39B4-11E8-BF66-D9AA8AFF4A69	SUBJECT_PROCESS	0C51AAE3-0594-4A51-9405-4FC4214A0041	FILE_OBJECT_FILE	EVENT_READ	1523030630366116949
1873D009-39B4-11E8-BF66-D9AA8AFF4A69	SUBJECT_PROCESS	0C51AAE3-0594-4A51-9405-4FC4214A0041	FILE_OBJECT_FILE	EVENT_LSEEK	1523030630366116949
1873D009-39B4-11E8-BF66-D9AA8AFF4A69	SUBJECT_PROCESS	0C51AAE3-0594-4A51-9405-4FC4214A0041	FILE_OBJECT_FILE	EVENT_READ	1523030630366116949
1873D009-39B4-11E8-BF66-D9AA8AFF4A69	SUBJECT_PROCESS	0C51AAE3-0594-4A51-9405-4FC4214A0041	FILE_OBJECT_FILE	EVENT_LSEEK	1523030630366116949
1873D009-39B4-11E8-BF66-D9AA8AFF4A69	SUBJECT_PROCESS	0C51AAE3-0594-4A51-9405-4FC4214A0041	FILE_OBJECT_FILE	EVENT_READ	1523030630366116949
1873D009-39B4-11E8-BF66-D9AA8AFF4A69	SUBJECT_PROCESS	0C51AAE3-0594-4A51-9405-4FC4214A0041	FILE_OBJECT_FILE	EVENT_LSEEK	1523030630366116949
1873D009-39B4-11E8-BF66-D9AA8AFF4A69	SUBJECT_PROCESS	0C51AAE3-0594-4A51-9405-4FC4214A0041	FILE_OBJECT_FILE	EVENT_READ	1523030630366116949
1873D009-39B4-11E8-BF66-D9AA8AFF4A69	SUBJECT_PROCESS	0C51AAE3-0594-4A51-9405-4FC4214A0041	FILE_OBJECT_FILE	EVENT_LSEEK	1523030630366116949
1873D009-39B4-11E8-BF66-D9AA8AFF4A69	SUBJECT_PROCESS	0C51AAE3-0594-4A51-9405-4FC4214A0041	FILE_OBJECT_FILE	EVENT_READ	1523030630366116949
1873D009-39B4-11E8-BF66-D9AA8AFF4A69	SUBJECT_PROCESS	0C51AAE3-0594-4A51-9405-4FC4214A0041	FILE_OBJECT_FILE	EVENT_LSEEK	1523030630366116949
1873D009-39B4-11E8-BF66-D9AA8AFF4A69	SUBJECT_PROCESS	0C51AAE3-0594-4A51-9405-4FC4214A0041	FILE_OBJECT_FILE	EVENT_READ	1523030630366116949
1873D009-39B4-11E8-BF66-D9AA8AFF4A69	SUBJECT_PROCESS	C53609B6-A912-B65B-92A9-B89E0BB6C2E1	FILE_OBJECT_FILE	EVENT_OPEN	1523030630366116949
1873D009-39B4-11E8-BF66-D9AA8AFF4A69	SUBJECT_PROCESS	C53609B6-A912-B65B-92A9-B89E0BB6C2E1	FILE_OBJECT_FILE	EVENT_READ	1523030630366116949
1873D009-39B4-11E8-BF66-D9AA8AFF4A69	SUBJECT_PROCESS	C53609B6-A912-B65B-92A9-B89E0BB6C2E1	FILE_OBJECT_FILE	EVENT_READ	1523030630366116949
1873D009-39B4-11E8-BF66-D9AA8AFF4A69	SUBJECT_PROCESS	C53609B6-A912-B65B-92A9-B89E0BB6C2E1	FILE_OBJECT_FILE	EVENT_READ	1523030630366116949
1873D009-39B4-11E8-BF66-D9AA8AFF4A69	SUBJECT_PROCESS	C53609B6-A912-B65B-92A9-B89E0BB6C2E1	FILE_OBJECT_FILE	EVENT_READ	1523030630366116949
1873D009-39B4-11E8-BF66-D9AA8AFF4A69	SUBJECT_PROCESS	C53609B6-A912-B65B-92A9-B89E0BB6C2E1	FILE_OBJECT_FILE	EVENT_READ	1523030630376117200
1873D009-39B4-11E8-BF66-D9AA8AFF4A69	SUBJECT_PROCESS	C53609B6-A912-B65B-92A9-B89E0BB6C2E1	FILE_OBJECT_FILE	EVENT_READ	1523030630376117200
1873D009-39B4-11E8-BF66-D9AA8AFF4A69	SUBJECT_PROCESS	C53609B6-A912-B65B-92A9-B89E0BB6C2E1	FILE_OBJECT_FILE	EVENT_READ	1523030630376117200
1873D009-39B4-11E8-BF66-D9AA8AFF4A69	SUBJECT_PROCESS	C53609B6-A912-B65B-92A9-B89E0BB6C2E1	FILE_OBJECT_FILE	EVENT_READ	1523030630376117200
1873D009-39B4-11E8-BF66-D9AA8AFF4A69	SUBJECT_PROCESS	C53609B6-A912-B65B-92A9-B89E0BB6C2E1	FILE_OBJECT_FILE	EVENT_READ	1523030630376117200
1873D009-39B4-11E8-BF66-D9AA8AFF4A69	SUBJECT_PROCESS	C53609B6-A912-B65B-92A9-B89E0BB6C2E1	FILE_OBJECT_FILE	EVENT_CLOSE	1523030630376117200
1873D009-39B4-11E8-BF66-D9AA8AFF4A69	SUBJECT_PROCESS	9F924E33-11DC-C954-9C11-ABA0F4C94D90	FILE_OBJECT_FILE	EVENT_OPEN	1523030630376117200
1873D009-39B4-11E8-BF66-D9AA8AFF4A69	SUBJECT_PROCESS	9F924E33-11DC-C954-9C11-ABA0F4C94D90	FILE_OBJECT_FILE	EVENT_READ	1523030630376117200
1873D009-39B4-11E8-BF66-D9AA8AFF4A69	SUBJECT_PROCESS	9F924E33-11DC-C954-9C11-ABA0F4C94D90	FILE_OBJECT_FILE	EVENT_READ	1523030630376117200
1873D009-39B4-11E8-BF66-D9AA8AFF4A69	SUBJECT_PROCESS	9F924E33-11DC-C954-9C11-ABA0F4C94D90	FILE_OBJECT_FILE	EVENT_CLOSE	1523030630376117200
1873D009-39B4-11E8-BF66-D9AA8AFF4A69	SUBJECT_PROCESS	C6372CCF-39E0-835A-A039-155BFA837272	FILE_OBJECT_FILE	EVENT_OPEN	1523030630376117200
1873D009-39B4-11E8-BF66-D9AA8AFF4A69	SUBJECT_PROCESS	C6372CCF-39E0-835A-A039-155BFA837272	FILE_OBJECT_FILE	EVENT_READ	1523030630376117200
1873D009-39B4-11E8-BF66-D9AA8AFF4A69	SUBJECT_PROCESS	C6372CCF-39E0-835A-A039-155BFA837272	FILE_OBJECT_FILE	EVENT_READ	1523030630376117200
1873D009-39B4-11E8-BF66-D9AA8AFF4A69	SUBJECT_PROCESS	C6372CCF-39E0-835A-A039-155BFA837272	FILE_OBJECT_FILE	EVENT_CLOSE	1523030630376117200
1873D009-39B4-11E8-BF66-D9AA8AFF4A69	SUBJECT_PROCESS	189061EC-39B4-11E8-BF66-D9AA8AFF4A69	NetFlowObject	EVENT_CONNECT	1523030630376117200
1873D009-39B4-11E8-BF66-D9AA8AFF4A69	SUBJECT_PROCESS	189061EC-39B4-11E8-BF66-D9AA8AFF4A69	NetFlowObject	EVENT_SENDTO	1523030630376117200
1873D009-39B4-11E8-BF66-D9AA8AFF4A69	SUBJECT_PROCESS	189061EC-39B4-11E8-BF66-D9AA8AFF4A69	NetFlowObject	EVENT_RECVFROM	1523030630376117200
1873D009-39B4-11E8-BF66-D9AA8AFF4A69	SUBJECT_PROCESS	189061EC-39B4-11E8-BF66-D9AA8AFF4A69	NetFlowObject	EVENT_CLOSE	1523030630376117200
1873D009-39B4-11E8-BF66-D9AA8AFF4A69	SUBJECT_PROCESS	2F088072-F622-7354-A2F6-2AA974734AA9	FILE_OBJECT_FILE	EVENT_OPEN	1523030630376117200
1873D009-39B4-11E8-BF66-D9AA8AFF4A69	SUBJECT_PROCESS	2F088072-F622-7354-A2F6-2AA974734AA9	FILE_OBJECT_FILE	EVENT_LSEEK	1523030630376117200
1873D009-39B4-11E8-BF66-D9AA8AFF4A69	SUBJECT_PROCESS	2F088072-F622-7354-A2F6-2AA974734AA9	FILE_OBJECT_FILE	EVENT_LSEEK	1523030630376117200
1873D009-39B4-11E8-BF66-D9AA8AFF4A69	SUBJECT_PROCESS	2F088072-F622-7354-A2F6-2AA974734AA9	FILE_OBJECT_FILE	EVENT_READ	1523030630376117200
1873D009-39B4-11E8-BF66-D9AA8AFF4A69	SUBJECT_PROCESS	2F088072-F622-7354-A2F6-2AA974734AA9	FILE_OBJECT_FILE	EVENT_READ	1523030630376117200
1873D009-39B4-11E8-BF66-D9AA8AFF4A69	SUBJECT_PROCESS	2F088072-F622-7354-A2F6-2AA974734AA9	FILE_OBJECT_FILE	EVENT_READ	1523030630376117200
1873D009-39B4-11E8-BF66-D9AA8AFF4A69	SUBJECT_PROCESS	2F088072-F622-7354-A2F6-2AA974734AA9	FILE_OBJECT_FILE	EVENT_READ	1523030630386114981
1873D009-39B4-11E8-BF66-D9AA8AFF4A69	SUBJECT_PROCESS	2F088072-F622-7354-A2F6-2AA974734AA9	FILE_OBJECT_FILE	EVENT_CLOSE	1523030630386114981
1873D009-39B4-11E8-BF66-D9AA8AFF4A69	SUBJECT_PROCESS	C6372CCF-39E0-835A-A039-155BFA837272	FILE_OBJECT_FILE	EVENT_OPEN	1523030630386114981
1873D009-39B4-11E8-BF66-D9AA8AFF4A69	SUBJECT_PROCESS	C6372CCF-39E0-835A-A039-155BFA837272	FILE_OBJECT_FILE	EVENT_READ	1523030630386114981
1873D009-39B4-11E8-BF66-D9AA8AFF4A69	SUBJECT_PROCESS	C6372CCF-39E0-835A-A039-155BFA837272	FILE_OBJECT_FILE	EVENT_CLOSE	1523030630386114981
1873D009-39B4-11E8-BF66-D9AA8AFF4A69	SUBJECT_PROCESS	2F088072-F622-7354-A2F6-2AA974734AA9	FILE_OBJECT_FILE	EVENT_OPEN	1523030630386114981
1873D009-39B4-11E8-BF66-D9AA8AFF4A69	SUBJECT_PROCESS	2F088072-F622-7354-A2F6-2AA974734AA9	FILE_OBJECT_FILE	EVENT_LSEEK	1523030630386114981
1873D009-39B4-11E8-BF66-D9AA8AFF4A69	SUBJECT_PROCESS	2F088072-F622-7354-A2F6-2AA974734AA9	FILE_OBJECT_FILE	EVENT_LSEEK	1523030630386114981
1873D009-39B4-11E8-BF66-D9AA8AFF4A69	SUBJECT_PROCESS	2F088072-F622-7354-A2F6-2AA974734AA9	FILE_OBJECT_FILE	EVENT_READ	1523030630386114981
1873D009-39B4-11E8-BF66-D9AA8AFF4A69	SUBJECT_PROCESS	2F088072-F622-7354-A2F6-2AA974734AA9	FILE_OBJECT_FILE	EVENT_READ	1523030630386114981
1873D009-39B4-11E8-BF66-D9AA8AFF4A69	SUBJECT_PROCESS	2F088072-F622-7354-A2F6-2AA974734AA9	FILE_OBJECT_FILE	EVENT_READ	1523030630386114981
1873D009-39B4-11E8-BF66-D9AA8AFF4A69	SUBJECT_PROCESS	2F088072-F622-7354-A2F6-2AA974734AA9	FILE_OBJECT_FILE	EVENT_READ	1523030630386114981
1873D009-39B4-11E8-BF66-D9AA8AFF4A69	SUBJECT_PROCESS	2F088072-F622-7354-A2F6-2AA974734AA9	FILE_OBJECT_FILE	EVENT_CLOSE	1523030630386114981
1873D009-39B4-11E8-BF66-D9AA8AFF4A69	SUBJECT_PROCESS	2F088072-F622-7354-A2F6-2AA974734AA9	FILE_OBJECT_FILE	EVENT_OPEN	1523030630386114981
1873D009-39B4-11E8-BF66-D9AA8AFF4A69	SUBJECT_PROCESS	2F088072-F622-7354-A2F6-2AA974734AA9	FILE_OBJECT_FILE	EVENT_LSEEK	1523030630386114981
1873D009-39B4-11E8-BF66-D9AA8AFF4A69	SUBJECT_PROCESS	2F088072-F622-7354-A2F6-2AA974734AA9	FILE_OBJECT_FILE	EVENT_LSEEK	1523030630386114981
1873D009-39B4-11E8-BF66-D9AA8AFF4A69	SUBJECT_PROCESS	2F088072-F622-7354-A2F6-2AA974734AA9	FILE_OBJECT_FILE	EVENT_READ	1523030630386114981
1873D009-39B4-11E8-BF66-D9AA8AFF4A69	SUBJECT_PROCESS	2F088072-F622-7354-A2F6-2AA974734AA9	FILE_OBJECT_FILE	EVENT_READ	1523030630386114981
1873D009-39B4-11E8-BF66-D9AA8AFF4A69	SUBJECT_PROCESS	2F088072-F622-7354-A2F6-2AA974734AA9	FILE_OBJECT_FILE	EVENT_READ	1523030630386114981
1873D009-39B4-11E8-BF66-D9AA8AFF4A69	SUBJECT_PROCESS	2F088072-F622-7354-A2F6-2AA974734AA9	FILE_OBJECT_FILE	EVENT_READ	1523030630386114981
1873D009-39B4-11E8-BF66-D9AA8AFF4A69	SUBJECT_PROCESS	2F088072-F622-7354-A2F6-2AA974734AA9	FILE_OBJECT_FILE	EVENT_CLOSE	1523030630386114981
1873D009-39B4-11E8-BF66-D9AA8AFF4A69	SUBJECT_PROCESS	C6372CCF-39E0-835A-A039-155BFA837272	FILE_OBJECT_FILE	EVENT_OPEN	1523030630386114981
1873D009-39B4-11E8-BF66-D9AA8AFF4A69	SUBJECT_PROCESS	C6372CCF-39E0-835A-A039-155BFA837272	FILE_OBJECT_FILE	EVENT_READ	1523030630386114981
1873D009-39B4-11E8-BF66-D9AA8AFF4A69	SUBJECT_PROCESS	C6372CCF-39E0-835A-A039-155BFA837272	FILE_OBJECT_FILE	EVENT_CLOSE	1523030630386114981
1873D009-39B4-11E8-BF66-D9AA8AFF4A69	SUBJECT_PROCESS	2F088072-F622-7354-A2F6-2AA974734AA9	FILE_OBJECT_FILE	EVENT_OPEN	1523030630386114981
1873D009-39B4-11E8-BF66-D9AA8AFF4A69	SUBJECT_PROCESS	2F088072-F622-7354-A2F6-2AA974734AA9	FILE_OBJECT_FILE	EVENT_LSEEK	1523030630386114981
1873D009-39B4-11E8-BF66-D9AA8AFF4A69	SUBJECT_PROCESS	2F088072-F622-7354-A2F6-2AA974734AA9	FILE_OBJECT_FILE	EVENT_LSEEK	1523030630386114981
1873D009-39B4-11E8-BF66-D9AA8AFF4A69	SUBJECT_PROCESS	2F088072-F622-7354-A2F6-2AA974734AA9	FILE_OBJECT_FILE	EVENT_READ	1523030630396114271
1873D009-39B4-11E8-BF66-D9AA8AFF4A69	SUBJECT_PROCESS	2F088072-F622-7354-A2F6-2AA974734AA9	FILE_OBJECT_FILE	EVENT_READ	1523030630396114271
1873D009-39B4-11E8-BF66-D9AA8AFF4A69	SUBJECT_PROCESS	2F088072-F622-7354-A2F6-2AA974734AA9	FILE_OBJECT_FILE	EVENT_READ	1523030630396114271
1873D009-39B4-11E8-BF66-D9AA8AFF4A69	SUBJECT_PROCESS	2F088072-F622-7354-A2F6-2AA974734AA9	FILE_OBJECT_FILE	EVENT_READ	1523030630396114271
1873D009-39B4-11E8-BF66-D9AA8AFF4A69	SUBJECT_PROCESS	2F088072-F622-7354-A2F6-2AA974734AA9	FILE_OBJECT_FILE	EVENT_CLOSE	1523030630396114271
1873D009-39B4-11E8-BF66-D9AA8AFF4A69	SUBJECT_PROCESS	C6372CCF-39E0-835A-A039-155BFA837272	FILE_OBJECT_FILE	EVENT_OPEN	1523030630396114271
1873D009-39B4-11E8-BF66-D9AA8AFF4A69	SUBJECT_PROCESS	C6372CCF-39E0-835A-A039-155BFA837272	FILE_OBJECT_FILE	EVENT_READ	1523030630396114271
1873D009-39B4-11E8-BF66-D9AA8AFF4A69	SUBJECT_PROCESS	C6372CCF-39E0-835A-A039-155BFA837272	FILE_OBJECT_FILE	EVENT_CLOSE	1523030630396114271
1873D009-39B4-11E8-BF66-D9AA8AFF4A69	SUBJECT_PROCESS	2F088072-F622-7354-A2F6-2AA974734AA9	FILE_OBJECT_FILE	EVENT_OPEN	1523030630396114271
1873D009-39B4-11E8-BF66-D9AA8AFF4A69	SUBJECT_PROCESS	2F088072-F622-7354-A2F6-2AA974734AA9	FILE_OBJECT_FILE	EVENT_LSEEK	1523030630396114271
1873D009-39B4-11E8-BF66-D9AA8AFF4A69	SUBJECT_PROCESS	2F088072-F622-7354-A2F6-2AA974734AA9	FILE_OBJECT_FILE	EVENT_LSEEK	1523030630396114271
1873D009-39B4-11E8-BF66-D9AA8AFF4A69	SUBJECT_PROCESS	2F088072-F622-7354-A2F6-2AA974734AA9	FILE_OBJECT_FILE	EVENT_READ	1523030630396114271
1873D009-39B4-11E8-BF66-D9AA8AFF4A69	SUBJECT_PROCESS	2F088072-F622-7354-A2F6-2AA974734AA9	FILE_OBJECT_FILE	EVENT_READ	1523030630396114271
1873D009-39B4-11E8-BF66-D9AA8AFF4A69	SUBJECT_PROCESS	2F088072-F622-7354-A2F6-2AA974734AA9	FILE_OBJECT_FILE	EVENT_READ	1523030630396114271
1873D009-39B4-11E8-BF66-D9AA8AFF4A69	SUBJECT_PROCESS	2F088072-F622-7354-A2F6-2AA974734AA9	FILE_OBJECT_FILE	EVENT_READ	1523030630396114271
1873D009-39B4-11E8-BF66-D9AA8AFF4A69	SUBJECT_PROCESS	2F088072-F622-7354-A2F6-2AA974734AA9	FILE_OBJECT_FILE	EVENT_CLOSE	1523030630396114271
1873D009-39B4-11E8-BF66-D9AA8AFF4A69	SUBJECT_PROCESS	C6372CCF-39E0-835A-A039-155BFA837272	FILE_OBJECT_FILE	EVENT_OPEN	1523030630396114271
1873D009-39B4-11E8-BF66-D9AA8AFF4A69	SUBJECT_PROCESS	C6372CCF-39E0-835A-A039-155BFA837272	FILE_OBJECT_FILE	EVENT_READ	1523030630396114271
1873D009-39B4-11E8-BF66-D9AA8AFF4A69	SUBJECT_PROCESS	C6372CCF-39E0-835A-A039-155BFA837272	FILE_OBJECT_FILE	EVENT_CLOSE	1523030630396114271
1873D009-39B4-11E8-BF66-D9AA8AFF4A69	SUBJECT_PROCESS	2F088072-F622-7354-A2F6-2AA974734AA9	FILE_OBJECT_FILE	EVENT_OPEN	1523030630396114271
1873D009-39B4-11E8-BF66-D9AA8AFF4A69	SUBJECT_PROCESS	2F088072-F622-7354-A2F6-2AA974734AA9	FILE_OBJECT_FILE	EVENT_LSEEK	1523030630396114271
1873D009-39B4-11E8-BF66-D9AA8AFF4A69	SUBJECT_PROCESS	2F088072-F622-7354-A2F6-2AA974734AA9	FILE_OBJECT_FILE	EVENT_LSEEK	1523030630396114271
1873D009-39B4-11E8-BF66-D9AA8AFF4A69	SUBJECT_PROCESS	2F088072-F622-7354-A2F6-2AA974734AA9	FILE_OBJECT_FILE	EVENT_READ	1523030630396114271
1873D009-39B4-11E8-BF66-D9AA8AFF4A69	SUBJECT_PROCESS	2F088072-F622-7354-A2F6-2AA974734AA9	FILE_OBJECT_FILE	EVENT_READ	1523030630396114271
1873D009-39B4-11E8-BF66-D9AA8AFF4A69	SUBJECT_PROCESS	2F088072-F622-7354-A2F6-2AA974734AA9	FILE_OBJECT_FILE	EVENT_READ	1523030630396114271
1873D009-39B4-11E8-BF66-D9AA8AFF4A69	SUBJECT_PROCESS	2F088072-F622-7354-A2F6-2AA974734AA9	FILE_OBJECT_FILE	EVENT_READ	1523030630396114271
1873D009-39B4-11E8-BF66-D9AA8AFF4A69	SUBJECT_PROCESS	2F088072-F622-7354-A2F6-2AA974734AA9	FILE_OBJECT_FILE	EVENT_CLOSE	1523030630396114271
1873D009-39B4-11E8-BF66-D9AA8AFF4A69	SUBJECT_PROCESS	2F088072-F622-7354-A2F6-2AA974734AA9	FILE_OBJECT_FILE	EVENT_OPEN	1523030630406115832
1873D009-39B4-11E8-BF66-D9AA8AFF4A69	SUBJECT_PROCESS	2F088072-F622-7354-A2F6-2AA974734AA9	FILE_OBJECT_FILE	EVENT_LSEEK	1523030630406115832
1873D009-39B4-11E8-BF66-D9AA8AFF4A69	SUBJECT_PROCESS	2F088072-F622-7354-A2F6-2AA974734AA9	FILE_OBJECT_FILE	EVENT_LSEEK	1523030630406115832
1873D009-39B4-11E8-BF66-D9AA8AFF4A69	SUBJECT_PROCESS	2F088072-F622-7354-A2F6-2AA974734AA9	FILE_OBJECT_FILE	EVENT_READ	1523030630406115832
1873D009-39B4-11E8-BF66-D9AA8AFF4A69	SUBJECT_PROCESS	2F088072-F622-7354-A2F6-2AA974734AA9	FILE_OBJECT_FILE	EVENT_READ	1523030630406115832
1873D009-39B4-11E8-BF66-D9AA8AFF4A69	SUBJECT_PROCESS	2F088072-F622-7354-A2F6-2AA974734AA9	FILE_OBJECT_FILE	EVENT_READ	1523030630406115832
1873D009-39B4-11E8-BF66-D9AA8AFF4A69	SUBJECT_PROCESS	2F088072-F622-7354-A2F6-2AA974734AA9	FILE_OBJECT_FILE	EVENT_READ	1523030630406115832
1873D009-39B4-11E8-BF66-D9AA8AFF4A69	SUBJECT_PROCESS	2F088072-F622-7354-A2F6-2AA974734AA9	FILE_OBJECT_FILE	EVENT_CLOSE	1523030630406115832
1873D009-39B4-11E8-BF66-D9AA8AFF4A69	SUBJECT_PROCESS	C6372CCF-39E0-835A-A039-155BFA837272	FILE_OBJECT_FILE	EVENT_OPEN	1523030630406115832
1873D009-39B4-11E8-BF66-D9AA8AFF4A69	SUBJECT_PROCESS	C6372CCF-39E0-835A-A039-155BFA837272	FILE_OBJECT_FILE	EVENT_READ	1523030630406115832
1873D009-39B4-11E8-BF66-D9AA8AFF4A69	SUBJECT_PROCESS	C6372CCF-39E0-835A-A039-155BFA837272	FILE_OBJECT_FILE	EVENT_CLOSE	1523030630406115832
1873D009-39B4-11E8-BF66-D9AA8AFF4A69	SUBJECT_PROCESS	2F088072-F622-7354-A2F6-2AA974734AA9	FILE_OBJECT_FILE	EVENT_OPEN	1523030630406115832
1873D009-39B4-11E8-BF66-D9AA8AFF4A69	SUBJECT_PROCESS	2F088072-F622-7354-A2F6-2AA974734AA9	FILE_OBJECT_FILE	EVENT_LSEEK	1523030630406115832
1873D009-39B4-11E8-BF66-D9AA8AFF4A69	SUBJECT_PROCESS	2F088072-F622-7354-A2F6-2AA974734AA9	FILE_OBJECT_FILE	EVENT_LSEEK	1523030630406115832
1873D009-39B4-11E8-BF66-D9AA8AFF4A69	SUBJECT_PROCESS	2F088072-F622-7354-A2F6-2AA974734AA9	FILE_OBJECT_FILE	EVENT_READ	1523030630406115832
1873D009-39B4-11E8-BF66-D9AA8AFF4A69	SUBJECT_PROCESS	2F088072-F622-7354-A2F6-2AA974734AA9	FILE_OBJECT_FILE	EVENT_READ	1523030630406115832
1873D009-39B4-11E8-BF66-D9AA8AFF4A69	SUBJECT_PROCESS	2F088072-F622-7354-A2F6-2AA974734AA9	FILE_OBJECT_FILE	EVENT_READ	1523030630406115832
1873D009-39B4-11E8-BF66-D9AA8AFF4A69	SUBJECT_PROCESS	2F088072-F622-7354-A2F6-2AA974734AA9	FILE_OBJECT_FILE	EVENT_READ	1523030630406115832
1873D009-39B4-11E8-BF66-D9AA8AFF4A69	SUBJECT_PROCESS	2F088072-F622-7354-A2F6-2AA974734AA9	FILE_OBJECT_FILE	EVENT_CLOSE	1523030630406115832
1873D009-39B4-11E8-BF66-D9AA8AFF4A69	SUBJECT_PROCESS	C6372CCF-39E0-835A-A039-155BFA837272	FILE_OBJECT_FILE	EVENT_OPEN	1523030630406115832
1873D009-39B4-11E8-BF66-D9AA8AFF4A69	SUBJECT_PROCESS	C6372CCF-39E0-835A-A039-155BFA837272	FILE_OBJECT_FILE	EVENT_READ	1523030630406115832
1873D009-39B4-11E8-BF66-D9AA8AFF4A69	SUBJECT_PROCESS	C6372CCF-39E0-835A-A039-155BFA837272	FILE_OBJECT_FILE	EVENT_CLOSE	1523030630406115832
1873D009-39B4-11E8-BF66-D9AA8AFF4A69	SUBJECT_PROCESS	DB1A5421-4509-D15D-8945-9F45CDD1A77E	FILE_OBJECT_FILE	EVENT_WRITE	1523030630406115832
1873D009-39B4-11E8-BF66-D9AA8AFF4A69	SUBJECT_PROCESS	1873D009-39B4-11E8-BF66-D9AA8AFF4A69	SUBJECT_PROCESS	EVENT_EXIT	1523030630406115832
D59C58B7-373D-11E8-BF66-D9AA8AFF4A69	SUBJECT_PROCESS	1895A46E-39B4-11E8-BF66-D9AA8AFF4A69	SUBJECT_PROCESS	EVENT_FORK	1523030630406115832
1895A46E-39B4-11E8-BF66-D9AA8AFF4A69	SUBJECT_PROCESS	CC349957-3DA4-8E5E-A43D-C7740E8ECAA9	FILE_OBJECT_FILE	EVENT_CLOSE	1523030630406115832
1895A46E-39B4-11E8-BF66-D9AA8AFF4A69	SUBJECT_PROCESS	6C836AA2-BB54-3A58-94BB-1E5D583A637E	FILE_OBJECT_FILE	EVENT_EXECUTE	1523030630416113173
1895A46E-39B4-11E8-BF66-D9AA8AFF4A69	SUBJECT_PROCESS	7A350F75-9945-425D-8599-15CEBD426F06	FILE_OBJECT_FILE	EVENT_EXECUTE	1523030630416113173
1895A46E-39B4-11E8-BF66-D9AA8AFF4A69	SUBJECT_PROCESS	51110606-D232-9652-B2D2-3A7242968F8A	FILE_OBJECT_FILE	EVENT_OPEN	1523030630416113173
1895A46E-39B4-11E8-BF66-D9AA8AFF4A69	SUBJECT_PROCESS	51110606-D232-9652-B2D2-3A7242968F8A	FILE_OBJECT_FILE	EVENT_READ	1523030630416113173
1895A46E-39B4-11E8-BF66-D9AA8AFF4A69	SUBJECT_PROCESS	51110606-D232-9652-B2D2-3A7242968F8A	FILE_OBJECT_FILE	EVENT_CLOSE	1523030630416113173
1895A46E-39B4-11E8-BF66-D9AA8AFF4A69	SUBJECT_PROCESS	8A44F292-648B-7854-8B64-00F954785A79	FILE_OBJECT_FILE	EVENT_OPEN	1523030630416113173
1895A46E-39B4-11E8-BF66-D9AA8AFF4A69	SUBJECT_PROCESS	8A44F292-648B-7854-8B64-00F954785A79	FILE_OBJECT_FILE	EVENT_READ	1523030630416113173
1895A46E-39B4-11E8-BF66-D9AA8AFF4A69	SUBJECT_PROCESS	8A44F292-648B-7854-8B64-00F954785A79	FILE_OBJECT_FILE	EVENT_READ	1523030630416113173
1895A46E-39B4-11E8-BF66-D9AA8AFF4A69	SUBJECT_PROCESS	8A44F292-648B-7854-8B64-00F954785A79	FILE_OBJECT_FILE	EVENT_CLOSE	1523030630416113173
1895A46E-39B4-11E8-BF66-D9AA8AFF4A69	SUBJECT_PROCESS	76A739B1-A13E-FD50-BEA1-B218A0FD0400	FILE_OBJECT_FILE	EVENT_OPEN	1523030630416113173
1895A46E-39B4-11E8-BF66-D9AA8AFF4A69	SUBJECT_PROCESS	76A739B1-A13E-FD50-BEA1-B218A0FD0400	FILE_OBJECT_FILE	EVENT_MMAP	1523030630416113173
1895A46E-39B4-11E8-BF66-D9AA8AFF4A69	SUBJECT_PROCESS	76A739B1-A13E-FD50-BEA1-B218A0FD0400	FILE_OBJECT_FILE	EVENT_MMAP	1523030630416113173
1895A46E-39B4-11E8-BF66-D9AA8AFF4A69	SUBJECT_PROCESS	76A739B1-A13E-FD50-BEA1-B218A0FD0400	FILE_OBJECT_FILE	EVENT_MMAP	1523030630416113173
1895A46E-39B4-11E8-BF66-D9AA8AFF4A69	SUBJECT_PROCESS	76A739B1-A13E-FD50-BEA1-B218A0FD0400	FILE_OBJECT_FILE	EVENT_MMAP	1523030630416113173
1895A46E-39B4-11E8-BF66-D9AA8AFF4A69	SUBJECT_PROCESS	76A739B1-A13E-FD50-BEA1-B218A0FD0400	FILE_OBJECT_FILE	EVENT_MMAP	1523030630416113173
1895A46E-39B4-11E8-BF66-D9AA8AFF4A69	SUBJECT_PROCESS	76A739B1-A13E-FD50-BEA1-B218A0FD0400	FILE_OBJECT_FILE	EVENT_MMAP	1523030630416113173
1895A46E-39B4-11E8-BF66-D9AA8AFF4A69	SUBJECT_PROCESS	76A739B1-A13E-FD50-BEA1-B218A0FD0400	FILE_OBJECT_FILE	EVENT_CLOSE	1523030630416113173
1895A46E-39B4-11E8-BF66-D9AA8AFF4A69	SUBJECT_PROCESS	F410BE96-4C0C-765E-8C4C-6F0E2E760020	FILE_OBJECT_FILE	EVENT_OPEN	1523030630416113173
1895A46E-39B4-11E8-BF66-D9AA8AFF4A69	SUBJECT_PROCESS	F410BE96-4C0C-765E-8C4C-6F0E2E760020	FILE_OBJECT_FILE	EVENT_MMAP	1523030630416113173
1895A46E-39B4-11E8-BF66-D9AA8AFF4A69	SUBJECT_PROCESS	F410BE96-4C0C-765E-8C4C-6F0E2E760020	FILE_OBJECT_FILE	EVENT_MMAP	1523030630426113594
1895A46E-39B4-11E8-BF66-D9AA8AFF4A69	SUBJECT_PROCESS	F410BE96-4C0C-765E-8C4C-6F0E2E760020	FILE_OBJECT_FILE	EVENT_CLOSE	1523030630426113594
72FB0406-3678-11E8-BF66-D9AA8AFF4A69	SUBJECT_PROCESS	183908B9-39B4-11E8-BF66-D9AA8AFF4A69	FILE_OBJECT_UNIX_SOCKET	EVENT_CLOSE	1523030630816114905
72FB0406-3678-11E8-BF66-D9AA8AFF4A69	SUBJECT_PROCESS	18390924-39B4-11E8-BF66-D9AA8AFF4A69	FILE_OBJECT_UNIX_SOCKET	EVENT_CLOSE	1523030630816114905
72FB0406-3678-11E8-BF66-D9AA8AFF4A69	SUBJECT_PROCESS	18D31F3B-39B4-11E8-BF66-D9AA8AFF4A69	FILE_OBJECT_UNIX_SOCKET	EVENT_CREATE_OBJECT	1523030630816114905
72FB0406-3678-11E8-BF66-D9AA8AFF4A69	SUBJECT_PROCESS	18D31FA4-39B4-11E8-BF66-D9AA8AFF4A69	FILE_OBJECT_UNIX_SOCKET	EVENT_CREATE_OBJECT	1523030630816114905
1E51718B-39B3-11E8-BF66-D9AA8AFF4A69	SUBJECT_PROCESS	1E5157A9-39B3-11E8-BF66-D9AA8AFF4A69	NetFlowObject	EVENT_WRITE	1523030630896113331
1E51718B-39B3-11E8-BF66-D9AA8AFF4A69	SUBJECT_PROCESS	1E5157A9-39B3-11E8-BF66-D9AA8AFF4A69	NetFlowObject	EVENT_READ	1523030630896113331
1E51718B-39B3-11E8-BF66-D9AA8AFF4A69	SUBJECT_PROCESS	1E5157A9-39B3-11E8-BF66-D9AA8AFF4A69	NetFlowObject	EVENT_WRITE	1523030630896113331
1E51718B-39B3-11E8-BF66-D9AA8AFF4A69	SUBJECT_PROCESS	1E5157A9-39B3-11E8-BF66-D9AA8AFF4A69	NetFlowObject	EVENT_READ	1523030630896113331
1E51718B-39B3-11E8-BF66-D9AA8AFF4A69	SUBJECT_PROCESS	1E5157A9-39B3-11E8-BF66-D9AA8AFF4A69	NetFlowObject	EVENT_WRITE	1523030630896113331
1E51718B-39B3-11E8-BF66-D9AA8AFF4A69	SUBJECT_PROCESS	1E5157A9-39B3-11E8-BF66-D9AA8AFF4A69	NetFlowObject	EVENT_READ	1523030630896113331
1E51718B-39B3-11E8-BF66-D9AA8AFF4A69	SUBJECT_PROCESS	1E5157A9-39B3-11E8-BF66-D9AA8AFF4A69	NetFlowObject	EVENT_WRITE	1523030630896113331
1E51718B-39B3-11E8-BF66-D9AA8AFF4A69	SUBJECT_PROCESS	1E5157A9-39B3-11E8-BF66-D9AA8AFF4A69	NetFlowObject	EVENT_READ	1523030630896113331
1E51718B-39B3-11E8-BF66-D9AA8AFF4A69	SUBJECT_PROCESS	1E5157A9-39B3-11E8-BF66-D9AA8AFF4A69	NetFlowObject	EVENT_WRITE	1523030630896113331
72FB0406-3678-11E8-BF66-D9AA8AFF4A69	SUBJECT_PROCESS	18D31F3B-39B4-11E8-BF66-D9AA8AFF4A69	FILE_OBJECT_UNIX_SOCKET	EVENT_CLOSE	1523030631806117114
72FB0406-3678-11E8-BF66-D9AA8AFF4A69	SUBJECT_PROCESS	18D31FA4-39B4-11E8-BF66-D9AA8AFF4A69	FILE_OBJECT_UNIX_SOCKET	EVENT_CLOSE	1523030631806117114
72FB0406-3678-11E8-BF66-D9AA8AFF4A69	SUBJECT_PROCESS	196A3344-39B4-11E8-BF66-D9AA8AFF4A69	FILE_OBJECT_UNIX_SOCKET	EVENT_CREATE_OBJECT	1523030631806117114
72FB0406-3678-11E8-BF66-D9AA8AFF4A69	SUBJECT_PROCESS	196A33AA-39B4-11E8-BF66-D9AA8AFF4A69	FILE_OBJECT_UNIX_SOCKET	EVENT_CREATE_OBJECT	1523030631806117114
72FB0406-3678-11E8-BF66-D9AA8AFF4A69	SUBJECT_PROCESS	196A3344-39B4-11E8-BF66-D9AA8AFF4A69	FILE_OBJECT_UNIX_SOCKET	EVENT_CLOSE	1523030632816114404
72FB0406-3678-11E8-BF66-D9AA8AFF4A69	SUBJECT_PROCESS	196A33AA-39B4-11E8-BF66-D9AA8AFF4A69	FILE_OBJECT_UNIX_SOCKET	EVENT_CLOSE	1523030632816114404
72FB0406-3678-11E8-BF66-D9AA8AFF4A69	SUBJECT_PROCESS	1A0453BE-39B4-11E8-BF66-D9AA8AFF4A69	FILE_OBJECT_UNIX_SOCKET	EVENT_CREATE_OBJECT	1523030632816114404
72FB0406-3678-11E8-BF66-D9AA8AFF4A69	SUBJECT_PROCESS	1A045424-39B4-11E8-BF66-D9AA8AFF4A69	FILE_OBJECT_UNIX_SOCKET	EVENT_CREATE_OBJECT	1523030632816114404
72FB0406-3678-11E8-BF66-D9AA8AFF4A69	SUBJECT_PROCESS	1A0453BE-39B4-11E8-BF66-D9AA8AFF4A69	FILE_OBJECT_UNIX_SOCKET	EVENT_CLOSE	1523030633806113613
72FB0406-3678-11E8-BF66-D9AA8AFF4A69	SUBJECT_PROCESS	1A045424-39B4-11E8-BF66-D9AA8AFF4A69	FILE_OBJECT_UNIX_SOCKET	EVENT_CLOSE	1523030633806113613
72FB0406-3678-11E8-BF66-D9AA8AFF4A69	SUBJECT_PROCESS	1A9B5B8C-39B4-11E8-BF66-D9AA8AFF4A69	FILE_OBJECT_UNIX_SOCKET	EVENT_CREATE_OBJECT	1523030633806113613
72FB0406-3678-11E8-BF66-D9AA8AFF4A69	SUBJECT_PROCESS	1A9B5BF1-39B4-11E8-BF66-D9AA8AFF4A69	FILE_OBJECT_UNIX_SOCKET	EVENT_CREATE_OBJECT	1523030633806113613
72FB0406-3678-11E8-BF66-D9AA8AFF4A69	SUBJECT_PROCESS	1A9B5B8C-39B4-11E8-BF66-D9AA8AFF4A69	FILE_OBJECT_UNIX_SOCKET	EVENT_CLOSE	1523030634806115633
72FB0406-3678-11E8-BF66-D9AA8AFF4A69	SUBJECT_PROCESS	1A9B5BF1-39B4-11E8-BF66-D9AA8AFF4A69	FILE_OBJECT_UNIX_SOCKET	EVENT_CLOSE	1523030634806115633
72FB0406-3678-11E8-BF66-D9AA8AFF4A69	SUBJECT_PROCESS	1B33D401-39B4-11E8-BF66-D9AA8AFF4A69	FILE_OBJECT_UNIX_SOCKET	EVENT_CREATE_OBJECT	1523030634806115633
72FB0406-3678-11E8-BF66-D9AA8AFF4A69	SUBJECT_PROCESS	1B33D4A5-39B4-11E8-BF66-D9AA8AFF4A69	FILE_OBJECT_UNIX_SOCKET	EVENT_CREATE_OBJECT	1523030634806115633
72FB0406-3678-11E8-BF66-D9AA8AFF4A69	SUBJECT_PROCESS	1B33D401-39B4-11E8-BF66-D9AA8AFF4A69	FILE_OBJECT_UNIX_SOCKET	EVENT_CLOSE	1523030635806114803
72FB0406-3678-11E8-BF66-D9AA8AFF4A69	SUBJECT_PROCESS	1B33D4A5-39B4-11E8-BF66-D9AA8AFF4A69	FILE_OBJECT_UNIX_SOCKET	EVENT_CLOSE	1523030635806114803
72FB0406-3678-11E8-BF66-D9AA8AFF4A69	SUBJECT_PROCESS	1BCC74B7-39B4-11E8-BF66-D9AA8AFF4A69	FILE_OBJECT_UNIX_SOCKET	EVENT_CREATE_OBJECT	1523030635806114803
72FB0406-3678-11E8-BF66-D9AA8AFF4A69	SUBJECT_PROCESS	1BCC7529-39B4-11E8-BF66-D9AA8AFF4A69	FILE_OBJECT_UNIX_SOCKET	EVENT_CREATE_OBJECT	1523030635806114803
72FB0406-3678-11E8-BF66-D9AA8AFF4A69	SUBJECT_PROCESS	1BCC74B7-39B4-11E8-BF66-D9AA8AFF4A69	FILE_OBJECT_UNIX_SOCKET	EVENT_CLOSE	1523030636816115193
72FB0406-3678-11E8-BF66-D9AA8AFF4A69	SUBJECT_PROCESS	1BCC7529-39B4-11E8-BF66-D9AA8AFF4A69	FILE_OBJECT_UNIX_SOCKET	EVENT_CLOSE	1523030636816115193
72FB0406-3678-11E8-BF66-D9AA8AFF4A69	SUBJECT_PROCESS	1C6692B5-39B4-11E8-BF66-D9AA8AFF4A69	FILE_OBJECT_UNIX_SOCKET	EVENT_CREATE_OBJECT	1523030636816115193
72FB0406-3678-11E8-BF66-D9AA8AFF4A69	SUBJECT_PROCESS	1C66931D-39B4-11E8-BF66-D9AA8AFF4A69	FILE_OBJECT_UNIX_SOCKET	EVENT_CREATE_OBJECT	1523030636816115193
72FB0406-3678-11E8-BF66-D9AA8AFF4A69	SUBJECT_PROCESS	1C6692B5-39B4-11E8-BF66-D9AA8AFF4A69	FILE_OBJECT_UNIX_SOCKET	EVENT_CLOSE	1523030637806113472
72FB0406-3678-11E8-BF66-D9AA8AFF4A69	SUBJECT_PROCESS	1C66931D-39B4-11E8-BF66-D9AA8AFF4A69	FILE_OBJECT_UNIX_SOCKET	EVENT_CLOSE	1523030637806113472
72FB0406-3678-11E8-BF66-D9AA8AFF4A69	SUBJECT_PROCESS	1CFDB5F8-39B4-11E8-BF66-D9AA8AFF4A69	FILE_OBJECT_UNIX_SOCKET	EVENT_CREATE_OBJECT	1523030637806113472
72FB0406-3678-11E8-BF66-D9AA8AFF4A69	SUBJECT_PROCESS	1CFDB65F-39B4-11E8-BF66-D9AA8AFF4A69	FILE_OBJECT_UNIX_SOCKET	EVENT_CREATE_OBJECT	1523030637806113472
72FB0406-3678-11E8-BF66-D9AA8AFF4A69	SUBJECT_PROCESS	1CFDB5F8-39B4-11E8-BF66-D9AA8AFF4A69	FILE_OBJECT_UNIX_SOCKET	EVENT_CLOSE	1523030638816115593
72FB0406-3678-11E8-BF66-D9AA8AFF4A69	SUBJECT_PROCESS	1CFDB65F-39B4-11E8-BF66-D9AA8AFF4A69	FILE_OBJECT_UNIX_SOCKET	EVENT_CLOSE	1523030638816115593
72FB0406-3678-11E8-BF66-D9AA8AFF4A69	SUBJECT_PROCESS	1D97D73F-39B4-11E8-BF66-D9AA8AFF4A69	FILE_OBJECT_UNIX_SOCKET	EVENT_CREATE_OBJECT	1523030638816115593
72FB0406-3678-11E8-BF66-D9AA8AFF4A69	SUBJECT_PROCESS	1D97D7A4-39B4-11E8-BF66-D9AA8AFF4A69	FILE_OBJECT_UNIX_SOCKET	EVENT_CREATE_OBJECT	1523030638816115593
72FB0406-3678-11E8-BF66-D9AA8AFF4A69	SUBJECT_PROCESS	1D97D73F-39B4-11E8-BF66-D9AA8AFF4A69	FILE_OBJECT_UNIX_SOCKET	EVENT_CLOSE	1523030639806112322
72FB0406-3678-11E8-BF66-D9AA8AFF4A69	SUBJECT_PROCESS	1D97D7A4-39B4-11E8-BF66-D9AA8AFF4A69	FILE_OBJECT_UNIX_SOCKET	EVENT_CLOSE	1523030639806112322
72FB0406-3678-11E8-BF66-D9AA8AFF4A69	SUBJECT_PROCESS	1E2ECA07-39B4-11E8-BF66-D9AA8AFF4A69	FILE_OBJECT_UNIX_SOCKET	EVENT_CREATE_OBJECT	1523030639806112322
72FB0406-3678-11E8-BF66-D9AA8AFF4A69	SUBJECT_PROCESS	1E2ECA72-39B4-11E8-BF66-D9AA8AFF4A69	FILE_OBJECT_UNIX_SOCKET	EVENT_CREATE_OBJECT	1523030639806112322
72FB0406-3678-11E8-BF66-D9AA8AFF4A69	SUBJECT_PROCESS	1E2ECA07-39B4-11E8-BF66-D9AA8AFF4A69	FILE_OBJECT_UNIX_SOCKET	EVENT_CLOSE	1523030640806113521
72FB0406-3678-11E8-BF66-D9AA8AFF4A69	SUBJECT_PROCESS	1E2ECA72-39B4-11E8-BF66-D9AA8AFF4A69	FILE_OBJECT_UNIX_SOCKET	EVENT_CLOSE	1523030640806113521
72FB0406-3678-11E8-BF66-D9AA8AFF4A69	SUBJECT_PROCESS	1EC7600A-39B4-11E8-BF66-D9AA8AFF4A69	FILE_OBJECT_UNIX_SOCKET	EVENT_CREATE_OBJECT	1523030640806113521
72FB0406-3678-11E8-BF66-D9AA8AFF4A69	SUBJECT_PROCESS	1EC76073-39B4-11E8-BF66-D9AA8AFF4A69	FILE_OBJECT_UNIX_SOCKET	EVENT_CREATE_OBJECT	1523030640806113521
72FB0406-3678-11E8-BF66-D9AA8AFF4A69	SUBJECT_PROCESS	1EC7600A-39B4-11E8-BF66-D9AA8AFF4A69	FILE_OBJECT_UNIX_SOCKET	EVENT_CLOSE	1523030641806114591
72FB0406-3678-11E8-BF66-D9AA8AFF4A69	SUBJECT_PROCESS	1EC76073-39B4-11E8-BF66-D9AA8AFF4A69	FILE_OBJECT_UNIX_SOCKET	EVENT_CLOSE	1523030641806114591
72FB0406-3678-11E8-BF66-D9AA8AFF4A69	SUBJECT_PROCESS	1F5FF7AC-39B4-11E8-BF66-D9AA8AFF4A69	FILE_OBJECT_UNIX_SOCKET	EVENT_CREATE_OBJECT	1523030641806114591
72FB0406-3678-11E8-BF66-D9AA8AFF4A69	SUBJECT_PROCESS	1F5FF813-39B4-11E8-BF66-D9AA8AFF4A69	FILE_OBJECT_UNIX_SOCKET	EVENT_CREATE_OBJECT	1523030641806114591
0C1063C8-3680-11E8-BF66-D9AA8AFF4A69	SUBJECT_PROCESS	46B643EB-27AA-4C5E-AA27-F55CCE4C898E	FILE_OBJECT_FILE	EVENT_OPEN	1523030642296114450
0C1063C8-3680-11E8-BF66-D9AA8AFF4A69	SUBJECT_PROCESS	01E45E62-2A04-375F-842A-18619F37D37C	FILE_OBJECT_FILE	EVENT_OPEN	1523030642296114450
0C1063C8-3680-11E8-BF66-D9AA8AFF4A69	SUBJECT_PROCESS	01E45E62-2A04-375F-842A-18619F37D37C	FILE_OBJECT_FILE	EVENT_CLOSE	1523030642296114450
0C1063C8-3680-11E8-BF66-D9AA8AFF4A69	SUBJECT_PROCESS	1355E1C5-18A4-9C59-A418-A384299CEB8D	FILE_OBJECT_FILE	EVENT_OPEN	1523030642296114450
0C1063C8-3680-11E8-BF66-D9AA8AFF4A69	SUBJECT_PROCESS	1355E1C5-18A4-9C59-A418-A384299CEB8D	FILE_OBJECT_FILE	EVENT_CLOSE	1523030642296114450
0C1063C8-3680-11E8-BF66-D9AA8AFF4A69	SUBJECT_PROCESS	6FE3903C-A612-1C55-92A6-BB47351C923C	FILE_OBJECT_FILE	EVENT_OPEN	1523030642296114450
0C1063C8-3680-11E8-BF66-D9AA8AFF4A69	SUBJECT_PROCESS	6FE3903C-A612-1C55-92A6-BB47351C923C	FILE_OBJECT_FILE	EVENT_CLOSE	1523030642296114450
0C1063C8-3680-11E8-BF66-D9AA8AFF4A69	SUBJECT_PROCESS	46B643EB-27AA-4C5E-AA27-F55CCE4C898E	FILE_OBJECT_FILE	EVENT_CLOSE	1523030642296114450
72FB0406-3678-11E8-BF66-D9AA8AFF4A69	SUBJECT_PROCESS	1F5FF7AC-39B4-11E8-BF66-D9AA8AFF4A69	FILE_OBJECT_UNIX_SOCKET	EVENT_CLOSE	1523030642806113911
72FB0406-3678-11E8-BF66-D9AA8AFF4A69	SUBJECT_PROCESS	1F5FF813-39B4-11E8-BF66-D9AA8AFF4A69	FILE_OBJECT_UNIX_SOCKET	EVENT_CLOSE	1523030642806113911
72FB0406-3678-11E8-BF66-D9AA8AFF4A69	SUBJECT_PROCESS	1FF88E96-39B4-11E8-BF66-D9AA8AFF4A69	FILE_OBJECT_UNIX_SOCKET	EVENT_CREATE_OBJECT	1523030642806113911
72FB0406-3678-11E8-BF66-D9AA8AFF4A69	SUBJECT_PROCESS	1FF88F00-39B4-11E8-BF66-D9AA8AFF4A69	FILE_OBJECT_UNIX_SOCKET	EVENT_CREATE_OBJECT	1523030642806113911
72FB0406-3678-11E8-BF66-D9AA8AFF4A69	SUBJECT_PROCESS	1FF88E96-39B4-11E8-BF66-D9AA8AFF4A69	FILE_OBJECT_UNIX_SOCKET	EVENT_CLOSE	1523030643806116341
72FB0406-3678-11E8-BF66-D9AA8AFF4A69	SUBJECT_PROCESS	1FF88F00-39B4-11E8-BF66-D9AA8AFF4A69	FILE_OBJECT_UNIX_SOCKET	EVENT_CLOSE	1523030643806116341
72FB0406-3678-11E8-BF66-D9AA8AFF4A69	SUBJECT_PROCESS	209122D5-39B4-11E8-BF66-D9AA8AFF4A69	FILE_OBJECT_UNIX_SOCKET	EVENT_CREATE_OBJECT	1523030643806116341
72FB0406-3678-11E8-BF66-D9AA8AFF4A69	SUBJECT_PROCESS	20912343-39B4-11E8-BF66-D9AA8AFF4A69	FILE_OBJECT_UNIX_SOCKET	EVENT_CREATE_OBJECT	1523030643806116341
72FB0406-3678-11E8-BF66-D9AA8AFF4A69	SUBJECT_PROCESS	209122D5-39B4-11E8-BF66-D9AA8AFF4A69	FILE_OBJECT_UNIX_SOCKET	EVENT_CLOSE	1523030644806116070
72FB0406-3678-11E8-BF66-D9AA8AFF4A69	SUBJECT_PROCESS	20912343-39B4-11E8-BF66-D9AA8AFF4A69	FILE_OBJECT_UNIX_SOCKET	EVENT_CLOSE	1523030644806116070
72FB0406-3678-11E8-BF66-D9AA8AFF4A69	SUBJECT_PROCESS	2129B931-39B4-11E8-BF66-D9AA8AFF4A69	FILE_OBJECT_UNIX_SOCKET	EVENT_CREATE_OBJECT	1523030644806116070
72FB0406-3678-11E8-BF66-D9AA8AFF4A69	SUBJECT_PROCESS	2129B99E-39B4-11E8-BF66-D9AA8AFF4A69	FILE_OBJECT_UNIX_SOCKET	EVENT_CREATE_OBJECT	1523030644806116070
0C0CC0C3-3680-11E8-BF66-D9AA8AFF4A69	SUBJECT_PROCESS	21851FBB-39B4-11E8-BF66-D9AA8AFF4A69	FILE_OBJECT_UNIX_SOCKET	EVENT_CONNECT	1523030645406116318
0C1063C8-3680-11E8-BF66-D9AA8AFF4A69	SUBJECT_PROCESS	0C0E00A6-3680-11E8-BF66-D9AA8AFF4A69	FILE_OBJECT_UNIX_SOCKET	EVENT_ACCEPT	1523030645406116318
0C1063C8-3680-11E8-BF66-D9AA8AFF4A69	SUBJECT_PROCESS	21854820-39B4-11E8-BF66-D9AA8AFF4A69	FILE_OBJECT_UNIX_SOCKET	EVENT_ACCEPT	1523030645406116318
0C0CC0C3-3680-11E8-BF66-D9AA8AFF4A69	SUBJECT_PROCESS	21851FBB-39B4-11E8-BF66-D9AA8AFF4A69	FILE_OBJECT_UNIX_SOCKET	EVENT_WRITE	1523030645406116318
0C1063C8-3680-11E8-BF66-D9AA8AFF4A69	SUBJECT_PROCESS	0C0E2FB4-3680-11E8-BF66-D9AA8AFF4A69	FILE_OBJECT_FILE	EVENT_WRITE	1523030645406116318
0C0CC0C3-3680-11E8-BF66-D9AA8AFF4A69	SUBJECT_PROCESS	21851FBB-39B4-11E8-BF66-D9AA8AFF4A69	FILE_OBJECT_UNIX_SOCKET	EVENT_WRITE	1523030645406116318
0C1063C8-3680-11E8-BF66-D9AA8AFF4A69	SUBJECT_PROCESS	21854820-39B4-11E8-BF66-D9AA8AFF4A69	FILE_OBJECT_UNIX_SOCKET	EVENT_READ	1523030645406116318
0C0CC0C3-3680-11E8-BF66-D9AA8AFF4A69	SUBJECT_PROCESS	0C0E2F6B-3680-11E8-BF66-D9AA8AFF4A69	FILE_OBJECT_FILE	EVENT_READ	1523030645406116318
0C1063C8-3680-11E8-BF66-D9AA8AFF4A69	SUBJECT_PROCESS	758698C3-14D5-875E-9514-42B6BE87BFCF	FILE_OBJECT_FILE	EVENT_OPEN	1523030645406116318
0C1063C8-3680-11E8-BF66-D9AA8AFF4A69	SUBJECT_PROCESS	0C0E2FB4-3680-11E8-BF66-D9AA8AFF4A69	FILE_OBJECT_FILE	EVENT_WRITE	1523030645406116318
0C0CC0C3-3680-11E8-BF66-D9AA8AFF4A69	SUBJECT_PROCESS	0C0E2F6B-3680-11E8-BF66-D9AA8AFF4A69	FILE_OBJECT_FILE	EVENT_READ	1523030645406116318
0C1063C8-3680-11E8-BF66-D9AA8AFF4A69	SUBJECT_PROCESS	21854820-39B4-11E8-BF66-D9AA8AFF4A69	FILE_OBJECT_UNIX_SOCKET	EVENT_CLOSE	1523030645406116318
0C0CC0C3-3680-11E8-BF66-D9AA8AFF4A69	SUBJECT_PROCESS	21851FBB-39B4-11E8-BF66-D9AA8AFF4A69	FILE_OBJECT_UNIX_SOCKET	EVENT_CLOSE	1523030645406116318
0C1063C8-3680-11E8-BF66-D9AA8AFF4A69	SUBJECT_PROCESS	758698C3-14D5-875E-9514-42B6BE87BFCF	FILE_OBJECT_FILE	EVENT_CLOSE	1523030645406116318
72FB0406-3678-11E8-BF66-D9AA8AFF4A69	SUBJECT_PROCESS	2129B931-39B4-11E8-BF66-D9AA8AFF4A69	FILE_OBJECT_UNIX_SOCKET	EVENT_CLOSE	1523030645806112330
72FB0406-3678-11E8-BF66-D9AA8AFF4A69	SUBJECT_PROCESS	2129B99E-39B4-11E8-BF66-D9AA8AFF4A69	FILE_OBJECT_UNIX_SOCKET	EVENT_CLOSE	1523030645806112330
72FB0406-3678-11E8-BF66-D9AA8AFF4A69	SUBJECT_PROCESS	21C2525F-39B4-11E8-BF66-D9AA8AFF4A69	FILE_OBJECT_UNIX_SOCKET	EVENT_CREATE_OBJECT	1523030645806112330
72FB0406-3678-11E8-BF66-D9AA8AFF4A69	SUBJECT_PROCESS	21C252C7-39B4-11E8-BF66-D9AA8AFF4A69	FILE_OBJECT_UNIX_SOCKET	EVENT_CREATE_OBJECT	1523030645806112330
72FB0406-3678-11E8-BF66-D9AA8AFF4A69	SUBJECT_PROCESS	21C2525F-39B4-11E8-BF66-D9AA8AFF4A69	FILE_OBJECT_UNIX_SOCKET	EVENT_CLOSE	1523030646806115510
72FB0406-3678-11E8-BF66-D9AA8AFF4A69	SUBJECT_PROCESS	21C252C7-39B4-11E8-BF66-D9AA8AFF4A69	FILE_OBJECT_UNIX_SOCKET	EVENT_CLOSE	1523030646806115510
72FB0406-3678-11E8-BF66-D9AA8AFF4A69	SUBJECT_PROCESS	225AE65F-39B4-11E8-BF66-D9AA8AFF4A69	FILE_OBJECT_UNIX_SOCKET	EVENT_CREATE_OBJECT	1523030646806115510
72FB0406-3678-11E8-BF66-D9AA8AFF4A69	SUBJECT_PROCESS	225AE6C7-39B4-11E8-BF66-D9AA8AFF4A69	FILE_OBJECT_UNIX_SOCKET	EVENT_CREATE_OBJECT	1523030646806115510
72FB0406-3678-11E8-BF66-D9AA8AFF4A69	SUBJECT_PROCESS	225AE65F-39B4-11E8-BF66-D9AA8AFF4A69	FILE_OBJECT_UNIX_SOCKET	EVENT_CLOSE	1523030647806113699
72FB0406-3678-11E8-BF66-D9AA8AFF4A69	SUBJECT_PROCESS	225AE6C7-39B4-11E8-BF66-D9AA8AFF4A69	FILE_OBJECT_UNIX_SOCKET	EVENT_CLOSE	1523030647806113699
72FB0406-3678-11E8-BF66-D9AA8AFF4A69	SUBJECT_PROCESS	22F37E93-39B4-11E8-BF66-D9AA8AFF4A69	FILE_OBJECT_UNIX_SOCKET	EVENT_CREATE_OBJECT	1523030647806113699
72FB0406-3678-11E8-BF66-D9AA8AFF4A69	SUBJECT_PROCESS	22F37F08-39B4-11E8-BF66-D9AA8AFF4A69	FILE_OBJECT_UNIX_SOCKET	EVENT_CREATE_OBJECT	1523030647806113699
72FB0406-3678-11E8-BF66-D9AA8AFF4A69	SUBJECT_PROCESS	22F37E93-39B4-11E8-BF66-D9AA8AFF4A69	FILE_OBJECT_UNIX_SOCKET	EVENT_CLOSE	1523030648806114299
72FB0406-3678-11E8-BF66-D9AA8AFF4A69	SUBJECT_PROCESS	22F37F08-39B4-11E8-BF66-D9AA8AFF4A69	FILE_OBJECT_UNIX_SOCKET	EVENT_CLOSE	1523030648806114299
72FB0406-3678-11E8-BF66-D9AA8AFF4A69	SUBJECT_PROCESS	238C1293-39B4-11E8-BF66-D9AA8AFF4A69	FILE_OBJECT_UNIX_SOCKET	EVENT_CREATE_OBJECT	1523030648806114299
72FB0406-3678-11E8-BF66-D9AA8AFF4A69	SUBJECT_PROCESS	238C12FA-39B4-11E8-BF66-D9AA8AFF4A69	FILE_OBJECT_UNIX_SOCKET	EVENT_CREATE_OBJECT	1523030648806114299
0C0CC0C3-3680-11E8-BF66-D9AA8AFF4A69	SUBJECT_PROCESS	23E916CC-39B4-11E8-BF66-D9AA8AFF4A69	FILE_OBJECT_UNIX_SOCKET	EVENT_CONNECT	1523030649416112138
A2B6F917-39AA-11E8-BF66-D9AA8AFF4A69	SUBJECT_PROCESS	0C0D74DB-3680-11E8-BF66-D9AA8AFF4A69	FILE_OBJECT_UNIX_SOCKET	EVENT_ACCEPT	1523030649416112138
A2B6F917-39AA-11E8-BF66-D9AA8AFF4A69	SUBJECT_PROCESS	23E93CB5-39B4-11E8-BF66-D9AA8AFF4A69	FILE_OBJECT_UNIX_SOCKET	EVENT_ACCEPT	1523030649416112138
0C0CC0C3-3680-11E8-BF66-D9AA8AFF4A69	SUBJECT_PROCESS	23E916CC-39B4-11E8-BF66-D9AA8AFF4A69	FILE_OBJECT_UNIX_SOCKET	EVENT_WRITE	1523030649416112138
A2B6F917-39AA-11E8-BF66-D9AA8AFF4A69	SUBJECT_PROCESS	0C0DB7A1-3680-11E8-BF66-D9AA8AFF4A69	FILE_OBJECT_FILE	EVENT_WRITE	1523030649416112138
0C0CC0C3-3680-11E8-BF66-D9AA8AFF4A69	SUBJECT_PROCESS	23E916CC-39B4-11E8-BF66-D9AA8AFF4A69	FILE_OBJECT_UNIX_SOCKET	EVENT_WRITE	1523030649416112138
A2B6F917-39AA-11E8-BF66-D9AA8AFF4A69	SUBJECT_PROCESS	23E93CB5-39B4-11E8-BF66-D9AA8AFF4A69	FILE_OBJECT_UNIX_SOCKET	EVENT_READ	1523030649416112138
0C0CC0C3-3680-11E8-BF66-D9AA8AFF4A69	SUBJECT_PROCESS	0C0DB755-3680-11E8-BF66-D9AA8AFF4A69	FILE_OBJECT_FILE	EVENT_READ	1523030649416112138
A2B6F917-39AA-11E8-BF66-D9AA8AFF4A69	SUBJECT_PROCESS	586C56DA-CB56-745E-96CB-52069E742598	FILE_OBJECT_FILE	EVENT_OPEN	1523030649416112138
A2B6F917-39AA-11E8-BF66-D9AA8AFF4A69	SUBJECT_PROCESS	586C56DA-CB56-745E-96CB-52069E742598	FILE_OBJECT_FILE	EVENT_CLOSE	1523030649416112138
A2B6F917-39AA-11E8-BF66-D9AA8AFF4A69	SUBJECT_PROCESS	0C0DB7A1-3680-11E8-BF66-D9AA8AFF4A69	FILE_OBJECT_FILE	EVENT_WRITE	1523030649416112138
0C0CC0C3-3680-11E8-BF66-D9AA8AFF4A69	SUBJECT_PROCESS	0C0DB755-3680-11E8-BF66-D9AA8AFF4A69	FILE_OBJECT_FILE	EVENT_READ	1523030649416112138
A2B6F917-39AA-11E8-BF66-D9AA8AFF4A69	SUBJECT_PROCESS	23E93CB5-39B4-11E8-BF66-D9AA8AFF4A69	FILE_OBJECT_UNIX_SOCKET	EVENT_CLOSE	1523030649416112138
0C0CC0C3-3680-11E8-BF66-D9AA8AFF4A69	SUBJECT_PROCESS	23E916CC-39B4-11E8-BF66-D9AA8AFF4A69	FILE_OBJECT_UNIX_SOCKET	EVENT_CLOSE	1523030649416112138
72FB0406-3678-11E8-BF66-D9AA8AFF4A69	SUBJECT_PROCESS	238C1293-39B4-11E8-BF66-D9AA8AFF4A69	FILE_OBJECT_UNIX_SOCKET	EVENT_CLOSE	1523030649806112589
72FB0406-3678-11E8-BF66-D9AA8AFF4A69	SUBJECT_PROCESS	238C12FA-39B4-11E8-BF66-D9AA8AFF4A69	FILE_OBJECT_UNIX_SOCKET	EVENT_CLOSE	1523030649806112589
72FB0406-3678-11E8-BF66-D9AA8AFF4A69	SUBJECT_PROCESS	2424ACF6-39B4-11E8-BF66-D9AA8AFF4A69	FILE_OBJECT_UNIX_SOCKET	EVENT_CREATE_OBJECT	1523030649806112589
72FB0406-3678-11E8-BF66-D9AA8AFF4A69	SUBJECT_PROCESS	2424AD5D-39B4-11E8-BF66-D9AA8AFF4A69	FILE_OBJECT_UNIX_SOCKET	EVENT_CREATE_OBJECT	1523030649806112589
72FB0406-3678-11E8-BF66-D9AA8AFF4A69	SUBJECT_PROCESS	2424ACF6-39B4-11E8-BF66-D9AA8AFF4A69	FILE_OBJECT_UNIX_SOCKET	EVENT_CLOSE	1523030650816112469
72FB0406-3678-11E8-BF66-D9AA8AFF4A69	SUBJECT_PROCESS	2424AD5D-39B4-11E8-BF66-D9AA8AFF4A69	FILE_OBJECT_UNIX_SOCKET	EVENT_CLOSE	1523030650816112469
72FB0406-3678-11E8-BF66-D9AA8AFF4A69	SUBJECT_PROCESS	24BEF564-39B4-11E8-BF66-D9AA8AFF4A69	FILE_OBJECT_UNIX_SOCKET	EVENT_CREATE_OBJECT	1523030650816112469
72FB0406-3678-11E8-BF66-D9AA8AFF4A69	SUBJECT_PROCESS	24BEF605-39B4-11E8-BF66-D9AA8AFF4A69	FILE_OBJECT_UNIX_SOCKET	EVENT_CREATE_OBJECT	1523030650816112469
72FB0406-3678-11E8-BF66-D9AA8AFF4A69	SUBJECT_PROCESS	24BEF564-39B4-11E8-BF66-D9AA8AFF4A69	FILE_OBJECT_UNIX_SOCKET	EVENT_CLOSE	1523030651816113759
72FB0406-3678-11E8-BF66-D9AA8AFF4A69	SUBJECT_PROCESS	24BEF605-39B4-11E8-BF66-D9AA8AFF4A69	FILE_OBJECT_UNIX_SOCKET	EVENT_CLOSE	1523030651816113759
72FB0406-3678-11E8-BF66-D9AA8AFF4A69	SUBJECT_PROCESS	255774EB-39B4-11E8-BF66-D9AA8AFF4A69	FILE_OBJECT_UNIX_SOCKET	EVENT_CREATE_OBJECT	1523030651816113759
72FB0406-3678-11E8-BF66-D9AA8AFF4A69	SUBJECT_PROCESS	2557754F-39B4-11E8-BF66-D9AA8AFF4A69	FILE_OBJECT_UNIX_SOCKET	EVENT_CREATE_OBJECT	1523030651816113759
72FB0406-3678-11E8-BF66-D9AA8AFF4A69	SUBJECT_PROCESS	255774EB-39B4-11E8-BF66-D9AA8AFF4A69	FILE_OBJECT_UNIX_SOCKET	EVENT_CLOSE	1523030652816114069
72FB0406-3678-11E8-BF66-D9AA8AFF4A69	SUBJECT_PROCESS	2557754F-39B4-11E8-BF66-D9AA8AFF4A69	FILE_OBJECT_UNIX_SOCKET	EVENT_CLOSE	1523030652816114069
72FB0406-3678-11E8-BF66-D9AA8AFF4A69	SUBJECT_PROCESS	25F01004-39B4-11E8-BF66-D9AA8AFF4A69	FILE_OBJECT_UNIX_SOCKET	EVENT_CREATE_OBJECT	1523030652816114069
72FB0406-3678-11E8-BF66-D9AA8AFF4A69	SUBJECT_PROCESS	25F0106E-39B4-11E8-BF66-D9AA8AFF4A69	FILE_OBJECT_UNIX_SOCKET	EVENT_CREATE_OBJECT	1523030652816114069
72FB0406-3678-11E8-BF66-D9AA8AFF4A69	SUBJECT_PROCESS	25F01004-39B4-11E8-BF66-D9AA8AFF4A69	FILE_OBJECT_UNIX_SOCKET	EVENT_CLOSE	1523030653806115548
72FB0406-3678-11E8-BF66-D9AA8AFF4A69	SUBJECT_PROCESS	25F0106E-39B4-11E8-BF66-D9AA8AFF4A69	FILE_OBJECT_UNIX_SOCKET	EVENT_CLOSE	1523030653806115548
72FB0406-3678-11E8-BF66-D9AA8AFF4A69	SUBJECT_PROCESS	2687253F-39B4-11E8-BF66-D9AA8AFF4A69	FILE_OBJECT_UNIX_SOCKET	EVENT_CREATE_OBJECT	1523030653806115548
72FB0406-3678-11E8-BF66-D9AA8AFF4A69	SUBJECT_PROCESS	268725A5-39B4-11E8-BF66-D9AA8AFF4A69	FILE_OBJECT_UNIX_SOCKET	EVENT_CREATE_OBJECT	1523030653806115548
72FB0406-3678-11E8-BF66-D9AA8AFF4A69	SUBJECT_PROCESS	2687253F-39B4-11E8-BF66-D9AA8AFF4A69	FILE_OBJECT_UNIX_SOCKET	EVENT_CLOSE	1523030654816114388
72FB0406-3678-11E8-BF66-D9AA8AFF4A69	SUBJECT_PROCESS	268725A5-39B4-11E8-BF66-D9AA8AFF4A69	FILE_OBJECT_UNIX_SOCKET	EVENT_CLOSE	1523030654816114388
72FB0406-3678-11E8-BF66-D9AA8AFF4A69	SUBJECT_PROCESS	27212694-39B4-11E8-BF66-D9AA8AFF4A69	FILE_OBJECT_UNIX_SOCKET	EVENT_CREATE_OBJECT	1523030654816114388
72FB0406-3678-11E8-BF66-D9AA8AFF4A69	SUBJECT_PROCESS	272126FD-39B4-11E8-BF66-D9AA8AFF4A69	FILE_OBJECT_UNIX_SOCKET	EVENT_CREATE_OBJECT	1523030654816114388
72FB0406-3678-11E8-BF66-D9AA8AFF4A69	SUBJECT_PROCESS	27212694-39B4-11E8-BF66-D9AA8AFF4A69	FILE_OBJECT_UNIX_SOCKET	EVENT_CLOSE	1523030655806114607
72FB0406-3678-11E8-BF66-D9AA8AFF4A69	SUBJECT_PROCESS	272126FD-39B4-11E8-BF66-D9AA8AFF4A69	FILE_OBJECT_UNIX_SOCKET	EVENT_CLOSE	1523030655806114607
72FB0406-3678-11E8-BF66-D9AA8AFF4A69	SUBJECT_PROCESS	27B84C96-39B4-11E8-BF66-D9AA8AFF4A69	FILE_OBJECT_UNIX_SOCKET	EVENT_CREATE_OBJECT	1523030655806114607
72FB0406-3678-11E8-BF66-D9AA8AFF4A69	SUBJECT_PROCESS	27B84D3C-39B4-11E8-BF66-D9AA8AFF4A69	FILE_OBJECT_UNIX_SOCKET	EVENT_CREATE_OBJECT	1523030655806114607
72FB0406-3678-11E8-BF66-D9AA8AFF4A69	SUBJECT_PROCESS	27B84C96-39B4-11E8-BF66-D9AA8AFF4A69	FILE_OBJECT_UNIX_SOCKET	EVENT_CLOSE	1523030656836114719
72FB0406-3678-11E8-BF66-D9AA8AFF4A69	SUBJECT_PROCESS	27B84D3C-39B4-11E8-BF66-D9AA8AFF4A69	FILE_OBJECT_UNIX_SOCKET	EVENT_CLOSE	1523030656836114719
72FB0406-3678-11E8-BF66-D9AA8AFF4A69	SUBJECT_PROCESS	28559159-39B4-11E8-BF66-D9AA8AFF4A69	FILE_OBJECT_UNIX_SOCKET	EVENT_CREATE_OBJECT	1523030656836114719
72FB0406-3678-11E8-BF66-D9AA8AFF4A69	SUBJECT_PROCESS	285591F8-39B4-11E8-BF66-D9AA8AFF4A69	FILE_OBJECT_UNIX_SOCKET	EVENT_CREATE_OBJECT	1523030656836114719
718516D0-3678-11E8-BF66-D9AA8AFF4A69	SUBJECT_PROCESS	285FE7AA-39B4-11E8-BF66-D9AA8AFF4A69	FILE_OBJECT_FILE	EVENT_CLOSE	1523030656906113375
718516D0-3678-11E8-BF66-D9AA8AFF4A69	SUBJECT_PROCESS	2860060C-39B4-11E8-BF66-D9AA8AFF4A69	FILE_OBJECT_FILE	EVENT_CLOSE	1523030656906113375
718516D0-3678-11E8-BF66-D9AA8AFF4A69	SUBJECT_PROCESS	28601F54-39B4-11E8-BF66-D9AA8AFF4A69	FILE_OBJECT_FILE	EVENT_CLOSE	1523030656906113375
718516D0-3678-11E8-BF66-D9AA8AFF4A69	SUBJECT_PROCESS	286039F4-39B4-11E8-BF66-D9AA8AFF4A69	FILE_OBJECT_FILE	EVENT_CLOSE	1523030656906113375
718516D0-3678-11E8-BF66-D9AA8AFF4A69	SUBJECT_PROCESS	286052DD-39B4-11E8-BF66-D9AA8AFF4A69	FILE_OBJECT_FILE	EVENT_CLOSE	1523030656906113375
718516D0-3678-11E8-BF66-D9AA8AFF4A69	SUBJECT_PROCESS	28606BA7-39B4-11E8-BF66-D9AA8AFF4A69	FILE_OBJECT_FILE	EVENT_CLOSE	1523030656906113375
718516D0-3678-11E8-BF66-D9AA8AFF4A69	SUBJECT_PROCESS	286085F2-39B4-11E8-BF66-D9AA8AFF4A69	FILE_OBJECT_FILE	EVENT_CLOSE	1523030656906113375
718516D0-3678-11E8-BF66-D9AA8AFF4A69	SUBJECT_PROCESS	28609F05-39B4-11E8-BF66-D9AA8AFF4A69	FILE_OBJECT_FILE	EVENT_CLOSE	1523030656906113375
718516D0-3678-11E8-BF66-D9AA8AFF4A69	SUBJECT_PROCESS	2860B864-39B4-11E8-BF66-D9AA8AFF4A69	FILE_OBJECT_FILE	EVENT_CLOSE	1523030656906113375
718516D0-3678-11E8-BF66-D9AA8AFF4A69	SUBJECT_PROCESS	2860D15B-39B4-11E8-BF66-D9AA8AFF4A69	FILE_OBJECT_FILE	EVENT_CLOSE	1523030656906113375
718516D0-3678-11E8-BF66-D9AA8AFF4A69	SUBJECT_PROCESS	2860EC8B-39B4-11E8-BF66-D9AA8AFF4A69	FILE_OBJECT_FILE	EVENT_CLOSE	1523030656906113375
718516D0-3678-11E8-BF66-D9AA8AFF4A69	SUBJECT_PROCESS	286105D2-39B4-11E8-BF66-D9AA8AFF4A69	FILE_OBJECT_FILE	EVENT_CLOSE	1523030656906113375
718516D0-3678-11E8-BF66-D9AA8AFF4A69	SUBJECT_PROCESS	28611FAB-39B4-11E8-BF66-D9AA8AFF4A69	FILE_OBJECT_FILE	EVENT_CLOSE	1523030656906113375
718516D0-3678-11E8-BF66-D9AA8AFF4A69	SUBJECT_PROCESS	286138AA-39B4-11E8-BF66-D9AA8AFF4A69	FILE_OBJECT_FILE	EVENT_CLOSE	1523030656906113375
718516D0-3678-11E8-BF66-D9AA8AFF4A69	SUBJECT_PROCESS	286157B7-39B4-11E8-BF66-D9AA8AFF4A69	FILE_OBJECT_FILE	EVENT_CLOSE	1523030656916115826
72FB0406-3678-11E8-BF66-D9AA8AFF4A69	SUBJECT_PROCESS	28559159-39B4-11E8-BF66-D9AA8AFF4A69	FILE_OBJECT_UNIX_SOCKET	EVENT_CLOSE	1523030657816115187
72FB0406-3678-11E8-BF66-D9AA8AFF4A69	SUBJECT_PROCESS	285591F8-39B4-11E8-BF66-D9AA8AFF4A69	FILE_OBJECT_UNIX_SOCKET	EVENT_CLOSE	1523030657816115187
72FB0406-3678-11E8-BF66-D9AA8AFF4A69	SUBJECT_PROCESS	28EB066C-39B4-11E8-BF66-D9AA8AFF4A69	FILE_OBJECT_UNIX_SOCKET	EVENT_CREATE_OBJECT	1523030657816115187
72FB0406-3678-11E8-BF66-D9AA8AFF4A69	SUBJECT_PROCESS	28EB06D3-39B4-11E8-BF66-D9AA8AFF4A69	FILE_OBJECT_UNIX_SOCKET	EVENT_CREATE_OBJECT	1523030657816115187
72FB0406-3678-11E8-BF66-D9AA8AFF4A69	SUBJECT_PROCESS	28EB066C-39B4-11E8-BF66-D9AA8AFF4A69	FILE_OBJECT_UNIX_SOCKET	EVENT_CLOSE	1523030658806112146
72FB0406-3678-11E8-BF66-D9AA8AFF4A69	SUBJECT_PROCESS	28EB06D3-39B4-11E8-BF66-D9AA8AFF4A69	FILE_OBJECT_UNIX_SOCKET	EVENT_CLOSE	1523030658806112146
72FB0406-3678-11E8-BF66-D9AA8AFF4A69	SUBJECT_PROCESS	29822E61-39B4-11E8-BF66-D9AA8AFF4A69	FILE_OBJECT_UNIX_SOCKET	EVENT_CREATE_OBJECT	1523030658806112146
72FB0406-3678-11E8-BF66-D9AA8AFF4A69	SUBJECT_PROCESS	29822ECA-39B4-11E8-BF66-D9AA8AFF4A69	FILE_OBJECT_UNIX_SOCKET	EVENT_CREATE_OBJECT	1523030658806112146
72FB0406-3678-11E8-BF66-D9AA8AFF4A69	SUBJECT_PROCESS	29822E61-39B4-11E8-BF66-D9AA8AFF4A69	FILE_OBJECT_UNIX_SOCKET	EVENT_CLOSE	1523030659816112757
72FB0406-3678-11E8-BF66-D9AA8AFF4A69	SUBJECT_PROCESS	29822ECA-39B4-11E8-BF66-D9AA8AFF4A69	FILE_OBJECT_UNIX_SOCKET	EVENT_CLOSE	1523030659816112757
72FB0406-3678-11E8-BF66-D9AA8AFF4A69	SUBJECT_PROCESS	2A1C150D-39B4-11E8-BF66-D9AA8AFF4A69	FILE_OBJECT_UNIX_SOCKET	EVENT_CREATE_OBJECT	1523030659816112757
72FB0406-3678-11E8-BF66-D9AA8AFF4A69	SUBJECT_PROCESS	2A1C1577-39B4-11E8-BF66-D9AA8AFF4A69	FILE_OBJECT_UNIX_SOCKET	EVENT_CREATE_OBJECT	1523030659816112757
72FB0406-3678-11E8-BF66-D9AA8AFF4A69	SUBJECT_PROCESS	2A1C150D-39B4-11E8-BF66-D9AA8AFF4A69	FILE_OBJECT_UNIX_SOCKET	EVENT_CLOSE	1523030660806114636
72FB0406-3678-11E8-BF66-D9AA8AFF4A69	SUBJECT_PROCESS	2A1C1577-39B4-11E8-BF66-D9AA8AFF4A69	FILE_OBJECT_UNIX_SOCKET	EVENT_CLOSE	1523030660806114636
72FB0406-3678-11E8-BF66-D9AA8AFF4A69	SUBJECT_PROCESS	2AB32407-39B4-11E8-BF66-D9AA8AFF4A69	FILE_OBJECT_UNIX_SOCKET	EVENT_CREATE_OBJECT	1523030660806114636
72FB0406-3678-11E8-BF66-D9AA8AFF4A69	SUBJECT_PROCESS	2AB32470-39B4-11E8-BF66-D9AA8AFF4A69	FILE_OBJECT_UNIX_SOCKET	EVENT_CREATE_OBJECT	1523030660806114636
72FB0406-3678-11E8-BF66-D9AA8AFF4A69	SUBJECT_PROCESS	2AB32407-39B4-11E8-BF66-D9AA8AFF4A69	FILE_OBJECT_UNIX_SOCKET	EVENT_CLOSE	1523030661816112416
72FB0406-3678-11E8-BF66-D9AA8AFF4A69	SUBJECT_PROCESS	2AB32470-39B4-11E8-BF66-D9AA8AFF4A69	FILE_OBJECT_UNIX_SOCKET	EVENT_CLOSE	1523030661816112416
72FB0406-3678-11E8-BF66-D9AA8AFF4A69	SUBJECT_PROCESS	2B4D59D2-39B4-11E8-BF66-D9AA8AFF4A69	FILE_OBJECT_UNIX_SOCKET	EVENT_CREATE_OBJECT	1523030661816112416
72FB0406-3678-11E8-BF66-D9AA8AFF4A69	SUBJECT_PROCESS	2B4D5A38-39B4-11E8-BF66-D9AA8AFF4A69	FILE_OBJECT_UNIX_SOCKET	EVENT_CREATE_OBJECT	1523030661816112416
72FB0406-3678-11E8-BF66-D9AA8AFF4A69	SUBJECT_PROCESS	2B4D59D2-39B4-11E8-BF66-D9AA8AFF4A69	FILE_OBJECT_UNIX_SOCKET	EVENT_CLOSE	1523030662806113795
72FB0406-3678-11E8-BF66-D9AA8AFF4A69	SUBJECT_PROCESS	2B4D5A38-39B4-11E8-BF66-D9AA8AFF4A69	FILE_OBJECT_UNIX_SOCKET	EVENT_CLOSE	1523030662806113795
72FB0406-3678-11E8-BF66-D9AA8AFF4A69	SUBJECT_PROCESS	2BE471BA-39B4-11E8-BF66-D9AA8AFF4A69	FILE_OBJECT_UNIX_SOCKET	EVENT_CREATE_OBJECT	1523030662806113795
72FB0406-3678-11E8-BF66-D9AA8AFF4A69	SUBJECT_PROCESS	2BE47224-39B4-11E8-BF66-D9AA8AFF4A69	FILE_OBJECT_UNIX_SOCKET	EVENT_CREATE_OBJECT	1523030662806113795
72FB0406-3678-11E8-BF66-D9AA8AFF4A69	SUBJECT_PROCESS	2BE471BA-39B4-11E8-BF66-D9AA8AFF4A69	FILE_OBJECT_UNIX_SOCKET	EVENT_CLOSE	1523030663816113586
72FB0406-3678-11E8-BF66-D9AA8AFF4A69	SUBJECT_PROCESS	2BE47224-39B4-11E8-BF66-D9AA8AFF4A69	FILE_OBJECT_UNIX_SOCKET	EVENT_CLOSE	1523030663816113586
72FB0406-3678-11E8-BF66-D9AA8AFF4A69	SUBJECT_PROCESS	2C7E7409-39B4-11E8-BF66-D9AA8AFF4A69	FILE_OBJECT_UNIX_SOCKET	EVENT_CREATE_OBJECT	1523030663816113586
72FB0406-3678-11E8-BF66-D9AA8AFF4A69	SUBJECT_PROCESS	2C7E7471-39B4-11E8-BF66-D9AA8AFF4A69	FILE_OBJECT_UNIX_SOCKET	EVENT_CREATE_OBJECT	1523030663816113586
72FB0406-3678-11E8-BF66-D9AA8AFF4A69	SUBJECT_PROCESS	2C7E7409-39B4-11E8-BF66-D9AA8AFF4A69	FILE_OBJECT_UNIX_SOCKET	EVENT_CLOSE	1523030664806115115
72FB0406-3678-11E8-BF66-D9AA8AFF4A69	SUBJECT_PROCESS	2C7E7471-39B4-11E8-BF66-D9AA8AFF4A69	FILE_OBJECT_UNIX_SOCKET	EVENT_CLOSE	1523030664806115115
72FB0406-3678-11E8-BF66-D9AA8AFF4A69	SUBJECT_PROCESS	2D157D7B-39B4-11E8-BF66-D9AA8AFF4A69	FILE_OBJECT_UNIX_SOCKET	EVENT_CREATE_OBJECT	1523030664806115115
72FB0406-3678-11E8-BF66-D9AA8AFF4A69	SUBJECT_PROCESS	2D157DE2-39B4-11E8-BF66-D9AA8AFF4A69	FILE_OBJECT_UNIX_SOCKET	EVENT_CREATE_OBJECT	1523030664806115115
72FB0406-3678-11E8-BF66-D9AA8AFF4A69	SUBJECT_PROCESS	2D157D7B-39B4-11E8-BF66-D9AA8AFF4A69	FILE_OBJECT_UNIX_SOCKET	EVENT_CLOSE	1523030665816112965
72FB0406-3678-11E8-BF66-D9AA8AFF4A69	SUBJECT_PROCESS	2D157DE2-39B4-11E8-BF66-D9AA8AFF4A69	FILE_OBJECT_UNIX_SOCKET	EVENT_CLOSE	1523030665816112965
72FB0406-3678-11E8-BF66-D9AA8AFF4A69	SUBJECT_PROCESS	2DAFA03E-39B4-11E8-BF66-D9AA8AFF4A69	FILE_OBJECT_UNIX_SOCKET	EVENT_CREATE_OBJECT	1523030665816112965
72FB0406-3678-11E8-BF66-D9AA8AFF4A69	SUBJECT_PROCESS	2DAFA0A7-39B4-11E8-BF66-D9AA8AFF4A69	FILE_OBJECT_UNIX_SOCKET	EVENT_CREATE_OBJECT	1523030665816112965
72FB0406-3678-11E8-BF66-D9AA8AFF4A69	SUBJECT_PROCESS	2DAFA03E-39B4-11E8-BF66-D9AA8AFF4A69	FILE_OBJECT_UNIX_SOCKET	EVENT_CLOSE	1523030666806114424
72FB0406-3678-11E8-BF66-D9AA8AFF4A69	SUBJECT_PROCESS	2DAFA0A7-39B4-11E8-BF66-D9AA8AFF4A69	FILE_OBJECT_UNIX_SOCKET	EVENT_CLOSE	1523030666806114424
72FB0406-3678-11E8-BF66-D9AA8AFF4A69	SUBJECT_PROCESS	2E46ADF0-39B4-11E8-BF66-D9AA8AFF4A69	FILE_OBJECT_UNIX_SOCKET	EVENT_CREATE_OBJECT	1523030666806114424
72FB0406-3678-11E8-BF66-D9AA8AFF4A69	SUBJECT_PROCESS	2E46AE5D-39B4-11E8-BF66-D9AA8AFF4A69	FILE_OBJECT_UNIX_SOCKET	EVENT_CREATE_OBJECT	1523030666806114424
72FB0406-3678-11E8-BF66-D9AA8AFF4A69	SUBJECT_PROCESS	2E46ADF0-39B4-11E8-BF66-D9AA8AFF4A69	FILE_OBJECT_UNIX_SOCKET	EVENT_CLOSE	1523030667806113804
72FB0406-3678-11E8-BF66-D9AA8AFF4A69	SUBJECT_PROCESS	2E46AE5D-39B4-11E8-BF66-D9AA8AFF4A69	FILE_OBJECT_UNIX_SOCKET	EVENT_CLOSE	1523030667806113804
72FB0406-3678-11E8-BF66-D9AA8AFF4A69	SUBJECT_PROCESS	2EDF29EB-39B4-11E8-BF66-D9AA8AFF4A69	FILE_OBJECT_UNIX_SOCKET	EVENT_CREATE_OBJECT	1523030667806113804
72FB0406-3678-11E8-BF66-D9AA8AFF4A69	SUBJECT_PROCESS	2EDF2A5B-39B4-11E8-BF66-D9AA8AFF4A69	FILE_OBJECT_UNIX_SOCKET	EVENT_CREATE_OBJECT	1523030667806113804
72FB0406-3678-11E8-BF66-D9AA8AFF4A69	SUBJECT_PROCESS	2EDF29EB-39B4-11E8-BF66-D9AA8AFF4A69	FILE_OBJECT_UNIX_SOCKET	EVENT_CLOSE	1523030668806113543
72FB0406-3678-11E8-BF66-D9AA8AFF4A69	SUBJECT_PROCESS	2EDF2A5B-39B4-11E8-BF66-D9AA8AFF4A69	FILE_OBJECT_UNIX_SOCKET	EVENT_CLOSE	1523030668806113543
72FB0406-3678-11E8-BF66-D9AA8AFF4A69	SUBJECT_PROCESS	2F77DC65-39B4-11E8-BF66-D9AA8AFF4A69	FILE_OBJECT_UNIX_SOCKET	EVENT_CREATE_OBJECT	1523030668806113543
72FB0406-3678-11E8-BF66-D9AA8AFF4A69	SUBJECT_PROCESS	2F77DCD8-39B4-11E8-BF66-D9AA8AFF4A69	FILE_OBJECT_UNIX_SOCKET	EVENT_CREATE_OBJECT	1523030668806113543
72FB0406-3678-11E8-BF66-D9AA8AFF4A69	SUBJECT_PROCESS	2F77DC65-39B4-11E8-BF66-D9AA8AFF4A69	FILE_OBJECT_UNIX_SOCKET	EVENT_CLOSE	1523030669816115534
72FB0406-3678-11E8-BF66-D9AA8AFF4A69	SUBJECT_PROCESS	2F77DCD8-39B4-11E8-BF66-D9AA8AFF4A69	FILE_OBJECT_UNIX_SOCKET	EVENT_CLOSE	1523030669816115534
72FB0406-3678-11E8-BF66-D9AA8AFF4A69	SUBJECT_PROCESS	30120D15-39B4-11E8-BF66-D9AA8AFF4A69	FILE_OBJECT_UNIX_SOCKET	EVENT_CREATE_OBJECT	1523030669816115534
72FB0406-3678-11E8-BF66-D9AA8AFF4A69	SUBJECT_PROCESS	30120DC5-39B4-11E8-BF66-D9AA8AFF4A69	FILE_OBJECT_UNIX_SOCKET	EVENT_CREATE_OBJECT	1523030669816115534
72FB0406-3678-11E8-BF66-D9AA8AFF4A69	SUBJECT_PROCESS	30120D15-39B4-11E8-BF66-D9AA8AFF4A69	FILE_OBJECT_UNIX_SOCKET	EVENT_CLOSE	1523030670806113343
72FB0406-3678-11E8-BF66-D9AA8AFF4A69	SUBJECT_PROCESS	30120DC5-39B4-11E8-BF66-D9AA8AFF4A69	FILE_OBJECT_UNIX_SOCKET	EVENT_CLOSE	1523030670806113343
72FB0406-3678-11E8-BF66-D9AA8AFF4A69	SUBJECT_PROCESS	30A91C49-39B4-11E8-BF66-D9AA8AFF4A69	FILE_OBJECT_UNIX_SOCKET	EVENT_CREATE_OBJECT	1523030670806113343
72FB0406-3678-11E8-BF66-D9AA8AFF4A69	SUBJECT_PROCESS	30A91CF3-39B4-11E8-BF66-D9AA8AFF4A69	FILE_OBJECT_UNIX_SOCKET	EVENT_CREATE_OBJECT	1523030670806113343
72FB0406-3678-11E8-BF66-D9AA8AFF4A69	SUBJECT_PROCESS	30A91C49-39B4-11E8-BF66-D9AA8AFF4A69	FILE_OBJECT_UNIX_SOCKET	EVENT_CLOSE	1523030671806112872
72FB0406-3678-11E8-BF66-D9AA8AFF4A69	SUBJECT_PROCESS	30A91CF3-39B4-11E8-BF66-D9AA8AFF4A69	FILE_OBJECT_UNIX_SOCKET	EVENT_CLOSE	1523030671806112872
72FB0406-3678-11E8-BF66-D9AA8AFF4A69	SUBJECT_PROCESS	3141AF14-39B4-11E8-BF66-D9AA8AFF4A69	FILE_OBJECT_UNIX_SOCKET	EVENT_CREATE_OBJECT	1523030671806112872
72FB0406-3678-11E8-BF66-D9AA8AFF4A69	SUBJECT_PROCESS	3141AFB0-39B4-11E8-BF66-D9AA8AFF4A69	FILE_OBJECT_UNIX_SOCKET	EVENT_CREATE_OBJECT	1523030671806112872
72FB0406-3678-11E8-BF66-D9AA8AFF4A69	SUBJECT_PROCESS	3141AF14-39B4-11E8-BF66-D9AA8AFF4A69	FILE_OBJECT_UNIX_SOCKET	EVENT_CLOSE	1523030672816116303
72FB0406-3678-11E8-BF66-D9AA8AFF4A69	SUBJECT_PROCESS	3141AFB0-39B4-11E8-BF66-D9AA8AFF4A69	FILE_OBJECT_UNIX_SOCKET	EVENT_CLOSE	1523030672816116303
72FB0406-3678-11E8-BF66-D9AA8AFF4A69	SUBJECT_PROCESS	31DBD088-39B4-11E8-BF66-D9AA8AFF4A69	FILE_OBJECT_UNIX_SOCKET	EVENT_CREATE_OBJECT	1523030672816116303
72FB0406-3678-11E8-BF66-D9AA8AFF4A69	SUBJECT_PROCESS	31DBD15B-39B4-11E8-BF66-D9AA8AFF4A69	FILE_OBJECT_UNIX_SOCKET	EVENT_CREATE_OBJECT	1523030672816116303
72FB0406-3678-11E8-BF66-D9AA8AFF4A69	SUBJECT_PROCESS	31DBD088-39B4-11E8-BF66-D9AA8AFF4A69	FILE_OBJECT_UNIX_SOCKET	EVENT_CLOSE	1523030673806113642
72FB0406-3678-11E8-BF66-D9AA8AFF4A69	SUBJECT_PROCESS	31DBD15B-39B4-11E8-BF66-D9AA8AFF4A69	FILE_OBJECT_UNIX_SOCKET	EVENT_CLOSE	1523030673806113642
72FB0406-3678-11E8-BF66-D9AA8AFF4A69	SUBJECT_PROCESS	3272E0CE-39B4-11E8-BF66-D9AA8AFF4A69	FILE_OBJECT_UNIX_SOCKET	EVENT_CREATE_OBJECT	1523030673806113642
72FB0406-3678-11E8-BF66-D9AA8AFF4A69	SUBJECT_PROCESS	3272E170-39B4-11E8-BF66-D9AA8AFF4A69	FILE_OBJECT_UNIX_SOCKET	EVENT_CREATE_OBJECT	1523030673806113642
72FB0406-3678-11E8-BF66-D9AA8AFF4A69	SUBJECT_PROCESS	3272E0CE-39B4-11E8-BF66-D9AA8AFF4A69	FILE_OBJECT_UNIX_SOCKET	EVENT_CLOSE	1523030674816113452
72FB0406-3678-11E8-BF66-D9AA8AFF4A69	SUBJECT_PROCESS	3272E170-39B4-11E8-BF66-D9AA8AFF4A69	FILE_OBJECT_UNIX_SOCKET	EVENT_CLOSE	1523030674816113452
72FB0406-3678-11E8-BF66-D9AA8AFF4A69	SUBJECT_PROCESS	330CE61D-39B4-11E8-BF66-D9AA8AFF4A69	FILE_OBJECT_UNIX_SOCKET	EVENT_CREATE_OBJECT	1523030674816113452
72FB0406-3678-11E8-BF66-D9AA8AFF4A69	SUBJECT_PROCESS	330CE689-39B4-11E8-BF66-D9AA8AFF4A69	FILE_OBJECT_UNIX_SOCKET	EVENT_CREATE_OBJECT	1523030674816113452
72FB0406-3678-11E8-BF66-D9AA8AFF4A69	SUBJECT_PROCESS	330CE61D-39B4-11E8-BF66-D9AA8AFF4A69	FILE_OBJECT_UNIX_SOCKET	EVENT_CLOSE	1523030675806114741
72FB0406-3678-11E8-BF66-D9AA8AFF4A69	SUBJECT_PROCESS	330CE689-39B4-11E8-BF66-D9AA8AFF4A69	FILE_OBJECT_UNIX_SOCKET	EVENT_CLOSE	1523030675806114741
72FB0406-3678-11E8-BF66-D9AA8AFF4A69	SUBJECT_PROCESS	33A3F813-39B4-11E8-BF66-D9AA8AFF4A69	FILE_OBJECT_UNIX_SOCKET	EVENT_CREATE_OBJECT	1523030675806114741
72FB0406-3678-11E8-BF66-D9AA8AFF4A69	SUBJECT_PROCESS	33A3F880-39B4-11E8-BF66-D9AA8AFF4A69	FILE_OBJECT_UNIX_SOCKET	EVENT_CREATE_OBJECT	1523030675806114741
72FB0406-3678-11E8-BF66-D9AA8AFF4A69	SUBJECT_PROCESS	33A3F813-39B4-11E8-BF66-D9AA8AFF4A69	FILE_OBJECT_UNIX_SOCKET	EVENT_CLOSE	1523030676816112432
72FB0406-3678-11E8-BF66-D9AA8AFF4A69	SUBJECT_PROCESS	33A3F880-39B4-11E8-BF66-D9AA8AFF4A69	FILE_OBJECT_UNIX_SOCKET	EVENT_CLOSE	1523030676816112432
72FB0406-3678-11E8-BF66-D9AA8AFF4A69	SUBJECT_PROCESS	343E15B6-39B4-11E8-BF66-D9AA8AFF4A69	FILE_OBJECT_UNIX_SOCKET	EVENT_CREATE_OBJECT	1523030676816112432
72FB0406-3678-11E8-BF66-D9AA8AFF4A69	SUBJECT_PROCESS	343E161F-39B4-11E8-BF66-D9AA8AFF4A69	FILE_OBJECT_UNIX_SOCKET	EVENT_CREATE_OBJECT	1523030676816112432
15B8D392-39B3-11E8-BF66-D9AA8AFF4A69	SUBJECT_PROCESS	15B8BB8C-39B3-11E8-BF66-D9AA8AFF4A69	NetFlowObject	EVENT_WRITE	1523030677066116092
15B8D392-39B3-11E8-BF66-D9AA8AFF4A69	SUBJECT_PROCESS	15B8BB8C-39B3-11E8-BF66-D9AA8AFF4A69	NetFlowObject	EVENT_READ	1523030677066116092
15B8D392-39B3-11E8-BF66-D9AA8AFF4A69	SUBJECT_PROCESS	15B8BB8C-39B3-11E8-BF66-D9AA8AFF4A69	NetFlowObject	EVENT_WRITE	1523030677066116092
15B8D392-39B3-11E8-BF66-D9AA8AFF4A69	SUBJECT_PROCESS	15B8BB8C-39B3-11E8-BF66-D9AA8AFF4A69	NetFlowObject	EVENT_READ	1523030677066116092
15B8D392-39B3-11E8-BF66-D9AA8AFF4A69	SUBJECT_PROCESS	15B8BB8C-39B3-11E8-BF66-D9AA8AFF4A69	NetFlowObject	EVENT_WRITE	1523030677066116092
15B8D392-39B3-11E8-BF66-D9AA8AFF4A69	SUBJECT_PROCESS	15B8BB8C-39B3-11E8-BF66-D9AA8AFF4A69	NetFlowObject	EVENT_READ	1523030677066116092
15B8D392-39B3-11E8-BF66-D9AA8AFF4A69	SUBJECT_PROCESS	15B8BB8C-39B3-11E8-BF66-D9AA8AFF4A69	NetFlowObject	EVENT_WRITE	1523030677066116092
15B8D392-39B3-11E8-BF66-D9AA8AFF4A69	SUBJECT_PROCESS	15B8BB8C-39B3-11E8-BF66-D9AA8AFF4A69	NetFlowObject	EVENT_READ	1523030677066116092
15B8D392-39B3-11E8-BF66-D9AA8AFF4A69	SUBJECT_PROCESS	15B8BB8C-39B3-11E8-BF66-D9AA8AFF4A69	NetFlowObject	EVENT_WRITE	1523030677066116092
72FB0406-3678-11E8-BF66-D9AA8AFF4A69	SUBJECT_PROCESS	343E15B6-39B4-11E8-BF66-D9AA8AFF4A69	FILE_OBJECT_UNIX_SOCKET	EVENT_CLOSE	1523030677816116341
72FB0406-3678-11E8-BF66-D9AA8AFF4A69	SUBJECT_PROCESS	343E161F-39B4-11E8-BF66-D9AA8AFF4A69	FILE_OBJECT_UNIX_SOCKET	EVENT_CLOSE	1523030677816116341
72FB0406-3678-11E8-BF66-D9AA8AFF4A69	SUBJECT_PROCESS	34D6BFAC-39B4-11E8-BF66-D9AA8AFF4A69	FILE_OBJECT_UNIX_SOCKET	EVENT_CREATE_OBJECT	1523030677816116341
72FB0406-3678-11E8-BF66-D9AA8AFF4A69	SUBJECT_PROCESS	34D6C014-39B4-11E8-BF66-D9AA8AFF4A69	FILE_OBJECT_UNIX_SOCKET	EVENT_CREATE_OBJECT	1523030677816116341
72FB0406-3678-11E8-BF66-D9AA8AFF4A69	SUBJECT_PROCESS	34D6BFAC-39B4-11E8-BF66-D9AA8AFF4A69	FILE_OBJECT_UNIX_SOCKET	EVENT_CLOSE	1523030678816113421
72FB0406-3678-11E8-BF66-D9AA8AFF4A69	SUBJECT_PROCESS	34D6C014-39B4-11E8-BF66-D9AA8AFF4A69	FILE_OBJECT_UNIX_SOCKET	EVENT_CLOSE	1523030678816113421
72FB0406-3678-11E8-BF66-D9AA8AFF4A69	SUBJECT_PROCESS	356F4344-39B4-11E8-BF66-D9AA8AFF4A69	FILE_OBJECT_UNIX_SOCKET	EVENT_CREATE_OBJECT	1523030678816113421
72FB0406-3678-11E8-BF66-D9AA8AFF4A69	SUBJECT_PROCESS	356F43AE-39B4-11E8-BF66-D9AA8AFF4A69	FILE_OBJECT_UNIX_SOCKET	EVENT_CREATE_OBJECT	1523030678816113421
72FB0406-3678-11E8-BF66-D9AA8AFF4A69	SUBJECT_PROCESS	356F4344-39B4-11E8-BF66-D9AA8AFF4A69	FILE_OBJECT_UNIX_SOCKET	EVENT_CLOSE	1523030679816112381
72FB0406-3678-11E8-BF66-D9AA8AFF4A69	SUBJECT_PROCESS	356F43AE-39B4-11E8-BF66-D9AA8AFF4A69	FILE_OBJECT_UNIX_SOCKET	EVENT_CLOSE	1523030679816112381
72FB0406-3678-11E8-BF66-D9AA8AFF4A69	SUBJECT_PROCESS	3607DBA0-39B4-11E8-BF66-D9AA8AFF4A69	FILE_OBJECT_UNIX_SOCKET	EVENT_CREATE_OBJECT	1523030679816112381
72FB0406-3678-11E8-BF66-D9AA8AFF4A69	SUBJECT_PROCESS	3607DC0D-39B4-11E8-BF66-D9AA8AFF4A69	FILE_OBJECT_UNIX_SOCKET	EVENT_CREATE_OBJECT	1523030679816112381
72FB0406-3678-11E8-BF66-D9AA8AFF4A69	SUBJECT_PROCESS	3607DBA0-39B4-11E8-BF66-D9AA8AFF4A69	FILE_OBJECT_UNIX_SOCKET	EVENT_CLOSE	1523030680806114080
72FB0406-3678-11E8-BF66-D9AA8AFF4A69	SUBJECT_PROCESS	3607DC0D-39B4-11E8-BF66-D9AA8AFF4A69	FILE_OBJECT_UNIX_SOCKET	EVENT_CLOSE	1523030680806114080
72FB0406-3678-11E8-BF66-D9AA8AFF4A69	SUBJECT_PROCESS	369EEBB4-39B4-11E8-BF66-D9AA8AFF4A69	FILE_OBJECT_UNIX_SOCKET	EVENT_CREATE_OBJECT	1523030680806114080
72FB0406-3678-11E8-BF66-D9AA8AFF4A69	SUBJECT_PROCESS	369EEC21-39B4-11E8-BF66-D9AA8AFF4A69	FILE_OBJECT_UNIX_SOCKET	EVENT_CREATE_OBJECT	1523030680806114080
72FB0406-3678-11E8-BF66-D9AA8AFF4A69	SUBJECT_PROCESS	369EEBB4-39B4-11E8-BF66-D9AA8AFF4A69	FILE_OBJECT_UNIX_SOCKET	EVENT_CLOSE	1523030681806114939
72FB0406-3678-11E8-BF66-D9AA8AFF4A69	SUBJECT_PROCESS	369EEC21-39B4-11E8-BF66-D9AA8AFF4A69	FILE_OBJECT_UNIX_SOCKET	EVENT_CLOSE	1523030681806114939
72FB0406-3678-11E8-BF66-D9AA8AFF4A69	SUBJECT_PROCESS	373781D0-39B4-11E8-BF66-D9AA8AFF4A69	FILE_OBJECT_UNIX_SOCKET	EVENT_CREATE_OBJECT	1523030681806114939
72FB0406-3678-11E8-BF66-D9AA8AFF4A69	SUBJECT_PROCESS	3737823A-39B4-11E8-BF66-D9AA8AFF4A69	FILE_OBJECT_UNIX_SOCKET	EVENT_CREATE_OBJECT	1523030681806114939
72FB0406-3678-11E8-BF66-D9AA8AFF4A69	SUBJECT_PROCESS	373781D0-39B4-11E8-BF66-D9AA8AFF4A69	FILE_OBJECT_UNIX_SOCKET	EVENT_CLOSE	1523030682816115750
72FB0406-3678-11E8-BF66-D9AA8AFF4A69	SUBJECT_PROCESS	3737823A-39B4-11E8-BF66-D9AA8AFF4A69	FILE_OBJECT_UNIX_SOCKET	EVENT_CLOSE	1523030682816115750
72FB0406-3678-11E8-BF66-D9AA8AFF4A69	SUBJECT_PROCESS	37D1AED1-39B4-11E8-BF66-D9AA8AFF4A69	FILE_OBJECT_UNIX_SOCKET	EVENT_CREATE_OBJECT	1523030682816115750
72FB0406-3678-11E8-BF66-D9AA8AFF4A69	SUBJECT_PROCESS	37D1AF3B-39B4-11E8-BF66-D9AA8AFF4A69	FILE_OBJECT_UNIX_SOCKET	EVENT_CREATE_OBJECT	1523030682816115750
72FB0406-3678-11E8-BF66-D9AA8AFF4A69	SUBJECT_PROCESS	37D1AED1-39B4-11E8-BF66-D9AA8AFF4A69	FILE_OBJECT_UNIX_SOCKET	EVENT_CLOSE	1523030683806114319
72FB0406-3678-11E8-BF66-D9AA8AFF4A69	SUBJECT_PROCESS	37D1AF3B-39B4-11E8-BF66-D9AA8AFF4A69	FILE_OBJECT_UNIX_SOCKET	EVENT_CLOSE	1523030683806114319
72FB0406-3678-11E8-BF66-D9AA8AFF4A69	SUBJECT_PROCESS	3868AD9A-39B4-11E8-BF66-D9AA8AFF4A69	FILE_OBJECT_UNIX_SOCKET	EVENT_CREATE_OBJECT	1523030683806114319
72FB0406-3678-11E8-BF66-D9AA8AFF4A69	SUBJECT_PROCESS	3868AE06-39B4-11E8-BF66-D9AA8AFF4A69	FILE_OBJECT_UNIX_SOCKET	EVENT_CREATE_OBJECT	1523030683806114319
72FB0406-3678-11E8-BF66-D9AA8AFF4A69	SUBJECT_PROCESS	3868AD9A-39B4-11E8-BF66-D9AA8AFF4A69	FILE_OBJECT_UNIX_SOCKET	EVENT_CLOSE	1523030684806113198
72FB0406-3678-11E8-BF66-D9AA8AFF4A69	SUBJECT_PROCESS	3868AE06-39B4-11E8-BF66-D9AA8AFF4A69	FILE_OBJECT_UNIX_SOCKET	EVENT_CLOSE	1523030684806113198
72FB0406-3678-11E8-BF66-D9AA8AFF4A69	SUBJECT_PROCESS	39014404-39B4-11E8-BF66-D9AA8AFF4A69	FILE_OBJECT_UNIX_SOCKET	EVENT_CREATE_OBJECT	1523030684806113198
72FB0406-3678-11E8-BF66-D9AA8AFF4A69	SUBJECT_PROCESS	39014475-39B4-11E8-BF66-D9AA8AFF4A69	FILE_OBJECT_UNIX_SOCKET	EVENT_CREATE_OBJECT	1523030684806113198
72FB0406-3678-11E8-BF66-D9AA8AFF4A69	SUBJECT_PROCESS	39014404-39B4-11E8-BF66-D9AA8AFF4A69	FILE_OBJECT_UNIX_SOCKET	EVENT_CLOSE	1523030685806114888
72FB0406-3678-11E8-BF66-D9AA8AFF4A69	SUBJECT_PROCESS	39014475-39B4-11E8-BF66-D9AA8AFF4A69	FILE_OBJECT_UNIX_SOCKET	EVENT_CLOSE	1523030685806114888
72FB0406-3678-11E8-BF66-D9AA8AFF4A69	SUBJECT_PROCESS	3999D886-39B4-11E8-BF66-D9AA8AFF4A69	FILE_OBJECT_UNIX_SOCKET	EVENT_CREATE_OBJECT	1523030685806114888
72FB0406-3678-11E8-BF66-D9AA8AFF4A69	SUBJECT_PROCESS	3999D8F2-39B4-11E8-BF66-D9AA8AFF4A69	FILE_OBJECT_UNIX_SOCKET	EVENT_CREATE_OBJECT	1523030685806114888
F7496C26-383C-11E8-BF66-D9AA8AFF4A69	SUBJECT_PROCESS	F74953D1-383C-11E8-BF66-D9AA8AFF4A69	NetFlowObject	EVENT_WRITE	1523030686566114519
F7496C26-383C-11E8-BF66-D9AA8AFF4A69	SUBJECT_PROCESS	F74953D1-383C-11E8-BF66-D9AA8AFF4A69	NetFlowObject	EVENT_READ	1523030686566114519
F7496C26-383C-11E8-BF66-D9AA8AFF4A69	SUBJECT_PROCESS	F74953D1-383C-11E8-BF66-D9AA8AFF4A69	NetFlowObject	EVENT_WRITE	1523030686566114519
F7496C26-383C-11E8-BF66-D9AA8AFF4A69	SUBJECT_PROCESS	F74953D1-383C-11E8-BF66-D9AA8AFF4A69	NetFlowObject	EVENT_READ	1523030686566114519
F7496C26-383C-11E8-BF66-D9AA8AFF4A69	SUBJECT_PROCESS	F74953D1-383C-11E8-BF66-D9AA8AFF4A69	NetFlowObject	EVENT_WRITE	1523030686566114519
F7496C26-383C-11E8-BF66-D9AA8AFF4A69	SUBJECT_PROCESS	F74953D1-383C-11E8-BF66-D9AA8AFF4A69	NetFlowObject	EVENT_READ	1523030686566114519
F7496C26-383C-11E8-BF66-D9AA8AFF4A69	SUBJECT_PROCESS	F74953D1-383C-11E8-BF66-D9AA8AFF4A69	NetFlowObject	EVENT_WRITE	1523030686566114519
F7496C26-383C-11E8-BF66-D9AA8AFF4A69	SUBJECT_PROCESS	F74953D1-383C-11E8-BF66-D9AA8AFF4A69	NetFlowObject	EVENT_READ	1523030686576112170
F7496C26-383C-11E8-BF66-D9AA8AFF4A69	SUBJECT_PROCESS	F74953D1-383C-11E8-BF66-D9AA8AFF4A69	NetFlowObject	EVENT_WRITE	1523030686576112170
72FB0406-3678-11E8-BF66-D9AA8AFF4A69	SUBJECT_PROCESS	3999D886-39B4-11E8-BF66-D9AA8AFF4A69	FILE_OBJECT_UNIX_SOCKET	EVENT_CLOSE	1523030686816116359
72FB0406-3678-11E8-BF66-D9AA8AFF4A69	SUBJECT_PROCESS	3999D8F2-39B4-11E8-BF66-D9AA8AFF4A69	FILE_OBJECT_UNIX_SOCKET	EVENT_CLOSE	1523030686816116359
72FB0406-3678-11E8-BF66-D9AA8AFF4A69	SUBJECT_PROCESS	3A33FA85-39B4-11E8-BF66-D9AA8AFF4A69	FILE_OBJECT_UNIX_SOCKET	EVENT_CREATE_OBJECT	1523030686816116359
72FB0406-3678-11E8-BF66-D9AA8AFF4A69	SUBJECT_PROCESS	3A33FAF2-39B4-11E8-BF66-D9AA8AFF4A69	FILE_OBJECT_UNIX_SOCKET	EVENT_CREATE_OBJECT	1523030686816116359
1895A46E-39B4-11E8-BF66-D9AA8AFF4A69	SUBJECT_PROCESS	1895A46E-39B4-11E8-BF66-D9AA8AFF4A69	SUBJECT_PROCESS	EVENT_EXIT	1523030687436112718
D59C58B7-373D-11E8-BF66-D9AA8AFF4A69	SUBJECT_PROCESS	3A9282DA-39B4-11E8-BF66-D9AA8AFF4A69	SUBJECT_PROCESS	EVENT_FORK	1523030687436112718
3A9282DA-39B4-11E8-BF66-D9AA8AFF4A69	SUBJECT_PROCESS	CC349957-3DA4-8E5E-A43D-C7740E8ECAA9	FILE_OBJECT_FILE	EVENT_CLOSE	1523030687436112718
3A9282DA-39B4-11E8-BF66-D9AA8AFF4A69	SUBJECT_PROCESS	4D344F9D-3989-8550-8939-91A3B085C709	FILE_OBJECT_FILE	EVENT_OPEN	1523030687436112718
3A9282DA-39B4-11E8-BF66-D9AA8AFF4A69	SUBJECT_PROCESS	4D344F9D-3989-8550-8939-91A3B085C709	FILE_OBJECT_FILE	EVENT_CLOSE	1523030687436112718
3A9282DA-39B4-11E8-BF66-D9AA8AFF4A69	SUBJECT_PROCESS	330061CF-6BB3-C45E-B36B-B89D7EC4F443	FILE_OBJECT_FILE	EVENT_EXECUTE	1523030687436112718
3A9282DA-39B4-11E8-BF66-D9AA8AFF4A69	SUBJECT_PROCESS	7A350F75-9945-425D-8599-15CEBD426F06	FILE_OBJECT_FILE	EVENT_EXECUTE	1523030687436112718
3A9282DA-39B4-11E8-BF66-D9AA8AFF4A69	SUBJECT_PROCESS	51110606-D232-9652-B2D2-3A7242968F8A	FILE_OBJECT_FILE	EVENT_OPEN	1523030687436112718
3A9282DA-39B4-11E8-BF66-D9AA8AFF4A69	SUBJECT_PROCESS	51110606-D232-9652-B2D2-3A7242968F8A	FILE_OBJECT_FILE	EVENT_READ	1523030687436112718
3A9282DA-39B4-11E8-BF66-D9AA8AFF4A69	SUBJECT_PROCESS	51110606-D232-9652-B2D2-3A7242968F8A	FILE_OBJECT_FILE	EVENT_CLOSE	1523030687436112718
3A9282DA-39B4-11E8-BF66-D9AA8AFF4A69	SUBJECT_PROCESS	8A44F292-648B-7854-8B64-00F954785A79	FILE_OBJECT_FILE	EVENT_OPEN	1523030687436112718
3A9282DA-39B4-11E8-BF66-D9AA8AFF4A69	SUBJECT_PROCESS	8A44F292-648B-7854-8B64-00F954785A79	FILE_OBJECT_FILE	EVENT_READ	1523030687436112718
3A9282DA-39B4-11E8-BF66-D9AA8AFF4A69	SUBJECT_PROCESS	8A44F292-648B-7854-8B64-00F954785A79	FILE_OBJECT_FILE	EVENT_READ	1523030687436112718
3A9282DA-39B4-11E8-BF66-D9AA8AFF4A69	SUBJECT_PROCESS	8A44F292-648B-7854-8B64-00F954785A79	FILE_OBJECT_FILE	EVENT_CLOSE	1523030687436112718
3A9282DA-39B4-11E8-BF66-D9AA8AFF4A69	SUBJECT_PROCESS	FC2CA9A1-1BCF-8B57-8F1B-A854778B9026	FILE_OBJECT_FILE	EVENT_OPEN	1523030687436112718
3A9282DA-39B4-11E8-BF66-D9AA8AFF4A69	SUBJECT_PROCESS	FC2CA9A1-1BCF-8B57-8F1B-A854778B9026	FILE_OBJECT_FILE	EVENT_MMAP	1523030687436112718
3A9282DA-39B4-11E8-BF66-D9AA8AFF4A69	SUBJECT_PROCESS	FC2CA9A1-1BCF-8B57-8F1B-A854778B9026	FILE_OBJECT_FILE	EVENT_MMAP	1523030687436112718
3A9282DA-39B4-11E8-BF66-D9AA8AFF4A69	SUBJECT_PROCESS	FC2CA9A1-1BCF-8B57-8F1B-A854778B9026	FILE_OBJECT_FILE	EVENT_MMAP	1523030687436112718
3A9282DA-39B4-11E8-BF66-D9AA8AFF4A69	SUBJECT_PROCESS	FC2CA9A1-1BCF-8B57-8F1B-A854778B9026	FILE_OBJECT_FILE	EVENT_MMAP	1523030687436112718
3A9282DA-39B4-11E8-BF66-D9AA8AFF4A69	SUBJECT_PROCESS	FC2CA9A1-1BCF-8B57-8F1B-A854778B9026	FILE_OBJECT_FILE	EVENT_MMAP	1523030687436112718
3A9282DA-39B4-11E8-BF66-D9AA8AFF4A69	SUBJECT_PROCESS	FC2CA9A1-1BCF-8B57-8F1B-A854778B9026	FILE_OBJECT_FILE	EVENT_MMAP	1523030687436112718
3A9282DA-39B4-11E8-BF66-D9AA8AFF4A69	SUBJECT_PROCESS	FC2CA9A1-1BCF-8B57-8F1B-A854778B9026	FILE_OBJECT_FILE	EVENT_CLOSE	1523030687436112718
3A9282DA-39B4-11E8-BF66-D9AA8AFF4A69	SUBJECT_PROCESS	718F288D-A702-1B5D-82A7-80807D1BB326	FILE_OBJECT_FILE	EVENT_OPEN	1523030687436112718
3A9282DA-39B4-11E8-BF66-D9AA8AFF4A69	SUBJECT_PROCESS	718F288D-A702-1B5D-82A7-80807D1BB326	FILE_OBJECT_FILE	EVENT_MMAP	1523030687436112718
3A9282DA-39B4-11E8-BF66-D9AA8AFF4A69	SUBJECT_PROCESS	718F288D-A702-1B5D-82A7-80807D1BB326	FILE_OBJECT_FILE	EVENT_MMAP	1523030687436112718
3A9282DA-39B4-11E8-BF66-D9AA8AFF4A69	SUBJECT_PROCESS	718F288D-A702-1B5D-82A7-80807D1BB326	FILE_OBJECT_FILE	EVENT_MMAP	1523030687436112718
3A9282DA-39B4-11E8-BF66-D9AA8AFF4A69	SUBJECT_PROCESS	718F288D-A702-1B5D-82A7-80807D1BB326	FILE_OBJECT_FILE	EVENT_MMAP	1523030687446116729
3A9282DA-39B4-11E8-BF66-D9AA8AFF4A69	SUBJECT_PROCESS	718F288D-A702-1B5D-82A7-80807D1BB326	FILE_OBJECT_FILE	EVENT_MMAP	1523030687446116729
3A9282DA-39B4-11E8-BF66-D9AA8AFF4A69	SUBJECT_PROCESS	718F288D-A702-1B5D-82A7-80807D1BB326	FILE_OBJECT_FILE	EVENT_MMAP	1523030687446116729
3A9282DA-39B4-11E8-BF66-D9AA8AFF4A69	SUBJECT_PROCESS	718F288D-A702-1B5D-82A7-80807D1BB326	FILE_OBJECT_FILE	EVENT_CLOSE	1523030687446116729
3A9282DA-39B4-11E8-BF66-D9AA8AFF4A69	SUBJECT_PROCESS	4F909471-32BE-7C54-BE32-1D05C47CA876	FILE_OBJECT_FILE	EVENT_OPEN	1523030687446116729
3A9282DA-39B4-11E8-BF66-D9AA8AFF4A69	SUBJECT_PROCESS	4F909471-32BE-7C54-BE32-1D05C47CA876	FILE_OBJECT_FILE	EVENT_MMAP	1523030687446116729
3A9282DA-39B4-11E8-BF66-D9AA8AFF4A69	SUBJECT_PROCESS	4F909471-32BE-7C54-BE32-1D05C47CA876	FILE_OBJECT_FILE	EVENT_MMAP	1523030687446116729
3A9282DA-39B4-11E8-BF66-D9AA8AFF4A69	SUBJECT_PROCESS	4F909471-32BE-7C54-BE32-1D05C47CA876	FILE_OBJECT_FILE	EVENT_MMAP	1523030687446116729
3A9282DA-39B4-11E8-BF66-D9AA8AFF4A69	SUBJECT_PROCESS	4F909471-32BE-7C54-BE32-1D05C47CA876	FILE_OBJECT_FILE	EVENT_MMAP	1523030687446116729
3A9282DA-39B4-11E8-BF66-D9AA8AFF4A69	SUBJECT_PROCESS	4F909471-32BE-7C54-BE32-1D05C47CA876	FILE_OBJECT_FILE	EVENT_MMAP	1523030687446116729
3A9282DA-39B4-11E8-BF66-D9AA8AFF4A69	SUBJECT_PROCESS	4F909471-32BE-7C54-BE32-1D05C47CA876	FILE_OBJECT_FILE	EVENT_MMAP	1523030687446116729
3A9282DA-39B4-11E8-BF66-D9AA8AFF4A69	SUBJECT_PROCESS	4F909471-32BE-7C54-BE32-1D05C47CA876	FILE_OBJECT_FILE	EVENT_CLOSE	1523030687446116729
3A9282DA-39B4-11E8-BF66-D9AA8AFF4A69	SUBJECT_PROCESS	0905A02C-D979-5D57-B9D9-F12D475D7A9B	FILE_OBJECT_FILE	EVENT_OPEN	1523030687446116729
3A9282DA-39B4-11E8-BF66-D9AA8AFF4A69	SUBJECT_PROCESS	0905A02C-D979-5D57-B9D9-F12D475D7A9B	FILE_OBJECT_FILE	EVENT_MMAP	1523030687446116729
3A9282DA-39B4-11E8-BF66-D9AA8AFF4A69	SUBJECT_PROCESS	0905A02C-D979-5D57-B9D9-F12D475D7A9B	FILE_OBJECT_FILE	EVENT_MMAP	1523030687446116729
3A9282DA-39B4-11E8-BF66-D9AA8AFF4A69	SUBJECT_PROCESS	0905A02C-D979-5D57-B9D9-F12D475D7A9B	FILE_OBJECT_FILE	EVENT_MMAP	1523030687446116729
3A9282DA-39B4-11E8-BF66-D9AA8AFF4A69	SUBJECT_PROCESS	0905A02C-D979-5D57-B9D9-F12D475D7A9B	FILE_OBJECT_FILE	EVENT_MMAP	1523030687446116729
3A9282DA-39B4-11E8-BF66-D9AA8AFF4A69	SUBJECT_PROCESS	0905A02C-D979-5D57-B9D9-F12D475D7A9B	FILE_OBJECT_FILE	EVENT_MMAP	1523030687446116729
3A9282DA-39B4-11E8-BF66-D9AA8AFF4A69	SUBJECT_PROCESS	0905A02C-D979-5D57-B9D9-F12D475D7A9B	FILE_OBJECT_FILE	EVENT_MMAP	1523030687446116729
3A9282DA-39B4-11E8-BF66-D9AA8AFF4A69	SUBJECT_PROCESS	0905A02C-D979-5D57-B9D9-F12D475D7A9B	FILE_OBJECT_FILE	EVENT_CLOSE	1523030687446116729
3A9282DA-39B4-11E8-BF66-D9AA8AFF4A69	SUBJECT_PROCESS	9FF334BB-9072-D756-B290-556656D73728	FILE_OBJECT_FILE	EVENT_OPEN	1523030687446116729
3A9282DA-39B4-11E8-BF66-D9AA8AFF4A69	SUBJECT_PROCESS	9FF334BB-9072-D756-B290-556656D73728	FILE_OBJECT_FILE	EVENT_MMAP	1523030687446116729
3A9282DA-39B4-11E8-BF66-D9AA8AFF4A69	SUBJECT_PROCESS	9FF334BB-9072-D756-B290-556656D73728	FILE_OBJECT_FILE	EVENT_MMAP	1523030687446116729
3A9282DA-39B4-11E8-BF66-D9AA8AFF4A69	SUBJECT_PROCESS	9FF334BB-9072-D756-B290-556656D73728	FILE_OBJECT_FILE	EVENT_MMAP	1523030687446116729
3A9282DA-39B4-11E8-BF66-D9AA8AFF4A69	SUBJECT_PROCESS	9FF334BB-9072-D756-B290-556656D73728	FILE_OBJECT_FILE	EVENT_MMAP	1523030687446116729
3A9282DA-39B4-11E8-BF66-D9AA8AFF4A69	SUBJECT_PROCESS	9FF334BB-9072-D756-B290-556656D73728	FILE_OBJECT_FILE	EVENT_MMAP	1523030687446116729
3A9282DA-39B4-11E8-BF66-D9AA8AFF4A69	SUBJECT_PROCESS	9FF334BB-9072-D756-B290-556656D73728	FILE_OBJECT_FILE	EVENT_MMAP	1523030687446116729
3A9282DA-39B4-11E8-BF66-D9AA8AFF4A69	SUBJECT_PROCESS	9FF334BB-9072-D756-B290-556656D73728	FILE_OBJECT_FILE	EVENT_CLOSE	1523030687446116729
3A9282DA-39B4-11E8-BF66-D9AA8AFF4A69	SUBJECT_PROCESS	76A739B1-A13E-FD50-BEA1-B218A0FD0400	FILE_OBJECT_FILE	EVENT_OPEN	1523030687446116729
3A9282DA-39B4-11E8-BF66-D9AA8AFF4A69	SUBJECT_PROCESS	76A739B1-A13E-FD50-BEA1-B218A0FD0400	FILE_OBJECT_FILE	EVENT_MMAP	1523030687446116729
3A9282DA-39B4-11E8-BF66-D9AA8AFF4A69	SUBJECT_PROCESS	76A739B1-A13E-FD50-BEA1-B218A0FD0400	FILE_OBJECT_FILE	EVENT_MMAP	1523030687456116800
3A9282DA-39B4-11E8-BF66-D9AA8AFF4A69	SUBJECT_PROCESS	76A739B1-A13E-FD50-BEA1-B218A0FD0400	FILE_OBJECT_FILE	EVENT_MMAP	1523030687456116800
3A9282DA-39B4-11E8-BF66-D9AA8AFF4A69	SUBJECT_PROCESS	76A739B1-A13E-FD50-BEA1-B218A0FD0400	FILE_OBJECT_FILE	EVENT_MMAP	1523030687456116800
3A9282DA-39B4-11E8-BF66-D9AA8AFF4A69	SUBJECT_PROCESS	76A739B1-A13E-FD50-BEA1-B218A0FD0400	FILE_OBJECT_FILE	EVENT_MMAP	1523030687456116800
3A9282DA-39B4-11E8-BF66-D9AA8AFF4A69	SUBJECT_PROCESS	76A739B1-A13E-FD50-BEA1-B218A0FD0400	FILE_OBJECT_FILE	EVENT_MMAP	1523030687456116800
3A9282DA-39B4-11E8-BF66-D9AA8AFF4A69	SUBJECT_PROCESS	76A739B1-A13E-FD50-BEA1-B218A0FD0400	FILE_OBJECT_FILE	EVENT_CLOSE	1523030687456116800
3A9282DA-39B4-11E8-BF66-D9AA8AFF4A69	SUBJECT_PROCESS	F29977F6-07A2-935B-A207-C4871B93FE07	FILE_OBJECT_FILE	EVENT_OPEN	1523030687456116800
3A9282DA-39B4-11E8-BF66-D9AA8AFF4A69	SUBJECT_PROCESS	F29977F6-07A2-935B-A207-C4871B93FE07	FILE_OBJECT_FILE	EVENT_MMAP	1523030687456116800
3A9282DA-39B4-11E8-BF66-D9AA8AFF4A69	SUBJECT_PROCESS	F29977F6-07A2-935B-A207-C4871B93FE07	FILE_OBJECT_FILE	EVENT_MMAP	1523030687456116800
3A9282DA-39B4-11E8-BF66-D9AA8AFF4A69	SUBJECT_PROCESS	F29977F6-07A2-935B-A207-C4871B93FE07	FILE_OBJECT_FILE	EVENT_MMAP	1523030687456116800
3A9282DA-39B4-11E8-BF66-D9AA8AFF4A69	SUBJECT_PROCESS	F29977F6-07A2-935B-A207-C4871B93FE07	FILE_OBJECT_FILE	EVENT_MMAP	1523030687456116800
3A9282DA-39B4-11E8-BF66-D9AA8AFF4A69	SUBJECT_PROCESS	F29977F6-07A2-935B-A207-C4871B93FE07	FILE_OBJECT_FILE	EVENT_MMAP	1523030687456116800
3A9282DA-39B4-11E8-BF66-D9AA8AFF4A69	SUBJECT_PROCESS	F29977F6-07A2-935B-A207-C4871B93FE07	FILE_OBJECT_FILE	EVENT_MMAP	1523030687456116800
3A9282DA-39B4-11E8-BF66-D9AA8AFF4A69	SUBJECT_PROCESS	F29977F6-07A2-935B-A207-C4871B93FE07	FILE_OBJECT_FILE	EVENT_CLOSE	1523030687456116800
3A9282DA-39B4-11E8-BF66-D9AA8AFF4A69	SUBJECT_PROCESS	F410BE96-4C0C-765E-8C4C-6F0E2E760020	FILE_OBJECT_FILE	EVENT_OPEN	1523030687456116800
3A9282DA-39B4-11E8-BF66-D9AA8AFF4A69	SUBJECT_PROCESS	F410BE96-4C0C-765E-8C4C-6F0E2E760020	FILE_OBJECT_FILE	EVENT_MMAP	1523030687456116800
3A9282DA-39B4-11E8-BF66-D9AA8AFF4A69	SUBJECT_PROCESS	F410BE96-4C0C-765E-8C4C-6F0E2E760020	FILE_OBJECT_FILE	EVENT_MMAP	1523030687456116800
3A9282DA-39B4-11E8-BF66-D9AA8AFF4A69	SUBJECT_PROCESS	F410BE96-4C0C-765E-8C4C-6F0E2E760020	FILE_OBJECT_FILE	EVENT_CLOSE	1523030687456116800
3A9282DA-39B4-11E8-BF66-D9AA8AFF4A69	SUBJECT_PROCESS	4D344F9D-3989-8550-8939-91A3B085C709	FILE_OBJECT_FILE	EVENT_WRITE	1523030687506118124
3A9282DA-39B4-11E8-BF66-D9AA8AFF4A69	SUBJECT_PROCESS	4D344F9D-3989-8550-8939-91A3B085C709	FILE_OBJECT_FILE	EVENT_WRITE	1523030687506118124
3A9282DA-39B4-11E8-BF66-D9AA8AFF4A69	SUBJECT_PROCESS	3A9282DA-39B4-11E8-BF66-D9AA8AFF4A69	SUBJECT_PROCESS	EVENT_EXIT	1523030687506118124
D59C58B7-373D-11E8-BF66-D9AA8AFF4A69	SUBJECT_PROCESS	3A9DD33D-39B4-11E8-BF66-D9AA8AFF4A69	SUBJECT_PROCESS	EVENT_FORK	1523030687506118124
3A9DD33D-39B4-11E8-BF66-D9AA8AFF4A69	SUBJECT_PROCESS	CC349957-3DA4-8E5E-A43D-C7740E8ECAA9	FILE_OBJECT_FILE	EVENT_CLOSE	1523030687506118124
3A9DD33D-39B4-11E8-BF66-D9AA8AFF4A69	SUBJECT_PROCESS	6C836AA2-BB54-3A58-94BB-1E5D583A637E	FILE_OBJECT_FILE	EVENT_EXECUTE	1523030687506118124
3A9DD33D-39B4-11E8-BF66-D9AA8AFF4A69	SUBJECT_PROCESS	7A350F75-9945-425D-8599-15CEBD426F06	FILE_OBJECT_FILE	EVENT_EXECUTE	1523030687506118124
3A9DD33D-39B4-11E8-BF66-D9AA8AFF4A69	SUBJECT_PROCESS	51110606-D232-9652-B2D2-3A7242968F8A	FILE_OBJECT_FILE	EVENT_OPEN	1523030687506118124
3A9DD33D-39B4-11E8-BF66-D9AA8AFF4A69	SUBJECT_PROCESS	51110606-D232-9652-B2D2-3A7242968F8A	FILE_OBJECT_FILE	EVENT_READ	1523030687506118124
3A9DD33D-39B4-11E8-BF66-D9AA8AFF4A69	SUBJECT_PROCESS	51110606-D232-9652-B2D2-3A7242968F8A	FILE_OBJECT_FILE	EVENT_CLOSE	1523030687506118124
3A9DD33D-39B4-11E8-BF66-D9AA8AFF4A69	SUBJECT_PROCESS	8A44F292-648B-7854-8B64-00F954785A79	FILE_OBJECT_FILE	EVENT_OPEN	1523030687506118124
3A9DD33D-39B4-11E8-BF66-D9AA8AFF4A69	SUBJECT_PROCESS	8A44F292-648B-7854-8B64-00F954785A79	FILE_OBJECT_FILE	EVENT_READ	1523030687506118124
3A9DD33D-39B4-11E8-BF66-D9AA8AFF4A69	SUBJECT_PROCESS	8A44F292-648B-7854-8B64-00F954785A79	FILE_OBJECT_FILE	EVENT_READ	1523030687516112944
3A9DD33D-39B4-11E8-BF66-D9AA8AFF4A69	SUBJECT_PROCESS	8A44F292-648B-7854-8B64-00F954785A79	FILE_OBJECT_FILE	EVENT_CLOSE	1523030687516112944
3A9DD33D-39B4-11E8-BF66-D9AA8AFF4A69	SUBJECT_PROCESS	76A739B1-A13E-FD50-BEA1-B218A0FD0400	FILE_OBJECT_FILE	EVENT_OPEN	1523030687516112944
3A9DD33D-39B4-11E8-BF66-D9AA8AFF4A69	SUBJECT_PROCESS	76A739B1-A13E-FD50-BEA1-B218A0FD0400	FILE_OBJECT_FILE	EVENT_MMAP	1523030687516112944
3A9DD33D-39B4-11E8-BF66-D9AA8AFF4A69	SUBJECT_PROCESS	76A739B1-A13E-FD50-BEA1-B218A0FD0400	FILE_OBJECT_FILE	EVENT_MMAP	1523030687516112944
3A9DD33D-39B4-11E8-BF66-D9AA8AFF4A69	SUBJECT_PROCESS	76A739B1-A13E-FD50-BEA1-B218A0FD0400	FILE_OBJECT_FILE	EVENT_MMAP	1523030687516112944
3A9DD33D-39B4-11E8-BF66-D9AA8AFF4A69	SUBJECT_PROCESS	76A739B1-A13E-FD50-BEA1-B218A0FD0400	FILE_OBJECT_FILE	EVENT_MMAP	1523030687516112944
3A9DD33D-39B4-11E8-BF66-D9AA8AFF4A69	SUBJECT_PROCESS	76A739B1-A13E-FD50-BEA1-B218A0FD0400	FILE_OBJECT_FILE	EVENT_MMAP	1523030687516112944
3A9DD33D-39B4-11E8-BF66-D9AA8AFF4A69	SUBJECT_PROCESS	76A739B1-A13E-FD50-BEA1-B218A0FD0400	FILE_OBJECT_FILE	EVENT_MMAP	1523030687516112944
3A9DD33D-39B4-11E8-BF66-D9AA8AFF4A69	SUBJECT_PROCESS	76A739B1-A13E-FD50-BEA1-B218A0FD0400	FILE_OBJECT_FILE	EVENT_CLOSE	1523030687516112944
3A9DD33D-39B4-11E8-BF66-D9AA8AFF4A69	SUBJECT_PROCESS	F410BE96-4C0C-765E-8C4C-6F0E2E760020	FILE_OBJECT_FILE	EVENT_OPEN	1523030687516112944
3A9DD33D-39B4-11E8-BF66-D9AA8AFF4A69	SUBJECT_PROCESS	F410BE96-4C0C-765E-8C4C-6F0E2E760020	FILE_OBJECT_FILE	EVENT_MMAP	1523030687516112944
3A9DD33D-39B4-11E8-BF66-D9AA8AFF4A69	SUBJECT_PROCESS	F410BE96-4C0C-765E-8C4C-6F0E2E760020	FILE_OBJECT_FILE	EVENT_MMAP	1523030687516112944
3A9DD33D-39B4-11E8-BF66-D9AA8AFF4A69	SUBJECT_PROCESS	F410BE96-4C0C-765E-8C4C-6F0E2E760020	FILE_OBJECT_FILE	EVENT_CLOSE	1523030687516112944
72FB0406-3678-11E8-BF66-D9AA8AFF4A69	SUBJECT_PROCESS	3A33FA85-39B4-11E8-BF66-D9AA8AFF4A69	FILE_OBJECT_UNIX_SOCKET	EVENT_CLOSE	1523030687816113198
72FB0406-3678-11E8-BF66-D9AA8AFF4A69	SUBJECT_PROCESS	3A33FAF2-39B4-11E8-BF66-D9AA8AFF4A69	FILE_OBJECT_UNIX_SOCKET	EVENT_CLOSE	1523030687816113198
72FB0406-3678-11E8-BF66-D9AA8AFF4A69	SUBJECT_PROCESS	3ACC9091-39B4-11E8-BF66-D9AA8AFF4A69	FILE_OBJECT_UNIX_SOCKET	EVENT_CREATE_OBJECT	1523030687816113198
72FB0406-3678-11E8-BF66-D9AA8AFF4A69	SUBJECT_PROCESS	3ACC90FC-39B4-11E8-BF66-D9AA8AFF4A69	FILE_OBJECT_UNIX_SOCKET	EVENT_CREATE_OBJECT	1523030687816113198
3A9DD33D-39B4-11E8-BF66-D9AA8AFF4A69	SUBJECT_PROCESS	3A9DD33D-39B4-11E8-BF66-D9AA8AFF4A69	SUBJECT_PROCESS	EVENT_EXIT	1523030688536113486
D59C58B7-373D-11E8-BF66-D9AA8AFF4A69	SUBJECT_PROCESS	3B3A5985-39B4-11E8-BF66-D9AA8AFF4A69	SUBJECT_PROCESS	EVENT_FORK	1523030688536113486
3B3A5985-39B4-11E8-BF66-D9AA8AFF4A69	SUBJECT_PROCESS	CC349957-3DA4-8E5E-A43D-C7740E8ECAA9	FILE_OBJECT_FILE	EVENT_CLOSE	1523030688536113486
3B3A5985-39B4-11E8-BF66-D9AA8AFF4A69	SUBJECT_PROCESS	0E1A657D-11F7-F051-B711-8D3E01F0DC22	FILE_OBJECT_FILE	EVENT_OPEN	1523030688536113486
3B3A5985-39B4-11E8-BF66-D9AA8AFF4A69	SUBJECT_PROCESS	0E1A657D-11F7-F051-B711-8D3E01F0DC22	FILE_OBJECT_FILE	EVENT_CLOSE	1523030688536113486
3B3A5985-39B4-11E8-BF66-D9AA8AFF4A69	SUBJECT_PROCESS	330061CF-6BB3-C45E-B36B-B89D7EC4F443	FILE_OBJECT_FILE	EVENT_EXECUTE	1523030688536113486
3B3A5985-39B4-11E8-BF66-D9AA8AFF4A69	SUBJECT_PROCESS	7A350F75-9945-425D-8599-15CEBD426F06	FILE_OBJECT_FILE	EVENT_EXECUTE	1523030688536113486
3B3A5985-39B4-11E8-BF66-D9AA8AFF4A69	SUBJECT_PROCESS	51110606-D232-9652-B2D2-3A7242968F8A	FILE_OBJECT_FILE	EVENT_OPEN	1523030688536113486
3B3A5985-39B4-11E8-BF66-D9AA8AFF4A69	SUBJECT_PROCESS	51110606-D232-9652-B2D2-3A7242968F8A	FILE_OBJECT_FILE	EVENT_READ	1523030688536113486
3B3A5985-39B4-11E8-BF66-D9AA8AFF4A69	SUBJECT_PROCESS	51110606-D232-9652-B2D2-3A7242968F8A	FILE_OBJECT_FILE	EVENT_CLOSE	1523030688536113486
3B3A5985-39B4-11E8-BF66-D9AA8AFF4A69	SUBJECT_PROCESS	8A44F292-648B-7854-8B64-00F954785A79	FILE_OBJECT_FILE	EVENT_OPEN	1523030688536113486
3B3A5985-39B4-11E8-BF66-D9AA8AFF4A69	SUBJECT_PROCESS	8A44F292-648B-7854-8B64-00F954785A79	FILE_OBJECT_FILE	EVENT_READ	1523030688536113486
3B3A5985-39B4-11E8-BF66-D9AA8AFF4A69	SUBJECT_PROCESS	8A44F292-648B-7854-8B64-00F954785A79	FILE_OBJECT_FILE	EVENT_READ	1523030688536113486
3B3A5985-39B4-11E8-BF66-D9AA8AFF4A69	SUBJECT_PROCESS	8A44F292-648B-7854-8B64-00F954785A79	FILE_OBJECT_FILE	EVENT_CLOSE	1523030688536113486
3B3A5985-39B4-11E8-BF66-D9AA8AFF4A69	SUBJECT_PROCESS	FC2CA9A1-1BCF-8B57-8F1B-A854778B9026	FILE_OBJECT_FILE	EVENT_OPEN	1523030688536113486
3B3A5985-39B4-11E8-BF66-D9AA8AFF4A69	SUBJECT_PROCESS	FC2CA9A1-1BCF-8B57-8F1B-A854778B9026	FILE_OBJECT_FILE	EVENT_MMAP	1523030688536113486
3B3A5985-39B4-11E8-BF66-D9AA8AFF4A69	SUBJECT_PROCESS	FC2CA9A1-1BCF-8B57-8F1B-A854778B9026	FILE_OBJECT_FILE	EVENT_MMAP	1523030688536113486
3B3A5985-39B4-11E8-BF66-D9AA8AFF4A69	SUBJECT_PROCESS	FC2CA9A1-1BCF-8B57-8F1B-A854778B9026	FILE_OBJECT_FILE	EVENT_MMAP	1523030688536113486
3B3A5985-39B4-11E8-BF66-D9AA8AFF4A69	SUBJECT_PROCESS	FC2CA9A1-1BCF-8B57-8F1B-A854778B9026	FILE_OBJECT_FILE	EVENT_MMAP	1523030688536113486
3B3A5985-39B4-11E8-BF66-D9AA8AFF4A69	SUBJECT_PROCESS	FC2CA9A1-1BCF-8B57-8F1B-A854778B9026	FILE_OBJECT_FILE	EVENT_MMAP	1523030688536113486
3B3A5985-39B4-11E8-BF66-D9AA8AFF4A69	SUBJECT_PROCESS	FC2CA9A1-1BCF-8B57-8F1B-A854778B9026	FILE_OBJECT_FILE	EVENT_MMAP	1523030688536113486
3B3A5985-39B4-11E8-BF66-D9AA8AFF4A69	SUBJECT_PROCESS	FC2CA9A1-1BCF-8B57-8F1B-A854778B9026	FILE_OBJECT_FILE	EVENT_CLOSE	1523030688536113486
3B3A5985-39B4-11E8-BF66-D9AA8AFF4A69	SUBJECT_PROCESS	718F288D-A702-1B5D-82A7-80807D1BB326	FILE_OBJECT_FILE	EVENT_OPEN	1523030688536113486
3B3A5985-39B4-11E8-BF66-D9AA8AFF4A69	SUBJECT_PROCESS	718F288D-A702-1B5D-82A7-80807D1BB326	FILE_OBJECT_FILE	EVENT_MMAP	1523030688536113486
3B3A5985-39B4-11E8-BF66-D9AA8AFF4A69	SUBJECT_PROCESS	718F288D-A702-1B5D-82A7-80807D1BB326	FILE_OBJECT_FILE	EVENT_MMAP	1523030688536113486
3B3A5985-39B4-11E8-BF66-D9AA8AFF4A69	SUBJECT_PROCESS	718F288D-A702-1B5D-82A7-80807D1BB326	FILE_OBJECT_FILE	EVENT_MMAP	1523030688536113486
3B3A5985-39B4-11E8-BF66-D9AA8AFF4A69	SUBJECT_PROCESS	718F288D-A702-1B5D-82A7-80807D1BB326	FILE_OBJECT_FILE	EVENT_MMAP	1523030688546115116
3B3A5985-39B4-11E8-BF66-D9AA8AFF4A69	SUBJECT_PROCESS	718F288D-A702-1B5D-82A7-80807D1BB326	FILE_OBJECT_FILE	EVENT_MMAP	1523030688546115116
3B3A5985-39B4-11E8-BF66-D9AA8AFF4A69	SUBJECT_PROCESS	718F288D-A702-1B5D-82A7-80807D1BB326	FILE_OBJECT_FILE	EVENT_MMAP	1523030688546115116
3B3A5985-39B4-11E8-BF66-D9AA8AFF4A69	SUBJECT_PROCESS	718F288D-A702-1B5D-82A7-80807D1BB326	FILE_OBJECT_FILE	EVENT_CLOSE	1523030688546115116
3B3A5985-39B4-11E8-BF66-D9AA8AFF4A69	SUBJECT_PROCESS	4F909471-32BE-7C54-BE32-1D05C47CA876	FILE_OBJECT_FILE	EVENT_OPEN	1523030688546115116
3B3A5985-39B4-11E8-BF66-D9AA8AFF4A69	SUBJECT_PROCESS	4F909471-32BE-7C54-BE32-1D05C47CA876	FILE_OBJECT_FILE	EVENT_MMAP	1523030688546115116
3B3A5985-39B4-11E8-BF66-D9AA8AFF4A69	SUBJECT_PROCESS	4F909471-32BE-7C54-BE32-1D05C47CA876	FILE_OBJECT_FILE	EVENT_MMAP	1523030688546115116
3B3A5985-39B4-11E8-BF66-D9AA8AFF4A69	SUBJECT_PROCESS	4F909471-32BE-7C54-BE32-1D05C47CA876	FILE_OBJECT_FILE	EVENT_MMAP	1523030688546115116
3B3A5985-39B4-11E8-BF66-D9AA8AFF4A69	SUBJECT_PROCESS	4F909471-32BE-7C54-BE32-1D05C47CA876	FILE_OBJECT_FILE	EVENT_MMAP	1523030688546115116
3B3A5985-39B4-11E8-BF66-D9AA8AFF4A69	SUBJECT_PROCESS	4F909471-32BE-7C54-BE32-1D05C47CA876	FILE_OBJECT_FILE	EVENT_MMAP	1523030688546115116
3B3A5985-39B4-11E8-BF66-D9AA8AFF4A69	SUBJECT_PROCESS	4F909471-32BE-7C54-BE32-1D05C47CA876	FILE_OBJECT_FILE	EVENT_MMAP	1523030688546115116
3B3A5985-39B4-11E8-BF66-D9AA8AFF4A69	SUBJECT_PROCESS	4F909471-32BE-7C54-BE32-1D05C47CA876	FILE_OBJECT_FILE	EVENT_CLOSE	1523030688546115116
3B3A5985-39B4-11E8-BF66-D9AA8AFF4A69	SUBJECT_PROCESS	0905A02C-D979-5D57-B9D9-F12D475D7A9B	FILE_OBJECT_FILE	EVENT_OPEN	1523030688546115116
3B3A5985-39B4-11E8-BF66-D9AA8AFF4A69	SUBJECT_PROCESS	0905A02C-D979-5D57-B9D9-F12D475D7A9B	FILE_OBJECT_FILE	EVENT_MMAP	1523030688546115116
3B3A5985-39B4-11E8-BF66-D9AA8AFF4A69	SUBJECT_PROCESS	0905A02C-D979-5D57-B9D9-F12D475D7A9B	FILE_OBJECT_FILE	EVENT_MMAP	1523030688546115116
3B3A5985-39B4-11E8-BF66-D9AA8AFF4A69	SUBJECT_PROCESS	0905A02C-D979-5D57-B9D9-F12D475D7A9B	FILE_OBJECT_FILE	EVENT_MMAP	1523030688546115116
3B3A5985-39B4-11E8-BF66-D9AA8AFF4A69	SUBJECT_PROCESS	0905A02C-D979-5D57-B9D9-F12D475D7A9B	FILE_OBJECT_FILE	EVENT_MMAP	1523030688546115116
3B3A5985-39B4-11E8-BF66-D9AA8AFF4A69	SUBJECT_PROCESS	0905A02C-D979-5D57-B9D9-F12D475D7A9B	FILE_OBJECT_FILE	EVENT_MMAP	1523030688546115116
3B3A5985-39B4-11E8-BF66-D9AA8AFF4A69	SUBJECT_PROCESS	0905A02C-D979-5D57-B9D9-F12D475D7A9B	FILE_OBJECT_FILE	EVENT_MMAP	1523030688546115116
3B3A5985-39B4-11E8-BF66-D9AA8AFF4A69	SUBJECT_PROCESS	0905A02C-D979-5D57-B9D9-F12D475D7A9B	FILE_OBJECT_FILE	EVENT_CLOSE	1523030688546115116
3B3A5985-39B4-11E8-BF66-D9AA8AFF4A69	SUBJECT_PROCESS	9FF334BB-9072-D756-B290-556656D73728	FILE_OBJECT_FILE	EVENT_OPEN	1523030688546115116
3B3A5985-39B4-11E8-BF66-D9AA8AFF4A69	SUBJECT_PROCESS	9FF334BB-9072-D756-B290-556656D73728	FILE_OBJECT_FILE	EVENT_MMAP	1523030688546115116
3B3A5985-39B4-11E8-BF66-D9AA8AFF4A69	SUBJECT_PROCESS	9FF334BB-9072-D756-B290-556656D73728	FILE_OBJECT_FILE	EVENT_MMAP	1523030688546115116
3B3A5985-39B4-11E8-BF66-D9AA8AFF4A69	SUBJECT_PROCESS	9FF334BB-9072-D756-B290-556656D73728	FILE_OBJECT_FILE	EVENT_MMAP	1523030688546115116
3B3A5985-39B4-11E8-BF66-D9AA8AFF4A69	SUBJECT_PROCESS	9FF334BB-9072-D756-B290-556656D73728	FILE_OBJECT_FILE	EVENT_MMAP	1523030688546115116
3B3A5985-39B4-11E8-BF66-D9AA8AFF4A69	SUBJECT_PROCESS	9FF334BB-9072-D756-B290-556656D73728	FILE_OBJECT_FILE	EVENT_MMAP	1523030688546115116
3B3A5985-39B4-11E8-BF66-D9AA8AFF4A69	SUBJECT_PROCESS	9FF334BB-9072-D756-B290-556656D73728	FILE_OBJECT_FILE	EVENT_MMAP	1523030688546115116
3B3A5985-39B4-11E8-BF66-D9AA8AFF4A69	SUBJECT_PROCESS	9FF334BB-9072-D756-B290-556656D73728	FILE_OBJECT_FILE	EVENT_CLOSE	1523030688546115116
3B3A5985-39B4-11E8-BF66-D9AA8AFF4A69	SUBJECT_PROCESS	76A739B1-A13E-FD50-BEA1-B218A0FD0400	FILE_OBJECT_FILE	EVENT_OPEN	1523030688546115116
3B3A5985-39B4-11E8-BF66-D9AA8AFF4A69	SUBJECT_PROCESS	76A739B1-A13E-FD50-BEA1-B218A0FD0400	FILE_OBJECT_FILE	EVENT_MMAP	1523030688556119217
3B3A5985-39B4-11E8-BF66-D9AA8AFF4A69	SUBJECT_PROCESS	76A739B1-A13E-FD50-BEA1-B218A0FD0400	FILE_OBJECT_FILE	EVENT_MMAP	1523030688556119217
3B3A5985-39B4-11E8-BF66-D9AA8AFF4A69	SUBJECT_PROCESS	76A739B1-A13E-FD50-BEA1-B218A0FD0400	FILE_OBJECT_FILE	EVENT_MMAP	1523030688556119217
3B3A5985-39B4-11E8-BF66-D9AA8AFF4A69	SUBJECT_PROCESS	76A739B1-A13E-FD50-BEA1-B218A0FD0400	FILE_OBJECT_FILE	EVENT_MMAP	1523030688556119217
3B3A5985-39B4-11E8-BF66-D9AA8AFF4A69	SUBJECT_PROCESS	76A739B1-A13E-FD50-BEA1-B218A0FD0400	FILE_OBJECT_FILE	EVENT_MMAP	1523030688556119217
3B3A5985-39B4-11E8-BF66-D9AA8AFF4A69	SUBJECT_PROCESS	76A739B1-A13E-FD50-BEA1-B218A0FD0400	FILE_OBJECT_FILE	EVENT_MMAP	1523030688556119217
3B3A5985-39B4-11E8-BF66-D9AA8AFF4A69	SUBJECT_PROCESS	76A739B1-A13E-FD50-BEA1-B218A0FD0400	FILE_OBJECT_FILE	EVENT_CLOSE	1523030688556119217
3B3A5985-39B4-11E8-BF66-D9AA8AFF4A69	SUBJECT_PROCESS	F29977F6-07A2-935B-A207-C4871B93FE07	FILE_OBJECT_FILE	EVENT_OPEN	1523030688556119217
3B3A5985-39B4-11E8-BF66-D9AA8AFF4A69	SUBJECT_PROCESS	F29977F6-07A2-935B-A207-C4871B93FE07	FILE_OBJECT_FILE	EVENT_MMAP	1523030688556119217
3B3A5985-39B4-11E8-BF66-D9AA8AFF4A69	SUBJECT_PROCESS	F29977F6-07A2-935B-A207-C4871B93FE07	FILE_OBJECT_FILE	EVENT_MMAP	1523030688556119217
3B3A5985-39B4-11E8-BF66-D9AA8AFF4A69	SUBJECT_PROCESS	F29977F6-07A2-935B-A207-C4871B93FE07	FILE_OBJECT_FILE	EVENT_MMAP	1523030688556119217
3B3A5985-39B4-11E8-BF66-D9AA8AFF4A69	SUBJECT_PROCESS	F29977F6-07A2-935B-A207-C4871B93FE07	FILE_OBJECT_FILE	EVENT_MMAP	1523030688556119217
3B3A5985-39B4-11E8-BF66-D9AA8AFF4A69	SUBJECT_PROCESS	F29977F6-07A2-935B-A207-C4871B93FE07	FILE_OBJECT_FILE	EVENT_MMAP	1523030688556119217
3B3A5985-39B4-11E8-BF66-D9AA8AFF4A69	SUBJECT_PROCESS	F29977F6-07A2-935B-A207-C4871B93FE07	FILE_OBJECT_FILE	EVENT_MMAP	1523030688556119217
3B3A5985-39B4-11E8-BF66-D9AA8AFF4A69	SUBJECT_PROCESS	F29977F6-07A2-935B-A207-C4871B93FE07	FILE_OBJECT_FILE	EVENT_CLOSE	1523030688556119217
3B3A5985-39B4-11E8-BF66-D9AA8AFF4A69	SUBJECT_PROCESS	F410BE96-4C0C-765E-8C4C-6F0E2E760020	FILE_OBJECT_FILE	EVENT_OPEN	1523030688556119217
3B3A5985-39B4-11E8-BF66-D9AA8AFF4A69	SUBJECT_PROCESS	F410BE96-4C0C-765E-8C4C-6F0E2E760020	FILE_OBJECT_FILE	EVENT_MMAP	1523030688556119217
3B3A5985-39B4-11E8-BF66-D9AA8AFF4A69	SUBJECT_PROCESS	F410BE96-4C0C-765E-8C4C-6F0E2E760020	FILE_OBJECT_FILE	EVENT_MMAP	1523030688556119217
3B3A5985-39B4-11E8-BF66-D9AA8AFF4A69	SUBJECT_PROCESS	F410BE96-4C0C-765E-8C4C-6F0E2E760020	FILE_OBJECT_FILE	EVENT_CLOSE	1523030688556119217
3B3A5985-39B4-11E8-BF66-D9AA8AFF4A69	SUBJECT_PROCESS	0E1A657D-11F7-F051-B711-8D3E01F0DC22	FILE_OBJECT_FILE	EVENT_WRITE	1523030688556119217
3B3A5985-39B4-11E8-BF66-D9AA8AFF4A69	SUBJECT_PROCESS	0E1A657D-11F7-F051-B711-8D3E01F0DC22	FILE_OBJECT_FILE	EVENT_WRITE	1523030688566112948
3B3A5985-39B4-11E8-BF66-D9AA8AFF4A69	SUBJECT_PROCESS	0E1A657D-11F7-F051-B711-8D3E01F0DC22	FILE_OBJECT_FILE	EVENT_WRITE	1523030688566112948
3B3A5985-39B4-11E8-BF66-D9AA8AFF4A69	SUBJECT_PROCESS	3B3A5985-39B4-11E8-BF66-D9AA8AFF4A69	SUBJECT_PROCESS	EVENT_EXIT	1523030688566112948
D59C58B7-373D-11E8-BF66-D9AA8AFF4A69	SUBJECT_PROCESS	3B3F0364-39B4-11E8-BF66-D9AA8AFF4A69	SUBJECT_PROCESS	EVENT_FORK	1523030688566112948
3B3F0364-39B4-11E8-BF66-D9AA8AFF4A69	SUBJECT_PROCESS	CC349957-3DA4-8E5E-A43D-C7740E8ECAA9	FILE_OBJECT_FILE	EVENT_CLOSE	1523030688566112948
3B3F0364-39B4-11E8-BF66-D9AA8AFF4A69	SUBJECT_PROCESS	6C836AA2-BB54-3A58-94BB-1E5D583A637E	FILE_OBJECT_FILE	EVENT_EXECUTE	1523030688566112948
3B3F0364-39B4-11E8-BF66-D9AA8AFF4A69	SUBJECT_PROCESS	7A350F75-9945-425D-8599-15CEBD426F06	FILE_OBJECT_FILE	EVENT_EXECUTE	1523030688566112948
3B3F0364-39B4-11E8-BF66-D9AA8AFF4A69	SUBJECT_PROCESS	51110606-D232-9652-B2D2-3A7242968F8A	FILE_OBJECT_FILE	EVENT_OPEN	1523030688566112948
3B3F0364-39B4-11E8-BF66-D9AA8AFF4A69	SUBJECT_PROCESS	51110606-D232-9652-B2D2-3A7242968F8A	FILE_OBJECT_FILE	EVENT_READ	1523030688566112948
3B3F0364-39B4-11E8-BF66-D9AA8AFF4A69	SUBJECT_PROCESS	51110606-D232-9652-B2D2-3A7242968F8A	FILE_OBJECT_FILE	EVENT_CLOSE	1523030688566112948
3B3F0364-39B4-11E8-BF66-D9AA8AFF4A69	SUBJECT_PROCESS	8A44F292-648B-7854-8B64-00F954785A79	FILE_OBJECT_FILE	EVENT_OPEN	1523030688566112948
3B3F0364-39B4-11E8-BF66-D9AA8AFF4A69	SUBJECT_PROCESS	8A44F292-648B-7854-8B64-00F954785A79	FILE_OBJECT_FILE	EVENT_READ	1523030688566112948
3B3F0364-39B4-11E8-BF66-D9AA8AFF4A69	SUBJECT_PROCESS	8A44F292-648B-7854-8B64-00F954785A79	FILE_OBJECT_FILE	EVENT_READ	1523030688566112948
3B3F0364-39B4-11E8-BF66-D9AA8AFF4A69	SUBJECT_PROCESS	8A44F292-648B-7854-8B64-00F954785A79	FILE_OBJECT_FILE	EVENT_CLOSE	1523030688566112948
3B3F0364-39B4-11E8-BF66-D9AA8AFF4A69	SUBJECT_PROCESS	76A739B1-A13E-FD50-BEA1-B218A0FD0400	FILE_OBJECT_FILE	EVENT_OPEN	1523030688566112948
3B3F0364-39B4-11E8-BF66-D9AA8AFF4A69	SUBJECT_PROCESS	76A739B1-A13E-FD50-BEA1-B218A0FD0400	FILE_OBJECT_FILE	EVENT_MMAP	1523030688566112948
3B3F0364-39B4-11E8-BF66-D9AA8AFF4A69	SUBJECT_PROCESS	76A739B1-A13E-FD50-BEA1-B218A0FD0400	FILE_OBJECT_FILE	EVENT_MMAP	1523030688566112948
3B3F0364-39B4-11E8-BF66-D9AA8AFF4A69	SUBJECT_PROCESS	76A739B1-A13E-FD50-BEA1-B218A0FD0400	FILE_OBJECT_FILE	EVENT_MMAP	1523030688566112948
3B3F0364-39B4-11E8-BF66-D9AA8AFF4A69	SUBJECT_PROCESS	76A739B1-A13E-FD50-BEA1-B218A0FD0400	FILE_OBJECT_FILE	EVENT_MMAP	1523030688566112948
3B3F0364-39B4-11E8-BF66-D9AA8AFF4A69	SUBJECT_PROCESS	76A739B1-A13E-FD50-BEA1-B218A0FD0400	FILE_OBJECT_FILE	EVENT_MMAP	1523030688566112948
3B3F0364-39B4-11E8-BF66-D9AA8AFF4A69	SUBJECT_PROCESS	76A739B1-A13E-FD50-BEA1-B218A0FD0400	FILE_OBJECT_FILE	EVENT_MMAP	1523030688566112948
3B3F0364-39B4-11E8-BF66-D9AA8AFF4A69	SUBJECT_PROCESS	76A739B1-A13E-FD50-BEA1-B218A0FD0400	FILE_OBJECT_FILE	EVENT_CLOSE	1523030688566112948
3B3F0364-39B4-11E8-BF66-D9AA8AFF4A69	SUBJECT_PROCESS	F410BE96-4C0C-765E-8C4C-6F0E2E760020	FILE_OBJECT_FILE	EVENT_OPEN	1523030688566112948
3B3F0364-39B4-11E8-BF66-D9AA8AFF4A69	SUBJECT_PROCESS	F410BE96-4C0C-765E-8C4C-6F0E2E760020	FILE_OBJECT_FILE	EVENT_MMAP	1523030688566112948
3B3F0364-39B4-11E8-BF66-D9AA8AFF4A69	SUBJECT_PROCESS	F410BE96-4C0C-765E-8C4C-6F0E2E760020	FILE_OBJECT_FILE	EVENT_MMAP	1523030688566112948
3B3F0364-39B4-11E8-BF66-D9AA8AFF4A69	SUBJECT_PROCESS	F410BE96-4C0C-765E-8C4C-6F0E2E760020	FILE_OBJECT_FILE	EVENT_CLOSE	1523030688566112948
72FB0406-3678-11E8-BF66-D9AA8AFF4A69	SUBJECT_PROCESS	3ACC9091-39B4-11E8-BF66-D9AA8AFF4A69	FILE_OBJECT_UNIX_SOCKET	EVENT_CLOSE	1523030688806112807
72FB0406-3678-11E8-BF66-D9AA8AFF4A69	SUBJECT_PROCESS	3ACC90FC-39B4-11E8-BF66-D9AA8AFF4A69	FILE_OBJECT_UNIX_SOCKET	EVENT_CLOSE	1523030688806112807
72FB0406-3678-11E8-BF66-D9AA8AFF4A69	SUBJECT_PROCESS	3B63A02F-39B4-11E8-BF66-D9AA8AFF4A69	FILE_OBJECT_UNIX_SOCKET	EVENT_CREATE_OBJECT	1523030688806112807
72FB0406-3678-11E8-BF66-D9AA8AFF4A69	SUBJECT_PROCESS	3B63A098-39B4-11E8-BF66-D9AA8AFF4A69	FILE_OBJECT_UNIX_SOCKET	EVENT_CREATE_OBJECT	1523030688806112807
3B3F0364-39B4-11E8-BF66-D9AA8AFF4A69	SUBJECT_PROCESS	3B3F0364-39B4-11E8-BF66-D9AA8AFF4A69	SUBJECT_PROCESS	EVENT_EXIT	1523030689576112438
D59C58B7-373D-11E8-BF66-D9AA8AFF4A69	SUBJECT_PROCESS	6276C63C-5D79-5FDF-A15F-200B6CCACCD8	UnnamedPipeObject	EVENT_CREATE_OBJECT	1523030689576112438
D59C58B7-373D-11E8-BF66-D9AA8AFF4A69	SUBJECT_PROCESS	3BD92F4B-39B4-11E8-BF66-D9AA8AFF4A69	SUBJECT_PROCESS	EVENT_FORK	1523030689576112438
3BD92F4B-39B4-11E8-BF66-D9AA8AFF4A69	SUBJECT_PROCESS	CC349957-3DA4-8E5E-A43D-C7740E8ECAA9	FILE_OBJECT_FILE	EVENT_CLOSE	1523030689576112438
D59C58B7-373D-11E8-BF66-D9AA8AFF4A69	SUBJECT_PROCESS	3BD952DE-39B4-11E8-BF66-D9AA8AFF4A69	SUBJECT_PROCESS	EVENT_FORK	1523030689576112438
3BD952DE-39B4-11E8-BF66-D9AA8AFF4A69	SUBJECT_PROCESS	CC349957-3DA4-8E5E-A43D-C7740E8ECAA9	FILE_OBJECT_FILE	EVENT_CLOSE	1523030689576112438
3BD92F4B-39B4-11E8-BF66-D9AA8AFF4A69	SUBJECT_PROCESS	9D6CE3F1-AA37-D656-B7AA-BA6D46D61C69	FILE_OBJECT_FILE	EVENT_EXECUTE	1523030689576112438
3BD92F4B-39B4-11E8-BF66-D9AA8AFF4A69	SUBJECT_PROCESS	7A350F75-9945-425D-8599-15CEBD426F06	FILE_OBJECT_FILE	EVENT_EXECUTE	1523030689576112438
3BD92F4B-39B4-11E8-BF66-D9AA8AFF4A69	SUBJECT_PROCESS	51110606-D232-9652-B2D2-3A7242968F8A	FILE_OBJECT_FILE	EVENT_OPEN	1523030689576112438
3BD952DE-39B4-11E8-BF66-D9AA8AFF4A69	SUBJECT_PROCESS	FADB56EB-6919-8A51-9969-955CD18AFFC9	FILE_OBJECT_FILE	EVENT_OPEN	1523030689576112438
3BD92F4B-39B4-11E8-BF66-D9AA8AFF4A69	SUBJECT_PROCESS	51110606-D232-9652-B2D2-3A7242968F8A	FILE_OBJECT_FILE	EVENT_READ	1523030689576112438
3BD92F4B-39B4-11E8-BF66-D9AA8AFF4A69	SUBJECT_PROCESS	51110606-D232-9652-B2D2-3A7242968F8A	FILE_OBJECT_FILE	EVENT_CLOSE	1523030689576112438
3BD952DE-39B4-11E8-BF66-D9AA8AFF4A69	SUBJECT_PROCESS	FADB56EB-6919-8A51-9969-955CD18AFFC9	FILE_OBJECT_FILE	EVENT_CLOSE	1523030689576112438
3BD92F4B-39B4-11E8-BF66-D9AA8AFF4A69	SUBJECT_PROCESS	8A44F292-648B-7854-8B64-00F954785A79	FILE_OBJECT_FILE	EVENT_OPEN	1523030689576112438
3BD92F4B-39B4-11E8-BF66-D9AA8AFF4A69	SUBJECT_PROCESS	8A44F292-648B-7854-8B64-00F954785A79	FILE_OBJECT_FILE	EVENT_READ	1523030689576112438
3BD952DE-39B4-11E8-BF66-D9AA8AFF4A69	SUBJECT_PROCESS	91207D42-8B6E-6454-AE8B-D3FF24648D84	FILE_OBJECT_FILE	EVENT_EXECUTE	1523030689576112438
3BD952DE-39B4-11E8-BF66-D9AA8AFF4A69	SUBJECT_PROCESS	7A350F75-9945-425D-8599-15CEBD426F06	FILE_OBJECT_FILE	EVENT_EXECUTE	1523030689576112438
3BD92F4B-39B4-11E8-BF66-D9AA8AFF4A69	SUBJECT_PROCESS	8A44F292-648B-7854-8B64-00F954785A79	FILE_OBJECT_FILE	EVENT_READ	1523030689576112438
3BD952DE-39B4-11E8-BF66-D9AA8AFF4A69	SUBJECT_PROCESS	51110606-D232-9652-B2D2-3A7242968F8A	FILE_OBJECT_FILE	EVENT_OPEN	1523030689576112438
3BD92F4B-39B4-11E8-BF66-D9AA8AFF4A69	SUBJECT_PROCESS	8A44F292-648B-7854-8B64-00F954785A79	FILE_OBJECT_FILE	EVENT_CLOSE	1523030689576112438
3BD952DE-39B4-11E8-BF66-D9AA8AFF4A69	SUBJECT_PROCESS	51110606-D232-9652-B2D2-3A7242968F8A	FILE_OBJECT_FILE	EVENT_READ	1523030689576112438
3BD92F4B-39B4-11E8-BF66-D9AA8AFF4A69	SUBJECT_PROCESS	7A1B4973-09E5-AA50-A509-1753C0AA87A1	FILE_OBJECT_FILE	EVENT_OPEN	1523030689576112438
3BD952DE-39B4-11E8-BF66-D9AA8AFF4A69	SUBJECT_PROCESS	51110606-D232-9652-B2D2-3A7242968F8A	FILE_OBJECT_FILE	EVENT_CLOSE	1523030689576112438
3BD92F4B-39B4-11E8-BF66-D9AA8AFF4A69	SUBJECT_PROCESS	7A1B4973-09E5-AA50-A509-1753C0AA87A1	FILE_OBJECT_FILE	EVENT_MMAP	1523030689576112438
3BD952DE-39B4-11E8-BF66-D9AA8AFF4A69	SUBJECT_PROCESS	8A44F292-648B-7854-8B64-00F954785A79	FILE_OBJECT_FILE	EVENT_OPEN	1523030689576112438
3BD92F4B-39B4-11E8-BF66-D9AA8AFF4A69	SUBJECT_PROCESS	7A1B4973-09E5-AA50-A509-1753C0AA87A1	FILE_OBJECT_FILE	EVENT_MMAP	1523030689576112438
3BD952DE-39B4-11E8-BF66-D9AA8AFF4A69	SUBJECT_PROCESS	8A44F292-648B-7854-8B64-00F954785A79	FILE_OBJECT_FILE	EVENT_READ	1523030689576112438
3BD92F4B-39B4-11E8-BF66-D9AA8AFF4A69	SUBJECT_PROCESS	7A1B4973-09E5-AA50-A509-1753C0AA87A1	FILE_OBJECT_FILE	EVENT_MMAP	1523030689576112438
3BD952DE-39B4-11E8-BF66-D9AA8AFF4A69	SUBJECT_PROCESS	8A44F292-648B-7854-8B64-00F954785A79	FILE_OBJECT_FILE	EVENT_READ	1523030689576112438
3BD92F4B-39B4-11E8-BF66-D9AA8AFF4A69	SUBJECT_PROCESS	7A1B4973-09E5-AA50-A509-1753C0AA87A1	FILE_OBJECT_FILE	EVENT_MMAP	1523030689576112438
3BD952DE-39B4-11E8-BF66-D9AA8AFF4A69	SUBJECT_PROCESS	8A44F292-648B-7854-8B64-00F954785A79	FILE_OBJECT_FILE	EVENT_CLOSE	1523030689576112438
3BD92F4B-39B4-11E8-BF66-D9AA8AFF4A69	SUBJECT_PROCESS	7A1B4973-09E5-AA50-A509-1753C0AA87A1	FILE_OBJECT_FILE	EVENT_MMAP	1523030689576112438
3BD92F4B-39B4-11E8-BF66-D9AA8AFF4A69	SUBJECT_PROCESS	7A1B4973-09E5-AA50-A509-1753C0AA87A1	FILE_OBJECT_FILE	EVENT_MMAP	1523030689576112438
3BD952DE-39B4-11E8-BF66-D9AA8AFF4A69	SUBJECT_PROCESS	76A739B1-A13E-FD50-BEA1-B218A0FD0400	FILE_OBJECT_FILE	EVENT_OPEN	1523030689576112438
3BD952DE-39B4-11E8-BF66-D9AA8AFF4A69	SUBJECT_PROCESS	76A739B1-A13E-FD50-BEA1-B218A0FD0400	FILE_OBJECT_FILE	EVENT_MMAP	1523030689576112438
3BD92F4B-39B4-11E8-BF66-D9AA8AFF4A69	SUBJECT_PROCESS	7A1B4973-09E5-AA50-A509-1753C0AA87A1	FILE_OBJECT_FILE	EVENT_CLOSE	1523030689576112438
3BD952DE-39B4-11E8-BF66-D9AA8AFF4A69	SUBJECT_PROCESS	76A739B1-A13E-FD50-BEA1-B218A0FD0400	FILE_OBJECT_FILE	EVENT_MMAP	1523030689576112438
3BD92F4B-39B4-11E8-BF66-D9AA8AFF4A69	SUBJECT_PROCESS	D57B2A07-B373-B75A-B3B3-93790AB76535	FILE_OBJECT_FILE	EVENT_OPEN	1523030689576112438
3BD952DE-39B4-11E8-BF66-D9AA8AFF4A69	SUBJECT_PROCESS	76A739B1-A13E-FD50-BEA1-B218A0FD0400	FILE_OBJECT_FILE	EVENT_MMAP	1523030689586117279
3BD92F4B-39B4-11E8-BF66-D9AA8AFF4A69	SUBJECT_PROCESS	D57B2A07-B373-B75A-B3B3-93790AB76535	FILE_OBJECT_FILE	EVENT_MMAP	1523030689586117279
3BD92F4B-39B4-11E8-BF66-D9AA8AFF4A69	SUBJECT_PROCESS	D57B2A07-B373-B75A-B3B3-93790AB76535	FILE_OBJECT_FILE	EVENT_MMAP	1523030689586117279
3BD952DE-39B4-11E8-BF66-D9AA8AFF4A69	SUBJECT_PROCESS	76A739B1-A13E-FD50-BEA1-B218A0FD0400	FILE_OBJECT_FILE	EVENT_MMAP	1523030689586117279
3BD952DE-39B4-11E8-BF66-D9AA8AFF4A69	SUBJECT_PROCESS	76A739B1-A13E-FD50-BEA1-B218A0FD0400	FILE_OBJECT_FILE	EVENT_MMAP	1523030689586117279
3BD92F4B-39B4-11E8-BF66-D9AA8AFF4A69	SUBJECT_PROCESS	D57B2A07-B373-B75A-B3B3-93790AB76535	FILE_OBJECT_FILE	EVENT_MMAP	1523030689586117279
3BD92F4B-39B4-11E8-BF66-D9AA8AFF4A69	SUBJECT_PROCESS	D57B2A07-B373-B75A-B3B3-93790AB76535	FILE_OBJECT_FILE	EVENT_MMAP	1523030689586117279
3BD952DE-39B4-11E8-BF66-D9AA8AFF4A69	SUBJECT_PROCESS	76A739B1-A13E-FD50-BEA1-B218A0FD0400	FILE_OBJECT_FILE	EVENT_MMAP	1523030689586117279
3BD92F4B-39B4-11E8-BF66-D9AA8AFF4A69	SUBJECT_PROCESS	D57B2A07-B373-B75A-B3B3-93790AB76535	FILE_OBJECT_FILE	EVENT_MMAP	1523030689586117279
3BD92F4B-39B4-11E8-BF66-D9AA8AFF4A69	SUBJECT_PROCESS	D57B2A07-B373-B75A-B3B3-93790AB76535	FILE_OBJECT_FILE	EVENT_MMAP	1523030689586117279
3BD952DE-39B4-11E8-BF66-D9AA8AFF4A69	SUBJECT_PROCESS	76A739B1-A13E-FD50-BEA1-B218A0FD0400	FILE_OBJECT_FILE	EVENT_CLOSE	1523030689586117279
3BD92F4B-39B4-11E8-BF66-D9AA8AFF4A69	SUBJECT_PROCESS	D57B2A07-B373-B75A-B3B3-93790AB76535	FILE_OBJECT_FILE	EVENT_CLOSE	1523030689586117279
3BD92F4B-39B4-11E8-BF66-D9AA8AFF4A69	SUBJECT_PROCESS	718F288D-A702-1B5D-82A7-80807D1BB326	FILE_OBJECT_FILE	EVENT_OPEN	1523030689586117279
3BD92F4B-39B4-11E8-BF66-D9AA8AFF4A69	SUBJECT_PROCESS	718F288D-A702-1B5D-82A7-80807D1BB326	FILE_OBJECT_FILE	EVENT_MMAP	1523030689586117279
3BD952DE-39B4-11E8-BF66-D9AA8AFF4A69	SUBJECT_PROCESS	F410BE96-4C0C-765E-8C4C-6F0E2E760020	FILE_OBJECT_FILE	EVENT_OPEN	1523030689586117279
3BD92F4B-39B4-11E8-BF66-D9AA8AFF4A69	SUBJECT_PROCESS	718F288D-A702-1B5D-82A7-80807D1BB326	FILE_OBJECT_FILE	EVENT_MMAP	1523030689586117279
3BD952DE-39B4-11E8-BF66-D9AA8AFF4A69	SUBJECT_PROCESS	F410BE96-4C0C-765E-8C4C-6F0E2E760020	FILE_OBJECT_FILE	EVENT_MMAP	1523030689586117279
3BD92F4B-39B4-11E8-BF66-D9AA8AFF4A69	SUBJECT_PROCESS	718F288D-A702-1B5D-82A7-80807D1BB326	FILE_OBJECT_FILE	EVENT_MMAP	1523030689586117279
3BD92F4B-39B4-11E8-BF66-D9AA8AFF4A69	SUBJECT_PROCESS	718F288D-A702-1B5D-82A7-80807D1BB326	FILE_OBJECT_FILE	EVENT_MMAP	1523030689586117279
3BD952DE-39B4-11E8-BF66-D9AA8AFF4A69	SUBJECT_PROCESS	F410BE96-4C0C-765E-8C4C-6F0E2E760020	FILE_OBJECT_FILE	EVENT_MMAP	1523030689586117279
3BD92F4B-39B4-11E8-BF66-D9AA8AFF4A69	SUBJECT_PROCESS	718F288D-A702-1B5D-82A7-80807D1BB326	FILE_OBJECT_FILE	EVENT_MMAP	1523030689586117279
3BD952DE-39B4-11E8-BF66-D9AA8AFF4A69	SUBJECT_PROCESS	F410BE96-4C0C-765E-8C4C-6F0E2E760020	FILE_OBJECT_FILE	EVENT_CLOSE	1523030689586117279
3BD92F4B-39B4-11E8-BF66-D9AA8AFF4A69	SUBJECT_PROCESS	718F288D-A702-1B5D-82A7-80807D1BB326	FILE_OBJECT_FILE	EVENT_MMAP	1523030689586117279
3BD92F4B-39B4-11E8-BF66-D9AA8AFF4A69	SUBJECT_PROCESS	718F288D-A702-1B5D-82A7-80807D1BB326	FILE_OBJECT_FILE	EVENT_CLOSE	1523030689586117279
3BD92F4B-39B4-11E8-BF66-D9AA8AFF4A69	SUBJECT_PROCESS	D3F11983-FFD7-8A58-97FF-D38E388A1453	FILE_OBJECT_FILE	EVENT_OPEN	1523030689586117279
3BD92F4B-39B4-11E8-BF66-D9AA8AFF4A69	SUBJECT_PROCESS	D3F11983-FFD7-8A58-97FF-D38E388A1453	FILE_OBJECT_FILE	EVENT_MMAP	1523030689586117279
3BD92F4B-39B4-11E8-BF66-D9AA8AFF4A69	SUBJECT_PROCESS	D3F11983-FFD7-8A58-97FF-D38E388A1453	FILE_OBJECT_FILE	EVENT_MMAP	1523030689586117279
3BD92F4B-39B4-11E8-BF66-D9AA8AFF4A69	SUBJECT_PROCESS	D3F11983-FFD7-8A58-97FF-D38E388A1453	FILE_OBJECT_FILE	EVENT_MMAP	1523030689586117279
3BD92F4B-39B4-11E8-BF66-D9AA8AFF4A69	SUBJECT_PROCESS	D3F11983-FFD7-8A58-97FF-D38E388A1453	FILE_OBJECT_FILE	EVENT_MMAP	1523030689586117279
3BD92F4B-39B4-11E8-BF66-D9AA8AFF4A69	SUBJECT_PROCESS	D3F11983-FFD7-8A58-97FF-D38E388A1453	FILE_OBJECT_FILE	EVENT_MMAP	1523030689586117279
3BD92F4B-39B4-11E8-BF66-D9AA8AFF4A69	SUBJECT_PROCESS	D3F11983-FFD7-8A58-97FF-D38E388A1453	FILE_OBJECT_FILE	EVENT_MMAP	1523030689586117279
3BD92F4B-39B4-11E8-BF66-D9AA8AFF4A69	SUBJECT_PROCESS	D3F11983-FFD7-8A58-97FF-D38E388A1453	FILE_OBJECT_FILE	EVENT_CLOSE	1523030689586117279
3BD92F4B-39B4-11E8-BF66-D9AA8AFF4A69	SUBJECT_PROCESS	76A739B1-A13E-FD50-BEA1-B218A0FD0400	FILE_OBJECT_FILE	EVENT_OPEN	1523030689586117279
3BD92F4B-39B4-11E8-BF66-D9AA8AFF4A69	SUBJECT_PROCESS	76A739B1-A13E-FD50-BEA1-B218A0FD0400	FILE_OBJECT_FILE	EVENT_MMAP	1523030689586117279
3BD92F4B-39B4-11E8-BF66-D9AA8AFF4A69	SUBJECT_PROCESS	76A739B1-A13E-FD50-BEA1-B218A0FD0400	FILE_OBJECT_FILE	EVENT_MMAP	1523030689586117279
3BD92F4B-39B4-11E8-BF66-D9AA8AFF4A69	SUBJECT_PROCESS	76A739B1-A13E-FD50-BEA1-B218A0FD0400	FILE_OBJECT_FILE	EVENT_MMAP	1523030689586117279
3BD92F4B-39B4-11E8-BF66-D9AA8AFF4A69	SUBJECT_PROCESS	76A739B1-A13E-FD50-BEA1-B218A0FD0400	FILE_OBJECT_FILE	EVENT_MMAP	1523030689586117279
3BD92F4B-39B4-11E8-BF66-D9AA8AFF4A69	SUBJECT_PROCESS	76A739B1-A13E-FD50-BEA1-B218A0FD0400	FILE_OBJECT_FILE	EVENT_MMAP	1523030689586117279
3BD92F4B-39B4-11E8-BF66-D9AA8AFF4A69	SUBJECT_PROCESS	76A739B1-A13E-FD50-BEA1-B218A0FD0400	FILE_OBJECT_FILE	EVENT_MMAP	1523030689596118550
3BD92F4B-39B4-11E8-BF66-D9AA8AFF4A69	SUBJECT_PROCESS	76A739B1-A13E-FD50-BEA1-B218A0FD0400	FILE_OBJECT_FILE	EVENT_CLOSE	1523030689596118550
3BD92F4B-39B4-11E8-BF66-D9AA8AFF4A69	SUBJECT_PROCESS	F29977F6-07A2-935B-A207-C4871B93FE07	FILE_OBJECT_FILE	EVENT_OPEN	1523030689596118550
3BD92F4B-39B4-11E8-BF66-D9AA8AFF4A69	SUBJECT_PROCESS	F29977F6-07A2-935B-A207-C4871B93FE07	FILE_OBJECT_FILE	EVENT_MMAP	1523030689596118550
3BD92F4B-39B4-11E8-BF66-D9AA8AFF4A69	SUBJECT_PROCESS	F29977F6-07A2-935B-A207-C4871B93FE07	FILE_OBJECT_FILE	EVENT_MMAP	1523030689596118550
3BD92F4B-39B4-11E8-BF66-D9AA8AFF4A69	SUBJECT_PROCESS	F29977F6-07A2-935B-A207-C4871B93FE07	FILE_OBJECT_FILE	EVENT_MMAP	1523030689596118550
3BD92F4B-39B4-11E8-BF66-D9AA8AFF4A69	SUBJECT_PROCESS	F29977F6-07A2-935B-A207-C4871B93FE07	FILE_OBJECT_FILE	EVENT_MMAP	1523030689596118550
3BD92F4B-39B4-11E8-BF66-D9AA8AFF4A69	SUBJECT_PROCESS	F29977F6-07A2-935B-A207-C4871B93FE07	FILE_OBJECT_FILE	EVENT_MMAP	1523030689596118550
3BD92F4B-39B4-11E8-BF66-D9AA8AFF4A69	SUBJECT_PROCESS	F29977F6-07A2-935B-A207-C4871B93FE07	FILE_OBJECT_FILE	EVENT_MMAP	1523030689596118550
3BD92F4B-39B4-11E8-BF66-D9AA8AFF4A69	SUBJECT_PROCESS	F29977F6-07A2-935B-A207-C4871B93FE07	FILE_OBJECT_FILE	EVENT_CLOSE	1523030689596118550
3BD92F4B-39B4-11E8-BF66-D9AA8AFF4A69	SUBJECT_PROCESS	F410BE96-4C0C-765E-8C4C-6F0E2E760020	FILE_OBJECT_FILE	EVENT_OPEN	1523030689596118550
3BD92F4B-39B4-11E8-BF66-D9AA8AFF4A69	SUBJECT_PROCESS	F410BE96-4C0C-765E-8C4C-6F0E2E760020	FILE_OBJECT_FILE	EVENT_MMAP	1523030689596118550
3BD92F4B-39B4-11E8-BF66-D9AA8AFF4A69	SUBJECT_PROCESS	F410BE96-4C0C-765E-8C4C-6F0E2E760020	FILE_OBJECT_FILE	EVENT_MMAP	1523030689596118550
3BD92F4B-39B4-11E8-BF66-D9AA8AFF4A69	SUBJECT_PROCESS	F410BE96-4C0C-765E-8C4C-6F0E2E760020	FILE_OBJECT_FILE	EVENT_CLOSE	1523030689596118550
3BD92F4B-39B4-11E8-BF66-D9AA8AFF4A69	SUBJECT_PROCESS	BCDBE64D-1703-005A-8317-44DD6A00589D	FILE_OBJECT_FILE	EVENT_OPEN	1523030689596118550
3BD92F4B-39B4-11E8-BF66-D9AA8AFF4A69	SUBJECT_PROCESS	BCDBE64D-1703-005A-8317-44DD6A00589D	FILE_OBJECT_FILE	EVENT_READ	1523030689596118550
3BD92F4B-39B4-11E8-BF66-D9AA8AFF4A69	SUBJECT_PROCESS	BCDBE64D-1703-005A-8317-44DD6A00589D	FILE_OBJECT_FILE	EVENT_READ	1523030689596118550
3BD92F4B-39B4-11E8-BF66-D9AA8AFF4A69	SUBJECT_PROCESS	BCDBE64D-1703-005A-8317-44DD6A00589D	FILE_OBJECT_FILE	EVENT_CLOSE	1523030689596118550
3BD92F4B-39B4-11E8-BF66-D9AA8AFF4A69	SUBJECT_PROCESS	C53609B6-A912-B65B-92A9-B89E0BB6C2E1	FILE_OBJECT_FILE	EVENT_OPEN	1523030689596118550
3BD92F4B-39B4-11E8-BF66-D9AA8AFF4A69	SUBJECT_PROCESS	C53609B6-A912-B65B-92A9-B89E0BB6C2E1	FILE_OBJECT_FILE	EVENT_READ	1523030689596118550
3BD92F4B-39B4-11E8-BF66-D9AA8AFF4A69	SUBJECT_PROCESS	C53609B6-A912-B65B-92A9-B89E0BB6C2E1	FILE_OBJECT_FILE	EVENT_READ	1523030689596118550
3BD92F4B-39B4-11E8-BF66-D9AA8AFF4A69	SUBJECT_PROCESS	C53609B6-A912-B65B-92A9-B89E0BB6C2E1	FILE_OBJECT_FILE	EVENT_READ	1523030689596118550
3BD92F4B-39B4-11E8-BF66-D9AA8AFF4A69	SUBJECT_PROCESS	C53609B6-A912-B65B-92A9-B89E0BB6C2E1	FILE_OBJECT_FILE	EVENT_READ	1523030689596118550
3BD92F4B-39B4-11E8-BF66-D9AA8AFF4A69	SUBJECT_PROCESS	C53609B6-A912-B65B-92A9-B89E0BB6C2E1	FILE_OBJECT_FILE	EVENT_READ	1523030689606116191
3BD92F4B-39B4-11E8-BF66-D9AA8AFF4A69	SUBJECT_PROCESS	C53609B6-A912-B65B-92A9-B89E0BB6C2E1	FILE_OBJECT_FILE	EVENT_READ	1523030689606116191
3BD92F4B-39B4-11E8-BF66-D9AA8AFF4A69	SUBJECT_PROCESS	C53609B6-A912-B65B-92A9-B89E0BB6C2E1	FILE_OBJECT_FILE	EVENT_READ	1523030689606116191
3BD92F4B-39B4-11E8-BF66-D9AA8AFF4A69	SUBJECT_PROCESS	C53609B6-A912-B65B-92A9-B89E0BB6C2E1	FILE_OBJECT_FILE	EVENT_READ	1523030689606116191
3BD92F4B-39B4-11E8-BF66-D9AA8AFF4A69	SUBJECT_PROCESS	C53609B6-A912-B65B-92A9-B89E0BB6C2E1	FILE_OBJECT_FILE	EVENT_READ	1523030689606116191
3BD92F4B-39B4-11E8-BF66-D9AA8AFF4A69	SUBJECT_PROCESS	1633500B-D34B-8058-8BD3-ABB7D880915E	FILE_OBJECT_FILE	EVENT_OPEN	1523030689606116191
3BD92F4B-39B4-11E8-BF66-D9AA8AFF4A69	SUBJECT_PROCESS	1633500B-D34B-8058-8BD3-ABB7D880915E	FILE_OBJECT_FILE	EVENT_OPEN	1523030689606116191
3BD92F4B-39B4-11E8-BF66-D9AA8AFF4A69	SUBJECT_PROCESS	D5D2F4F4-4EC5-6456-854E-5E2A46640650	FILE_OBJECT_FILE	EVENT_OPEN	1523030689606116191
3BD92F4B-39B4-11E8-BF66-D9AA8AFF4A69	SUBJECT_PROCESS	D5D2F4F4-4EC5-6456-854E-5E2A46640650	FILE_OBJECT_FILE	EVENT_READ	1523030689606116191
3BD92F4B-39B4-11E8-BF66-D9AA8AFF4A69	SUBJECT_PROCESS	D5D2F4F4-4EC5-6456-854E-5E2A46640650	FILE_OBJECT_FILE	EVENT_READ	1523030689606116191
3BD92F4B-39B4-11E8-BF66-D9AA8AFF4A69	SUBJECT_PROCESS	D5D2F4F4-4EC5-6456-854E-5E2A46640650	FILE_OBJECT_FILE	EVENT_READ	1523030689606116191
3BD92F4B-39B4-11E8-BF66-D9AA8AFF4A69	SUBJECT_PROCESS	D5D2F4F4-4EC5-6456-854E-5E2A46640650	FILE_OBJECT_FILE	EVENT_CLOSE	1523030689606116191
3BD92F4B-39B4-11E8-BF66-D9AA8AFF4A69	SUBJECT_PROCESS	AE441C70-DEC0-BD5F-80DE-3DE4DFBDF253	FILE_OBJECT_FILE	EVENT_OPEN	1523030689606116191
3BD92F4B-39B4-11E8-BF66-D9AA8AFF4A69	SUBJECT_PROCESS	AE441C70-DEC0-BD5F-80DE-3DE4DFBDF253	FILE_OBJECT_FILE	EVENT_READ	1523030689606116191
3BD92F4B-39B4-11E8-BF66-D9AA8AFF4A69	SUBJECT_PROCESS	AE441C70-DEC0-BD5F-80DE-3DE4DFBDF253	FILE_OBJECT_FILE	EVENT_CLOSE	1523030689606116191
3BD92F4B-39B4-11E8-BF66-D9AA8AFF4A69	SUBJECT_PROCESS	104A8C35-2200-3156-8022-4129E631EA52	FILE_OBJECT_FILE	EVENT_OPEN	1523030689606116191
3BD92F4B-39B4-11E8-BF66-D9AA8AFF4A69	SUBJECT_PROCESS	104A8C35-2200-3156-8022-4129E631EA52	FILE_OBJECT_FILE	EVENT_READ	1523030689606116191
3BD92F4B-39B4-11E8-BF66-D9AA8AFF4A69	SUBJECT_PROCESS	104A8C35-2200-3156-8022-4129E631EA52	FILE_OBJECT_FILE	EVENT_CLOSE	1523030689606116191
3BD92F4B-39B4-11E8-BF66-D9AA8AFF4A69	SUBJECT_PROCESS	C53609B6-A912-B65B-92A9-B89E0BB6C2E1	FILE_OBJECT_FILE	EVENT_CLOSE	1523030689606116191
3BD92F4B-39B4-11E8-BF66-D9AA8AFF4A69	SUBJECT_PROCESS	C53609B6-A912-B65B-92A9-B89E0BB6C2E1	FILE_OBJECT_FILE	EVENT_OPEN	1523030689606116191
3BD92F4B-39B4-11E8-BF66-D9AA8AFF4A69	SUBJECT_PROCESS	C53609B6-A912-B65B-92A9-B89E0BB6C2E1	FILE_OBJECT_FILE	EVENT_READ	1523030689606116191
3BD92F4B-39B4-11E8-BF66-D9AA8AFF4A69	SUBJECT_PROCESS	C53609B6-A912-B65B-92A9-B89E0BB6C2E1	FILE_OBJECT_FILE	EVENT_READ	1523030689606116191
3BD92F4B-39B4-11E8-BF66-D9AA8AFF4A69	SUBJECT_PROCESS	C53609B6-A912-B65B-92A9-B89E0BB6C2E1	FILE_OBJECT_FILE	EVENT_READ	1523030689606116191
3BD92F4B-39B4-11E8-BF66-D9AA8AFF4A69	SUBJECT_PROCESS	C53609B6-A912-B65B-92A9-B89E0BB6C2E1	FILE_OBJECT_FILE	EVENT_READ	1523030689606116191
3BD92F4B-39B4-11E8-BF66-D9AA8AFF4A69	SUBJECT_PROCESS	C53609B6-A912-B65B-92A9-B89E0BB6C2E1	FILE_OBJECT_FILE	EVENT_READ	1523030689616113182
3BD92F4B-39B4-11E8-BF66-D9AA8AFF4A69	SUBJECT_PROCESS	C53609B6-A912-B65B-92A9-B89E0BB6C2E1	FILE_OBJECT_FILE	EVENT_READ	1523030689616113182
3BD92F4B-39B4-11E8-BF66-D9AA8AFF4A69	SUBJECT_PROCESS	C53609B6-A912-B65B-92A9-B89E0BB6C2E1	FILE_OBJECT_FILE	EVENT_READ	1523030689616113182
3BD92F4B-39B4-11E8-BF66-D9AA8AFF4A69	SUBJECT_PROCESS	C53609B6-A912-B65B-92A9-B89E0BB6C2E1	FILE_OBJECT_FILE	EVENT_READ	1523030689616113182
3BD92F4B-39B4-11E8-BF66-D9AA8AFF4A69	SUBJECT_PROCESS	C53609B6-A912-B65B-92A9-B89E0BB6C2E1	FILE_OBJECT_FILE	EVENT_READ	1523030689616113182
3BD92F4B-39B4-11E8-BF66-D9AA8AFF4A69	SUBJECT_PROCESS	C53609B6-A912-B65B-92A9-B89E0BB6C2E1	FILE_OBJECT_FILE	EVENT_CLOSE	1523030689616113182
3BD92F4B-39B4-11E8-BF66-D9AA8AFF4A69	SUBJECT_PROCESS	C53609B6-A912-B65B-92A9-B89E0BB6C2E1	FILE_OBJECT_FILE	EVENT_OPEN	1523030689616113182
3BD92F4B-39B4-11E8-BF66-D9AA8AFF4A69	SUBJECT_PROCESS	C53609B6-A912-B65B-92A9-B89E0BB6C2E1	FILE_OBJECT_FILE	EVENT_READ	1523030689616113182
3BD92F4B-39B4-11E8-BF66-D9AA8AFF4A69	SUBJECT_PROCESS	C53609B6-A912-B65B-92A9-B89E0BB6C2E1	FILE_OBJECT_FILE	EVENT_READ	1523030689616113182
3BD92F4B-39B4-11E8-BF66-D9AA8AFF4A69	SUBJECT_PROCESS	C53609B6-A912-B65B-92A9-B89E0BB6C2E1	FILE_OBJECT_FILE	EVENT_READ	1523030689616113182
3BD92F4B-39B4-11E8-BF66-D9AA8AFF4A69	SUBJECT_PROCESS	C53609B6-A912-B65B-92A9-B89E0BB6C2E1	FILE_OBJECT_FILE	EVENT_READ	1523030689616113182
3BD92F4B-39B4-11E8-BF66-D9AA8AFF4A69	SUBJECT_PROCESS	C53609B6-A912-B65B-92A9-B89E0BB6C2E1	FILE_OBJECT_FILE	EVENT_READ	1523030689616113182
3BD92F4B-39B4-11E8-BF66-D9AA8AFF4A69	SUBJECT_PROCESS	C53609B6-A912-B65B-92A9-B89E0BB6C2E1	FILE_OBJECT_FILE	EVENT_READ	1523030689616113182
3BD92F4B-39B4-11E8-BF66-D9AA8AFF4A69	SUBJECT_PROCESS	C53609B6-A912-B65B-92A9-B89E0BB6C2E1	FILE_OBJECT_FILE	EVENT_READ	1523030689616113182
3BD92F4B-39B4-11E8-BF66-D9AA8AFF4A69	SUBJECT_PROCESS	C53609B6-A912-B65B-92A9-B89E0BB6C2E1	FILE_OBJECT_FILE	EVENT_READ	1523030689616113182
3BD92F4B-39B4-11E8-BF66-D9AA8AFF4A69	SUBJECT_PROCESS	C53609B6-A912-B65B-92A9-B89E0BB6C2E1	FILE_OBJECT_FILE	EVENT_READ	1523030689616113182
3BD92F4B-39B4-11E8-BF66-D9AA8AFF4A69	SUBJECT_PROCESS	C53609B6-A912-B65B-92A9-B89E0BB6C2E1	FILE_OBJECT_FILE	EVENT_CLOSE	1523030689616113182
3BD92F4B-39B4-11E8-BF66-D9AA8AFF4A69	SUBJECT_PROCESS	C53609B6-A912-B65B-92A9-B89E0BB6C2E1	FILE_OBJECT_FILE	EVENT_OPEN	1523030689616113182
3BD92F4B-39B4-11E8-BF66-D9AA8AFF4A69	SUBJECT_PROCESS	C53609B6-A912-B65B-92A9-B89E0BB6C2E1	FILE_OBJECT_FILE	EVENT_READ	1523030689616113182
3BD92F4B-39B4-11E8-BF66-D9AA8AFF4A69	SUBJECT_PROCESS	C53609B6-A912-B65B-92A9-B89E0BB6C2E1	FILE_OBJECT_FILE	EVENT_READ	1523030689616113182
3BD92F4B-39B4-11E8-BF66-D9AA8AFF4A69	SUBJECT_PROCESS	C53609B6-A912-B65B-92A9-B89E0BB6C2E1	FILE_OBJECT_FILE	EVENT_READ	1523030689616113182
3BD92F4B-39B4-11E8-BF66-D9AA8AFF4A69	SUBJECT_PROCESS	C53609B6-A912-B65B-92A9-B89E0BB6C2E1	FILE_OBJECT_FILE	EVENT_READ	1523030689616113182
3BD92F4B-39B4-11E8-BF66-D9AA8AFF4A69	SUBJECT_PROCESS	C53609B6-A912-B65B-92A9-B89E0BB6C2E1	FILE_OBJECT_FILE	EVENT_READ	1523030689616113182
3BD92F4B-39B4-11E8-BF66-D9AA8AFF4A69	SUBJECT_PROCESS	C53609B6-A912-B65B-92A9-B89E0BB6C2E1	FILE_OBJECT_FILE	EVENT_READ	1523030689616113182
3BD92F4B-39B4-11E8-BF66-D9AA8AFF4A69	SUBJECT_PROCESS	C53609B6-A912-B65B-92A9-B89E0BB6C2E1	FILE_OBJECT_FILE	EVENT_READ	1523030689616113182
3BD92F4B-39B4-11E8-BF66-D9AA8AFF4A69	SUBJECT_PROCESS	C53609B6-A912-B65B-92A9-B89E0BB6C2E1	FILE_OBJECT_FILE	EVENT_READ	1523030689616113182
3BD92F4B-39B4-11E8-BF66-D9AA8AFF4A69	SUBJECT_PROCESS	C53609B6-A912-B65B-92A9-B89E0BB6C2E1	FILE_OBJECT_FILE	EVENT_READ	1523030689616113182
3BD92F4B-39B4-11E8-BF66-D9AA8AFF4A69	SUBJECT_PROCESS	C53609B6-A912-B65B-92A9-B89E0BB6C2E1	FILE_OBJECT_FILE	EVENT_CLOSE	1523030689616113182
3BD92F4B-39B4-11E8-BF66-D9AA8AFF4A69	SUBJECT_PROCESS	C53609B6-A912-B65B-92A9-B89E0BB6C2E1	FILE_OBJECT_FILE	EVENT_OPEN	1523030689616113182
3BD92F4B-39B4-11E8-BF66-D9AA8AFF4A69	SUBJECT_PROCESS	C53609B6-A912-B65B-92A9-B89E0BB6C2E1	FILE_OBJECT_FILE	EVENT_READ	1523030689616113182
3BD92F4B-39B4-11E8-BF66-D9AA8AFF4A69	SUBJECT_PROCESS	C53609B6-A912-B65B-92A9-B89E0BB6C2E1	FILE_OBJECT_FILE	EVENT_READ	1523030689616113182
3BD92F4B-39B4-11E8-BF66-D9AA8AFF4A69	SUBJECT_PROCESS	C53609B6-A912-B65B-92A9-B89E0BB6C2E1	FILE_OBJECT_FILE	EVENT_READ	1523030689626117592
3BD92F4B-39B4-11E8-BF66-D9AA8AFF4A69	SUBJECT_PROCESS	C53609B6-A912-B65B-92A9-B89E0BB6C2E1	FILE_OBJECT_FILE	EVENT_READ	1523030689626117592
3BD92F4B-39B4-11E8-BF66-D9AA8AFF4A69	SUBJECT_PROCESS	C53609B6-A912-B65B-92A9-B89E0BB6C2E1	FILE_OBJECT_FILE	EVENT_READ	1523030689626117592
3BD92F4B-39B4-11E8-BF66-D9AA8AFF4A69	SUBJECT_PROCESS	C53609B6-A912-B65B-92A9-B89E0BB6C2E1	FILE_OBJECT_FILE	EVENT_READ	1523030689626117592
3BD92F4B-39B4-11E8-BF66-D9AA8AFF4A69	SUBJECT_PROCESS	C53609B6-A912-B65B-92A9-B89E0BB6C2E1	FILE_OBJECT_FILE	EVENT_READ	1523030689626117592
3BD92F4B-39B4-11E8-BF66-D9AA8AFF4A69	SUBJECT_PROCESS	C53609B6-A912-B65B-92A9-B89E0BB6C2E1	FILE_OBJECT_FILE	EVENT_READ	1523030689626117592
3BD92F4B-39B4-11E8-BF66-D9AA8AFF4A69	SUBJECT_PROCESS	C53609B6-A912-B65B-92A9-B89E0BB6C2E1	FILE_OBJECT_FILE	EVENT_READ	1523030689626117592
3BD92F4B-39B4-11E8-BF66-D9AA8AFF4A69	SUBJECT_PROCESS	C53609B6-A912-B65B-92A9-B89E0BB6C2E1	FILE_OBJECT_FILE	EVENT_CLOSE	1523030689626117592
3BD92F4B-39B4-11E8-BF66-D9AA8AFF4A69	SUBJECT_PROCESS	C53609B6-A912-B65B-92A9-B89E0BB6C2E1	FILE_OBJECT_FILE	EVENT_OPEN	1523030689626117592
3BD92F4B-39B4-11E8-BF66-D9AA8AFF4A69	SUBJECT_PROCESS	C53609B6-A912-B65B-92A9-B89E0BB6C2E1	FILE_OBJECT_FILE	EVENT_READ	1523030689626117592
3BD92F4B-39B4-11E8-BF66-D9AA8AFF4A69	SUBJECT_PROCESS	C53609B6-A912-B65B-92A9-B89E0BB6C2E1	FILE_OBJECT_FILE	EVENT_READ	1523030689626117592
3BD92F4B-39B4-11E8-BF66-D9AA8AFF4A69	SUBJECT_PROCESS	C53609B6-A912-B65B-92A9-B89E0BB6C2E1	FILE_OBJECT_FILE	EVENT_READ	1523030689626117592
3BD92F4B-39B4-11E8-BF66-D9AA8AFF4A69	SUBJECT_PROCESS	C53609B6-A912-B65B-92A9-B89E0BB6C2E1	FILE_OBJECT_FILE	EVENT_READ	1523030689626117592
3BD92F4B-39B4-11E8-BF66-D9AA8AFF4A69	SUBJECT_PROCESS	C53609B6-A912-B65B-92A9-B89E0BB6C2E1	FILE_OBJECT_FILE	EVENT_READ	1523030689626117592
3BD92F4B-39B4-11E8-BF66-D9AA8AFF4A69	SUBJECT_PROCESS	C53609B6-A912-B65B-92A9-B89E0BB6C2E1	FILE_OBJECT_FILE	EVENT_READ	1523030689626117592
3BD92F4B-39B4-11E8-BF66-D9AA8AFF4A69	SUBJECT_PROCESS	C53609B6-A912-B65B-92A9-B89E0BB6C2E1	FILE_OBJECT_FILE	EVENT_READ	1523030689626117592
3BD92F4B-39B4-11E8-BF66-D9AA8AFF4A69	SUBJECT_PROCESS	C53609B6-A912-B65B-92A9-B89E0BB6C2E1	FILE_OBJECT_FILE	EVENT_READ	1523030689626117592
3BD92F4B-39B4-11E8-BF66-D9AA8AFF4A69	SUBJECT_PROCESS	C53609B6-A912-B65B-92A9-B89E0BB6C2E1	FILE_OBJECT_FILE	EVENT_READ	1523030689626117592
3BD92F4B-39B4-11E8-BF66-D9AA8AFF4A69	SUBJECT_PROCESS	C53609B6-A912-B65B-92A9-B89E0BB6C2E1	FILE_OBJECT_FILE	EVENT_CLOSE	1523030689626117592
3BD92F4B-39B4-11E8-BF66-D9AA8AFF4A69	SUBJECT_PROCESS	C53609B6-A912-B65B-92A9-B89E0BB6C2E1	FILE_OBJECT_FILE	EVENT_OPEN	1523030689626117592
3BD92F4B-39B4-11E8-BF66-D9AA8AFF4A69	SUBJECT_PROCESS	C53609B6-A912-B65B-92A9-B89E0BB6C2E1	FILE_OBJECT_FILE	EVENT_READ	1523030689626117592
3BD92F4B-39B4-11E8-BF66-D9AA8AFF4A69	SUBJECT_PROCESS	C53609B6-A912-B65B-92A9-B89E0BB6C2E1	FILE_OBJECT_FILE	EVENT_READ	1523030689626117592
3BD92F4B-39B4-11E8-BF66-D9AA8AFF4A69	SUBJECT_PROCESS	C53609B6-A912-B65B-92A9-B89E0BB6C2E1	FILE_OBJECT_FILE	EVENT_READ	1523030689626117592
3BD92F4B-39B4-11E8-BF66-D9AA8AFF4A69	SUBJECT_PROCESS	C53609B6-A912-B65B-92A9-B89E0BB6C2E1	FILE_OBJECT_FILE	EVENT_READ	1523030689626117592
3BD92F4B-39B4-11E8-BF66-D9AA8AFF4A69	SUBJECT_PROCESS	C53609B6-A912-B65B-92A9-B89E0BB6C2E1	FILE_OBJECT_FILE	EVENT_READ	1523030689626117592
3BD92F4B-39B4-11E8-BF66-D9AA8AFF4A69	SUBJECT_PROCESS	C53609B6-A912-B65B-92A9-B89E0BB6C2E1	FILE_OBJECT_FILE	EVENT_READ	1523030689626117592
3BD92F4B-39B4-11E8-BF66-D9AA8AFF4A69	SUBJECT_PROCESS	C53609B6-A912-B65B-92A9-B89E0BB6C2E1	FILE_OBJECT_FILE	EVENT_READ	1523030689626117592
3BD92F4B-39B4-11E8-BF66-D9AA8AFF4A69	SUBJECT_PROCESS	C53609B6-A912-B65B-92A9-B89E0BB6C2E1	FILE_OBJECT_FILE	EVENT_READ	1523030689626117592
3BD92F4B-39B4-11E8-BF66-D9AA8AFF4A69	SUBJECT_PROCESS	C53609B6-A912-B65B-92A9-B89E0BB6C2E1	FILE_OBJECT_FILE	EVENT_READ	1523030689626117592
3BD92F4B-39B4-11E8-BF66-D9AA8AFF4A69	SUBJECT_PROCESS	C53609B6-A912-B65B-92A9-B89E0BB6C2E1	FILE_OBJECT_FILE	EVENT_CLOSE	1523030689626117592
3BD92F4B-39B4-11E8-BF66-D9AA8AFF4A69	SUBJECT_PROCESS	6276C63C-5D79-5FDF-A15F-200B6CCACCD8	UnnamedPipeObject	EVENT_WRITE	1523030689626117592
3BD952DE-39B4-11E8-BF66-D9AA8AFF4A69	SUBJECT_PROCESS	6276C63C-5D79-5FDF-A15F-200B6CCACCD8	UnnamedPipeObject	EVENT_READ	1523030689636113643
3BD92F4B-39B4-11E8-BF66-D9AA8AFF4A69	SUBJECT_PROCESS	3BD92F4B-39B4-11E8-BF66-D9AA8AFF4A69	SUBJECT_PROCESS	EVENT_EXIT	1523030689636113643
3BD952DE-39B4-11E8-BF66-D9AA8AFF4A69	SUBJECT_PROCESS	FADB56EB-6919-8A51-9969-955CD18AFFC9	FILE_OBJECT_FILE	EVENT_WRITE	1523030689636113643
3BD952DE-39B4-11E8-BF66-D9AA8AFF4A69	SUBJECT_PROCESS	3BD952DE-39B4-11E8-BF66-D9AA8AFF4A69	SUBJECT_PROCESS	EVENT_EXIT	1523030689636113643
D59C58B7-373D-11E8-BF66-D9AA8AFF4A69	SUBJECT_PROCESS	3BE24936-39B4-11E8-BF66-D9AA8AFF4A69	SUBJECT_PROCESS	EVENT_FORK	1523030689636113643
3BE24936-39B4-11E8-BF66-D9AA8AFF4A69	SUBJECT_PROCESS	CC349957-3DA4-8E5E-A43D-C7740E8ECAA9	FILE_OBJECT_FILE	EVENT_CLOSE	1523030689636113643
3BE24936-39B4-11E8-BF66-D9AA8AFF4A69	SUBJECT_PROCESS	6C836AA2-BB54-3A58-94BB-1E5D583A637E	FILE_OBJECT_FILE	EVENT_EXECUTE	1523030689636113643
3BE24936-39B4-11E8-BF66-D9AA8AFF4A69	SUBJECT_PROCESS	7A350F75-9945-425D-8599-15CEBD426F06	FILE_OBJECT_FILE	EVENT_EXECUTE	1523030689636113643
3BE24936-39B4-11E8-BF66-D9AA8AFF4A69	SUBJECT_PROCESS	51110606-D232-9652-B2D2-3A7242968F8A	FILE_OBJECT_FILE	EVENT_OPEN	1523030689636113643
3BE24936-39B4-11E8-BF66-D9AA8AFF4A69	SUBJECT_PROCESS	51110606-D232-9652-B2D2-3A7242968F8A	FILE_OBJECT_FILE	EVENT_READ	1523030689636113643
3BE24936-39B4-11E8-BF66-D9AA8AFF4A69	SUBJECT_PROCESS	51110606-D232-9652-B2D2-3A7242968F8A	FILE_OBJECT_FILE	EVENT_CLOSE	1523030689636113643
3BE24936-39B4-11E8-BF66-D9AA8AFF4A69	SUBJECT_PROCESS	8A44F292-648B-7854-8B64-00F954785A79	FILE_OBJECT_FILE	EVENT_OPEN	1523030689636113643
3BE24936-39B4-11E8-BF66-D9AA8AFF4A69	SUBJECT_PROCESS	8A44F292-648B-7854-8B64-00F954785A79	FILE_OBJECT_FILE	EVENT_READ	1523030689636113643
3BE24936-39B4-11E8-BF66-D9AA8AFF4A69	SUBJECT_PROCESS	8A44F292-648B-7854-8B64-00F954785A79	FILE_OBJECT_FILE	EVENT_READ	1523030689636113643
3BE24936-39B4-11E8-BF66-D9AA8AFF4A69	SUBJECT_PROCESS	8A44F292-648B-7854-8B64-00F954785A79	FILE_OBJECT_FILE	EVENT_CLOSE	1523030689636113643
3BE24936-39B4-11E8-BF66-D9AA8AFF4A69	SUBJECT_PROCESS	76A739B1-A13E-FD50-BEA1-B218A0FD0400	FILE_OBJECT_FILE	EVENT_OPEN	1523030689636113643
3BE24936-39B4-11E8-BF66-D9AA8AFF4A69	SUBJECT_PROCESS	76A739B1-A13E-FD50-BEA1-B218A0FD0400	FILE_OBJECT_FILE	EVENT_MMAP	1523030689636113643
3BE24936-39B4-11E8-BF66-D9AA8AFF4A69	SUBJECT_PROCESS	76A739B1-A13E-FD50-BEA1-B218A0FD0400	FILE_OBJECT_FILE	EVENT_MMAP	1523030689636113643
3BE24936-39B4-11E8-BF66-D9AA8AFF4A69	SUBJECT_PROCESS	76A739B1-A13E-FD50-BEA1-B218A0FD0400	FILE_OBJECT_FILE	EVENT_MMAP	1523030689636113643
3BE24936-39B4-11E8-BF66-D9AA8AFF4A69	SUBJECT_PROCESS	76A739B1-A13E-FD50-BEA1-B218A0FD0400	FILE_OBJECT_FILE	EVENT_MMAP	1523030689636113643
3BE24936-39B4-11E8-BF66-D9AA8AFF4A69	SUBJECT_PROCESS	76A739B1-A13E-FD50-BEA1-B218A0FD0400	FILE_OBJECT_FILE	EVENT_MMAP	1523030689636113643
3BE24936-39B4-11E8-BF66-D9AA8AFF4A69	SUBJECT_PROCESS	76A739B1-A13E-FD50-BEA1-B218A0FD0400	FILE_OBJECT_FILE	EVENT_MMAP	1523030689646115644
3BE24936-39B4-11E8-BF66-D9AA8AFF4A69	SUBJECT_PROCESS	76A739B1-A13E-FD50-BEA1-B218A0FD0400	FILE_OBJECT_FILE	EVENT_CLOSE	1523030689646115644
3BE24936-39B4-11E8-BF66-D9AA8AFF4A69	SUBJECT_PROCESS	F410BE96-4C0C-765E-8C4C-6F0E2E760020	FILE_OBJECT_FILE	EVENT_OPEN	1523030689646115644
3BE24936-39B4-11E8-BF66-D9AA8AFF4A69	SUBJECT_PROCESS	F410BE96-4C0C-765E-8C4C-6F0E2E760020	FILE_OBJECT_FILE	EVENT_MMAP	1523030689646115644
3BE24936-39B4-11E8-BF66-D9AA8AFF4A69	SUBJECT_PROCESS	F410BE96-4C0C-765E-8C4C-6F0E2E760020	FILE_OBJECT_FILE	EVENT_MMAP	1523030689646115644
3BE24936-39B4-11E8-BF66-D9AA8AFF4A69	SUBJECT_PROCESS	F410BE96-4C0C-765E-8C4C-6F0E2E760020	FILE_OBJECT_FILE	EVENT_CLOSE	1523030689646115644
72FB0406-3678-11E8-BF66-D9AA8AFF4A69	SUBJECT_PROCESS	3B63A02F-39B4-11E8-BF66-D9AA8AFF4A69	FILE_OBJECT_UNIX_SOCKET	EVENT_CLOSE	1523030689806114657
72FB0406-3678-11E8-BF66-D9AA8AFF4A69	SUBJECT_PROCESS	3B63A098-39B4-11E8-BF66-D9AA8AFF4A69	FILE_OBJECT_UNIX_SOCKET	EVENT_CLOSE	1523030689806114657
72FB0406-3678-11E8-BF66-D9AA8AFF4A69	SUBJECT_PROCESS	3BFC2A72-39B4-11E8-BF66-D9AA8AFF4A69	FILE_OBJECT_UNIX_SOCKET	EVENT_CREATE_OBJECT	1523030689806114657
72FB0406-3678-11E8-BF66-D9AA8AFF4A69	SUBJECT_PROCESS	3BFC2B0F-39B4-11E8-BF66-D9AA8AFF4A69	FILE_OBJECT_UNIX_SOCKET	EVENT_CREATE_OBJECT	1523030689806114657
D3822AFC-39AF-11E8-BF66-D9AA8AFF4A69	SUBJECT_PROCESS	D384652A-39AF-11E8-BF66-D9AA8AFF4A69	NetFlowObject	EVENT_RECVFROM	1523030690446113068
D3822AFC-39AF-11E8-BF66-D9AA8AFF4A69	SUBJECT_PROCESS	D384652A-39AF-11E8-BF66-D9AA8AFF4A69	NetFlowObject	EVENT_RECVFROM	1523030690486114481
D3822AFC-39AF-11E8-BF66-D9AA8AFF4A69	SUBJECT_PROCESS	D384652A-39AF-11E8-BF66-D9AA8AFF4A69	NetFlowObject	EVENT_RECVFROM	1523030690486114481
D3822AFC-39AF-11E8-BF66-D9AA8AFF4A69	SUBJECT_PROCESS	D384652A-39AF-11E8-BF66-D9AA8AFF4A69	NetFlowObject	EVENT_RECVFROM	1523030690486114481
D3822AFC-39AF-11E8-BF66-D9AA8AFF4A69	SUBJECT_PROCESS	D384652A-39AF-11E8-BF66-D9AA8AFF4A69	NetFlowObject	EVENT_RECVFROM	1523030690486114481
D3822AFC-39AF-11E8-BF66-D9AA8AFF4A69	SUBJECT_PROCESS	D384652A-39AF-11E8-BF66-D9AA8AFF4A69	NetFlowObject	EVENT_RECVFROM	1523030690546115846
D3822AFC-39AF-11E8-BF66-D9AA8AFF4A69	SUBJECT_PROCESS	D384652A-39AF-11E8-BF66-D9AA8AFF4A69	NetFlowObject	EVENT_RECVFROM	1523030690546115846
D3822AFC-39AF-11E8-BF66-D9AA8AFF4A69	SUBJECT_PROCESS	D384652A-39AF-11E8-BF66-D9AA8AFF4A69	NetFlowObject	EVENT_RECVFROM	1523030690546115846
D3822AFC-39AF-11E8-BF66-D9AA8AFF4A69	SUBJECT_PROCESS	D384652A-39AF-11E8-BF66-D9AA8AFF4A69	NetFlowObject	EVENT_RECVFROM	1523030690646111774
D3822AFC-39AF-11E8-BF66-D9AA8AFF4A69	SUBJECT_PROCESS	D384652A-39AF-11E8-BF66-D9AA8AFF4A69	NetFlowObject	EVENT_RECVFROM	1523030690646111774
D3822AFC-39AF-11E8-BF66-D9AA8AFF4A69	SUBJECT_PROCESS	D384652A-39AF-11E8-BF66-D9AA8AFF4A69	NetFlowObject	EVENT_RECVFROM	1523030690646111774
3BE24936-39B4-11E8-BF66-D9AA8AFF4A69	SUBJECT_PROCESS	3BE24936-39B4-11E8-BF66-D9AA8AFF4A69	SUBJECT_PROCESS	EVENT_EXIT	1523030690666112715
D59C58B7-373D-11E8-BF66-D9AA8AFF4A69	SUBJECT_PROCESS	3C7F6D23-39B4-11E8-BF66-D9AA8AFF4A69	SUBJECT_PROCESS	EVENT_FORK	1523030690666112715
3C7F6D23-39B4-11E8-BF66-D9AA8AFF4A69	SUBJECT_PROCESS	CC349957-3DA4-8E5E-A43D-C7740E8ECAA9	FILE_OBJECT_FILE	EVENT_CLOSE	1523030690666112715
3C7F6D23-39B4-11E8-BF66-D9AA8AFF4A69	SUBJECT_PROCESS	0A5174D8-80FB-4258-BB80-C79A98427D6A	FILE_OBJECT_FILE	EVENT_EXECUTE	1523030690666112715
3C7F6D23-39B4-11E8-BF66-D9AA8AFF4A69	SUBJECT_PROCESS	7A350F75-9945-425D-8599-15CEBD426F06	FILE_OBJECT_FILE	EVENT_EXECUTE	1523030690666112715
3C7F6D23-39B4-11E8-BF66-D9AA8AFF4A69	SUBJECT_PROCESS	51110606-D232-9652-B2D2-3A7242968F8A	FILE_OBJECT_FILE	EVENT_OPEN	1523030690666112715
3C7F6D23-39B4-11E8-BF66-D9AA8AFF4A69	SUBJECT_PROCESS	51110606-D232-9652-B2D2-3A7242968F8A	FILE_OBJECT_FILE	EVENT_READ	1523030690666112715
3C7F6D23-39B4-11E8-BF66-D9AA8AFF4A69	SUBJECT_PROCESS	51110606-D232-9652-B2D2-3A7242968F8A	FILE_OBJECT_FILE	EVENT_CLOSE	1523030690666112715
3C7F6D23-39B4-11E8-BF66-D9AA8AFF4A69	SUBJECT_PROCESS	8A44F292-648B-7854-8B64-00F954785A79	FILE_OBJECT_FILE	EVENT_OPEN	1523030690666112715
3C7F6D23-39B4-11E8-BF66-D9AA8AFF4A69	SUBJECT_PROCESS	8A44F292-648B-7854-8B64-00F954785A79	FILE_OBJECT_FILE	EVENT_READ	1523030690666112715
3C7F6D23-39B4-11E8-BF66-D9AA8AFF4A69	SUBJECT_PROCESS	8A44F292-648B-7854-8B64-00F954785A79	FILE_OBJECT_FILE	EVENT_READ	1523030690666112715
3C7F6D23-39B4-11E8-BF66-D9AA8AFF4A69	SUBJECT_PROCESS	8A44F292-648B-7854-8B64-00F954785A79	FILE_OBJECT_FILE	EVENT_CLOSE	1523030690666112715
3C7F6D23-39B4-11E8-BF66-D9AA8AFF4A69	SUBJECT_PROCESS	76A739B1-A13E-FD50-BEA1-B218A0FD0400	FILE_OBJECT_FILE	EVENT_OPEN	1523030690666112715
3C7F6D23-39B4-11E8-BF66-D9AA8AFF4A69	SUBJECT_PROCESS	76A739B1-A13E-FD50-BEA1-B218A0FD0400	FILE_OBJECT_FILE	EVENT_MMAP	1523030690666112715
3C7F6D23-39B4-11E8-BF66-D9AA8AFF4A69	SUBJECT_PROCESS	76A739B1-A13E-FD50-BEA1-B218A0FD0400	FILE_OBJECT_FILE	EVENT_MMAP	1523030690666112715
3C7F6D23-39B4-11E8-BF66-D9AA8AFF4A69	SUBJECT_PROCESS	76A739B1-A13E-FD50-BEA1-B218A0FD0400	FILE_OBJECT_FILE	EVENT_MMAP	1523030690666112715
3C7F6D23-39B4-11E8-BF66-D9AA8AFF4A69	SUBJECT_PROCESS	76A739B1-A13E-FD50-BEA1-B218A0FD0400	FILE_OBJECT_FILE	EVENT_MMAP	1523030690666112715
3C7F6D23-39B4-11E8-BF66-D9AA8AFF4A69	SUBJECT_PROCESS	76A739B1-A13E-FD50-BEA1-B218A0FD0400	FILE_OBJECT_FILE	EVENT_MMAP	1523030690666112715
3C7F6D23-39B4-11E8-BF66-D9AA8AFF4A69	SUBJECT_PROCESS	76A739B1-A13E-FD50-BEA1-B218A0FD0400	FILE_OBJECT_FILE	EVENT_MMAP	1523030690666112715
3C7F6D23-39B4-11E8-BF66-D9AA8AFF4A69	SUBJECT_PROCESS	76A739B1-A13E-FD50-BEA1-B218A0FD0400	FILE_OBJECT_FILE	EVENT_CLOSE	1523030690666112715
3C7F6D23-39B4-11E8-BF66-D9AA8AFF4A69	SUBJECT_PROCESS	F410BE96-4C0C-765E-8C4C-6F0E2E760020	FILE_OBJECT_FILE	EVENT_OPEN	1523030690666112715
3C7F6D23-39B4-11E8-BF66-D9AA8AFF4A69	SUBJECT_PROCESS	F410BE96-4C0C-765E-8C4C-6F0E2E760020	FILE_OBJECT_FILE	EVENT_MMAP	1523030690666112715
3C7F6D23-39B4-11E8-BF66-D9AA8AFF4A69	SUBJECT_PROCESS	F410BE96-4C0C-765E-8C4C-6F0E2E760020	FILE_OBJECT_FILE	EVENT_MMAP	1523030690666112715
3C7F6D23-39B4-11E8-BF66-D9AA8AFF4A69	SUBJECT_PROCESS	F410BE96-4C0C-765E-8C4C-6F0E2E760020	FILE_OBJECT_FILE	EVENT_CLOSE	1523030690666112715
3C7F6D23-39B4-11E8-BF66-D9AA8AFF4A69	SUBJECT_PROCESS	AE441C70-DEC0-BD5F-80DE-3DE4DFBDF253	FILE_OBJECT_FILE	EVENT_OPEN	1523030690666112715
3C7F6D23-39B4-11E8-BF66-D9AA8AFF4A69	SUBJECT_PROCESS	AE441C70-DEC0-BD5F-80DE-3DE4DFBDF253	FILE_OBJECT_FILE	EVENT_READ	1523030690676114476
3C7F6D23-39B4-11E8-BF66-D9AA8AFF4A69	SUBJECT_PROCESS	AE441C70-DEC0-BD5F-80DE-3DE4DFBDF253	FILE_OBJECT_FILE	EVENT_CLOSE	1523030690676114476
3C7F6D23-39B4-11E8-BF66-D9AA8AFF4A69	SUBJECT_PROCESS	104A8C35-2200-3156-8022-4129E631EA52	FILE_OBJECT_FILE	EVENT_OPEN	1523030690676114476
3C7F6D23-39B4-11E8-BF66-D9AA8AFF4A69	SUBJECT_PROCESS	104A8C35-2200-3156-8022-4129E631EA52	FILE_OBJECT_FILE	EVENT_READ	1523030690676114476
3C7F6D23-39B4-11E8-BF66-D9AA8AFF4A69	SUBJECT_PROCESS	104A8C35-2200-3156-8022-4129E631EA52	FILE_OBJECT_FILE	EVENT_CLOSE	1523030690676114476
3C7F6D23-39B4-11E8-BF66-D9AA8AFF4A69	SUBJECT_PROCESS	DB1A5421-4509-D15D-8945-9F45CDD1A77E	FILE_OBJECT_FILE	EVENT_WRITE	1523030690676114476
3C7F6D23-39B4-11E8-BF66-D9AA8AFF4A69	SUBJECT_PROCESS	3C7F6D23-39B4-11E8-BF66-D9AA8AFF4A69	SUBJECT_PROCESS	EVENT_EXIT	1523030690676114476
D59C58B7-373D-11E8-BF66-D9AA8AFF4A69	SUBJECT_PROCESS	3C812FE2-39B4-11E8-BF66-D9AA8AFF4A69	SUBJECT_PROCESS	EVENT_FORK	1523030690676114476
3C812FE2-39B4-11E8-BF66-D9AA8AFF4A69	SUBJECT_PROCESS	CC349957-3DA4-8E5E-A43D-C7740E8ECAA9	FILE_OBJECT_FILE	EVENT_CLOSE	1523030690676114476
3C812FE2-39B4-11E8-BF66-D9AA8AFF4A69	SUBJECT_PROCESS	76899EA5-9D25-4352-A59D-8CB74243F4C0	FILE_OBJECT_FILE	EVENT_EXECUTE	1523030690676114476
3C812FE2-39B4-11E8-BF66-D9AA8AFF4A69	SUBJECT_PROCESS	7A350F75-9945-425D-8599-15CEBD426F06	FILE_OBJECT_FILE	EVENT_EXECUTE	1523030690676114476
3C812FE2-39B4-11E8-BF66-D9AA8AFF4A69	SUBJECT_PROCESS	51110606-D232-9652-B2D2-3A7242968F8A	FILE_OBJECT_FILE	EVENT_OPEN	1523030690676114476
3C812FE2-39B4-11E8-BF66-D9AA8AFF4A69	SUBJECT_PROCESS	51110606-D232-9652-B2D2-3A7242968F8A	FILE_OBJECT_FILE	EVENT_READ	1523030690676114476
3C812FE2-39B4-11E8-BF66-D9AA8AFF4A69	SUBJECT_PROCESS	51110606-D232-9652-B2D2-3A7242968F8A	FILE_OBJECT_FILE	EVENT_CLOSE	1523030690676114476
3C812FE2-39B4-11E8-BF66-D9AA8AFF4A69	SUBJECT_PROCESS	8A44F292-648B-7854-8B64-00F954785A79	FILE_OBJECT_FILE	EVENT_OPEN	1523030690676114476
3C812FE2-39B4-11E8-BF66-D9AA8AFF4A69	SUBJECT_PROCESS	8A44F292-648B-7854-8B64-00F954785A79	FILE_OBJECT_FILE	EVENT_READ	1523030690676114476
3C812FE2-39B4-11E8-BF66-D9AA8AFF4A69	SUBJECT_PROCESS	8A44F292-648B-7854-8B64-00F954785A79	FILE_OBJECT_FILE	EVENT_READ	1523030690676114476
3C812FE2-39B4-11E8-BF66-D9AA8AFF4A69	SUBJECT_PROCESS	8A44F292-648B-7854-8B64-00F954785A79	FILE_OBJECT_FILE	EVENT_CLOSE	1523030690676114476
3C812FE2-39B4-11E8-BF66-D9AA8AFF4A69	SUBJECT_PROCESS	718F288D-A702-1B5D-82A7-80807D1BB326	FILE_OBJECT_FILE	EVENT_OPEN	1523030690676114476
3C812FE2-39B4-11E8-BF66-D9AA8AFF4A69	SUBJECT_PROCESS	718F288D-A702-1B5D-82A7-80807D1BB326	FILE_OBJECT_FILE	EVENT_MMAP	1523030690676114476
3C812FE2-39B4-11E8-BF66-D9AA8AFF4A69	SUBJECT_PROCESS	718F288D-A702-1B5D-82A7-80807D1BB326	FILE_OBJECT_FILE	EVENT_MMAP	1523030690676114476
3C812FE2-39B4-11E8-BF66-D9AA8AFF4A69	SUBJECT_PROCESS	718F288D-A702-1B5D-82A7-80807D1BB326	FILE_OBJECT_FILE	EVENT_MMAP	1523030690676114476
3C812FE2-39B4-11E8-BF66-D9AA8AFF4A69	SUBJECT_PROCESS	718F288D-A702-1B5D-82A7-80807D1BB326	FILE_OBJECT_FILE	EVENT_MMAP	1523030690676114476
3C812FE2-39B4-11E8-BF66-D9AA8AFF4A69	SUBJECT_PROCESS	718F288D-A702-1B5D-82A7-80807D1BB326	FILE_OBJECT_FILE	EVENT_MMAP	1523030690676114476
3C812FE2-39B4-11E8-BF66-D9AA8AFF4A69	SUBJECT_PROCESS	718F288D-A702-1B5D-82A7-80807D1BB326	FILE_OBJECT_FILE	EVENT_MMAP	1523030690676114476
3C812FE2-39B4-11E8-BF66-D9AA8AFF4A69	SUBJECT_PROCESS	718F288D-A702-1B5D-82A7-80807D1BB326	FILE_OBJECT_FILE	EVENT_CLOSE	1523030690676114476
3C812FE2-39B4-11E8-BF66-D9AA8AFF4A69	SUBJECT_PROCESS	76A739B1-A13E-FD50-BEA1-B218A0FD0400	FILE_OBJECT_FILE	EVENT_OPEN	1523030690676114476
3C812FE2-39B4-11E8-BF66-D9AA8AFF4A69	SUBJECT_PROCESS	76A739B1-A13E-FD50-BEA1-B218A0FD0400	FILE_OBJECT_FILE	EVENT_MMAP	1523030690686113247
3C812FE2-39B4-11E8-BF66-D9AA8AFF4A69	SUBJECT_PROCESS	76A739B1-A13E-FD50-BEA1-B218A0FD0400	FILE_OBJECT_FILE	EVENT_MMAP	1523030690686113247
3C812FE2-39B4-11E8-BF66-D9AA8AFF4A69	SUBJECT_PROCESS	76A739B1-A13E-FD50-BEA1-B218A0FD0400	FILE_OBJECT_FILE	EVENT_MMAP	1523030690686113247
3C812FE2-39B4-11E8-BF66-D9AA8AFF4A69	SUBJECT_PROCESS	76A739B1-A13E-FD50-BEA1-B218A0FD0400	FILE_OBJECT_FILE	EVENT_MMAP	1523030690686113247
3C812FE2-39B4-11E8-BF66-D9AA8AFF4A69	SUBJECT_PROCESS	76A739B1-A13E-FD50-BEA1-B218A0FD0400	FILE_OBJECT_FILE	EVENT_MMAP	1523030690686113247
3C812FE2-39B4-11E8-BF66-D9AA8AFF4A69	SUBJECT_PROCESS	76A739B1-A13E-FD50-BEA1-B218A0FD0400	FILE_OBJECT_FILE	EVENT_MMAP	1523030690686113247
3C812FE2-39B4-11E8-BF66-D9AA8AFF4A69	SUBJECT_PROCESS	76A739B1-A13E-FD50-BEA1-B218A0FD0400	FILE_OBJECT_FILE	EVENT_CLOSE	1523030690686113247
3C812FE2-39B4-11E8-BF66-D9AA8AFF4A69	SUBJECT_PROCESS	F29977F6-07A2-935B-A207-C4871B93FE07	FILE_OBJECT_FILE	EVENT_OPEN	1523030690686113247
3C812FE2-39B4-11E8-BF66-D9AA8AFF4A69	SUBJECT_PROCESS	F29977F6-07A2-935B-A207-C4871B93FE07	FILE_OBJECT_FILE	EVENT_MMAP	1523030690686113247
3C812FE2-39B4-11E8-BF66-D9AA8AFF4A69	SUBJECT_PROCESS	F29977F6-07A2-935B-A207-C4871B93FE07	FILE_OBJECT_FILE	EVENT_MMAP	1523030690686113247
3C812FE2-39B4-11E8-BF66-D9AA8AFF4A69	SUBJECT_PROCESS	F29977F6-07A2-935B-A207-C4871B93FE07	FILE_OBJECT_FILE	EVENT_MMAP	1523030690686113247
3C812FE2-39B4-11E8-BF66-D9AA8AFF4A69	SUBJECT_PROCESS	F29977F6-07A2-935B-A207-C4871B93FE07	FILE_OBJECT_FILE	EVENT_MMAP	1523030690686113247
3C812FE2-39B4-11E8-BF66-D9AA8AFF4A69	SUBJECT_PROCESS	F29977F6-07A2-935B-A207-C4871B93FE07	FILE_OBJECT_FILE	EVENT_MMAP	1523030690686113247
3C812FE2-39B4-11E8-BF66-D9AA8AFF4A69	SUBJECT_PROCESS	F29977F6-07A2-935B-A207-C4871B93FE07	FILE_OBJECT_FILE	EVENT_MMAP	1523030690686113247
3C812FE2-39B4-11E8-BF66-D9AA8AFF4A69	SUBJECT_PROCESS	F29977F6-07A2-935B-A207-C4871B93FE07	FILE_OBJECT_FILE	EVENT_CLOSE	1523030690686113247
3C812FE2-39B4-11E8-BF66-D9AA8AFF4A69	SUBJECT_PROCESS	F410BE96-4C0C-765E-8C4C-6F0E2E760020	FILE_OBJECT_FILE	EVENT_OPEN	1523030690686113247
3C812FE2-39B4-11E8-BF66-D9AA8AFF4A69	SUBJECT_PROCESS	F410BE96-4C0C-765E-8C4C-6F0E2E760020	FILE_OBJECT_FILE	EVENT_MMAP	1523030690686113247
3C812FE2-39B4-11E8-BF66-D9AA8AFF4A69	SUBJECT_PROCESS	F410BE96-4C0C-765E-8C4C-6F0E2E760020	FILE_OBJECT_FILE	EVENT_MMAP	1523030690686113247
3C812FE2-39B4-11E8-BF66-D9AA8AFF4A69	SUBJECT_PROCESS	F410BE96-4C0C-765E-8C4C-6F0E2E760020	FILE_OBJECT_FILE	EVENT_CLOSE	1523030690686113247
3C812FE2-39B4-11E8-BF66-D9AA8AFF4A69	SUBJECT_PROCESS	1633500B-D34B-8058-8BD3-ABB7D880915E	FILE_OBJECT_FILE	EVENT_OPEN	1523030690686113247
3C812FE2-39B4-11E8-BF66-D9AA8AFF4A69	SUBJECT_PROCESS	1633500B-D34B-8058-8BD3-ABB7D880915E	FILE_OBJECT_FILE	EVENT_CLOSE	1523030690686113247
3C812FE2-39B4-11E8-BF66-D9AA8AFF4A69	SUBJECT_PROCESS	3C812FE2-39B4-11E8-BF66-D9AA8AFF4A69	SUBJECT_PROCESS	EVENT_MODIFY_PROCESS	1523030690686113247
3C812FE2-39B4-11E8-BF66-D9AA8AFF4A69	SUBJECT_PROCESS	EDC9C006-38C1-1659-8138-925D3916B899	FILE_OBJECT_FILE	EVENT_OPEN	1523030690686113247
3C812FE2-39B4-11E8-BF66-D9AA8AFF4A69	SUBJECT_PROCESS	0C51AAE3-0594-4A51-9405-4FC4214A0041	FILE_OBJECT_FILE	EVENT_OPEN	1523030690686113247
3C812FE2-39B4-11E8-BF66-D9AA8AFF4A69	SUBJECT_PROCESS	0C51AAE3-0594-4A51-9405-4FC4214A0041	FILE_OBJECT_FILE	EVENT_READ	1523030690686113247
3C812FE2-39B4-11E8-BF66-D9AA8AFF4A69	SUBJECT_PROCESS	0C51AAE3-0594-4A51-9405-4FC4214A0041	FILE_OBJECT_FILE	EVENT_READ	1523030690686113247
3C812FE2-39B4-11E8-BF66-D9AA8AFF4A69	SUBJECT_PROCESS	0C51AAE3-0594-4A51-9405-4FC4214A0041	FILE_OBJECT_FILE	EVENT_READ	1523030690686113247
3C812FE2-39B4-11E8-BF66-D9AA8AFF4A69	SUBJECT_PROCESS	0C51AAE3-0594-4A51-9405-4FC4214A0041	FILE_OBJECT_FILE	EVENT_READ	1523030690696114458
3C812FE2-39B4-11E8-BF66-D9AA8AFF4A69	SUBJECT_PROCESS	0C51AAE3-0594-4A51-9405-4FC4214A0041	FILE_OBJECT_FILE	EVENT_READ	1523030690696114458
3C812FE2-39B4-11E8-BF66-D9AA8AFF4A69	SUBJECT_PROCESS	0C51AAE3-0594-4A51-9405-4FC4214A0041	FILE_OBJECT_FILE	EVENT_LSEEK	1523030690696114458
3C812FE2-39B4-11E8-BF66-D9AA8AFF4A69	SUBJECT_PROCESS	0C51AAE3-0594-4A51-9405-4FC4214A0041	FILE_OBJECT_FILE	EVENT_READ	1523030690696114458
3C812FE2-39B4-11E8-BF66-D9AA8AFF4A69	SUBJECT_PROCESS	0C51AAE3-0594-4A51-9405-4FC4214A0041	FILE_OBJECT_FILE	EVENT_READ	1523030690696114458
3C812FE2-39B4-11E8-BF66-D9AA8AFF4A69	SUBJECT_PROCESS	0C51AAE3-0594-4A51-9405-4FC4214A0041	FILE_OBJECT_FILE	EVENT_READ	1523030690696114458
3C812FE2-39B4-11E8-BF66-D9AA8AFF4A69	SUBJECT_PROCESS	3C812FE2-39B4-11E8-BF66-D9AA8AFF4A69	SUBJECT_PROCESS	EVENT_CHANGE_PRINCIPAL	1523030690696114458
3C812FE2-39B4-11E8-BF66-D9AA8AFF4A69	SUBJECT_PROCESS	BCDBE64D-1703-005A-8317-44DD6A00589D	FILE_OBJECT_FILE	EVENT_OPEN	1523030690696114458
3C812FE2-39B4-11E8-BF66-D9AA8AFF4A69	SUBJECT_PROCESS	BCDBE64D-1703-005A-8317-44DD6A00589D	FILE_OBJECT_FILE	EVENT_READ	1523030690696114458
3C812FE2-39B4-11E8-BF66-D9AA8AFF4A69	SUBJECT_PROCESS	BCDBE64D-1703-005A-8317-44DD6A00589D	FILE_OBJECT_FILE	EVENT_READ	1523030690696114458
3C812FE2-39B4-11E8-BF66-D9AA8AFF4A69	SUBJECT_PROCESS	BCDBE64D-1703-005A-8317-44DD6A00589D	FILE_OBJECT_FILE	EVENT_CLOSE	1523030690696114458
3C812FE2-39B4-11E8-BF66-D9AA8AFF4A69	SUBJECT_PROCESS	C53609B6-A912-B65B-92A9-B89E0BB6C2E1	FILE_OBJECT_FILE	EVENT_OPEN	1523030690696114458
3C812FE2-39B4-11E8-BF66-D9AA8AFF4A69	SUBJECT_PROCESS	C53609B6-A912-B65B-92A9-B89E0BB6C2E1	FILE_OBJECT_FILE	EVENT_READ	1523030690696114458
3C812FE2-39B4-11E8-BF66-D9AA8AFF4A69	SUBJECT_PROCESS	C53609B6-A912-B65B-92A9-B89E0BB6C2E1	FILE_OBJECT_FILE	EVENT_READ	1523030690696114458
3C812FE2-39B4-11E8-BF66-D9AA8AFF4A69	SUBJECT_PROCESS	C53609B6-A912-B65B-92A9-B89E0BB6C2E1	FILE_OBJECT_FILE	EVENT_READ	1523030690696114458
3C812FE2-39B4-11E8-BF66-D9AA8AFF4A69	SUBJECT_PROCESS	C53609B6-A912-B65B-92A9-B89E0BB6C2E1	FILE_OBJECT_FILE	EVENT_READ	1523030690696114458
3C812FE2-39B4-11E8-BF66-D9AA8AFF4A69	SUBJECT_PROCESS	C53609B6-A912-B65B-92A9-B89E0BB6C2E1	FILE_OBJECT_FILE	EVENT_READ	1523030690696114458
3C812FE2-39B4-11E8-BF66-D9AA8AFF4A69	SUBJECT_PROCESS	C53609B6-A912-B65B-92A9-B89E0BB6C2E1	FILE_OBJECT_FILE	EVENT_READ	1523030690696114458
3C812FE2-39B4-11E8-BF66-D9AA8AFF4A69	SUBJECT_PROCESS	C53609B6-A912-B65B-92A9-B89E0BB6C2E1	FILE_OBJECT_FILE	EVENT_READ	1523030690696114458
3C812FE2-39B4-11E8-BF66-D9AA8AFF4A69	SUBJECT_PROCESS	C53609B6-A912-B65B-92A9-B89E0BB6C2E1	FILE_OBJECT_FILE	EVENT_READ	1523030690696114458
3C812FE2-39B4-11E8-BF66-D9AA8AFF4A69	SUBJECT_PROCESS	C53609B6-A912-B65B-92A9-B89E0BB6C2E1	FILE_OBJECT_FILE	EVENT_READ	1523030690696114458
3C812FE2-39B4-11E8-BF66-D9AA8AFF4A69	SUBJECT_PROCESS	C53609B6-A912-B65B-92A9-B89E0BB6C2E1	FILE_OBJECT_FILE	EVENT_CLOSE	1523030690696114458
3C812FE2-39B4-11E8-BF66-D9AA8AFF4A69	SUBJECT_PROCESS	D496A680-EF0C-5554-8CEF-97252455C14A	FILE_OBJECT_FILE	EVENT_OPEN	1523030690696114458
3C812FE2-39B4-11E8-BF66-D9AA8AFF4A69	SUBJECT_PROCESS	D496A680-EF0C-5554-8CEF-97252455C14A	FILE_OBJECT_FILE	EVENT_READ	1523030690706122259
3C812FE2-39B4-11E8-BF66-D9AA8AFF4A69	SUBJECT_PROCESS	D496A680-EF0C-5554-8CEF-97252455C14A	FILE_OBJECT_FILE	EVENT_READ	1523030690706122259
3C812FE2-39B4-11E8-BF66-D9AA8AFF4A69	SUBJECT_PROCESS	D496A680-EF0C-5554-8CEF-97252455C14A	FILE_OBJECT_FILE	EVENT_CLOSE	1523030690706122259
3C812FE2-39B4-11E8-BF66-D9AA8AFF4A69	SUBJECT_PROCESS	0C51AAE3-0594-4A51-9405-4FC4214A0041	FILE_OBJECT_FILE	EVENT_LSEEK	1523030690706122259
3C812FE2-39B4-11E8-BF66-D9AA8AFF4A69	SUBJECT_PROCESS	0C51AAE3-0594-4A51-9405-4FC4214A0041	FILE_OBJECT_FILE	EVENT_READ	1523030690706122259
3C812FE2-39B4-11E8-BF66-D9AA8AFF4A69	SUBJECT_PROCESS	0C51AAE3-0594-4A51-9405-4FC4214A0041	FILE_OBJECT_FILE	EVENT_READ	1523030690706122259
3C812FE2-39B4-11E8-BF66-D9AA8AFF4A69	SUBJECT_PROCESS	0C51AAE3-0594-4A51-9405-4FC4214A0041	FILE_OBJECT_FILE	EVENT_READ	1523030690706122259
3C812FE2-39B4-11E8-BF66-D9AA8AFF4A69	SUBJECT_PROCESS	0C51AAE3-0594-4A51-9405-4FC4214A0041	FILE_OBJECT_FILE	EVENT_READ	1523030690706122259
3C812FE2-39B4-11E8-BF66-D9AA8AFF4A69	SUBJECT_PROCESS	0C51AAE3-0594-4A51-9405-4FC4214A0041	FILE_OBJECT_FILE	EVENT_LSEEK	1523030690706122259
3C812FE2-39B4-11E8-BF66-D9AA8AFF4A69	SUBJECT_PROCESS	0C51AAE3-0594-4A51-9405-4FC4214A0041	FILE_OBJECT_FILE	EVENT_READ	1523030690706122259
3C812FE2-39B4-11E8-BF66-D9AA8AFF4A69	SUBJECT_PROCESS	0C51AAE3-0594-4A51-9405-4FC4214A0041	FILE_OBJECT_FILE	EVENT_LSEEK	1523030690706122259
3C812FE2-39B4-11E8-BF66-D9AA8AFF4A69	SUBJECT_PROCESS	0C51AAE3-0594-4A51-9405-4FC4214A0041	FILE_OBJECT_FILE	EVENT_READ	1523030690706122259
3C812FE2-39B4-11E8-BF66-D9AA8AFF4A69	SUBJECT_PROCESS	0C51AAE3-0594-4A51-9405-4FC4214A0041	FILE_OBJECT_FILE	EVENT_READ	1523030690706122259
3C812FE2-39B4-11E8-BF66-D9AA8AFF4A69	SUBJECT_PROCESS	0C51AAE3-0594-4A51-9405-4FC4214A0041	FILE_OBJECT_FILE	EVENT_READ	1523030690706122259
3C812FE2-39B4-11E8-BF66-D9AA8AFF4A69	SUBJECT_PROCESS	0C51AAE3-0594-4A51-9405-4FC4214A0041	FILE_OBJECT_FILE	EVENT_LSEEK	1523030690706122259
3C812FE2-39B4-11E8-BF66-D9AA8AFF4A69	SUBJECT_PROCESS	0C51AAE3-0594-4A51-9405-4FC4214A0041	FILE_OBJECT_FILE	EVENT_READ	1523030690706122259
3C812FE2-39B4-11E8-BF66-D9AA8AFF4A69	SUBJECT_PROCESS	0C51AAE3-0594-4A51-9405-4FC4214A0041	FILE_OBJECT_FILE	EVENT_READ	1523030690706122259
3C812FE2-39B4-11E8-BF66-D9AA8AFF4A69	SUBJECT_PROCESS	0C51AAE3-0594-4A51-9405-4FC4214A0041	FILE_OBJECT_FILE	EVENT_LSEEK	1523030690706122259
3C812FE2-39B4-11E8-BF66-D9AA8AFF4A69	SUBJECT_PROCESS	0C51AAE3-0594-4A51-9405-4FC4214A0041	FILE_OBJECT_FILE	EVENT_READ	1523030690706122259
3C812FE2-39B4-11E8-BF66-D9AA8AFF4A69	SUBJECT_PROCESS	0C51AAE3-0594-4A51-9405-4FC4214A0041	FILE_OBJECT_FILE	EVENT_READ	1523030690706122259
3C812FE2-39B4-11E8-BF66-D9AA8AFF4A69	SUBJECT_PROCESS	0C51AAE3-0594-4A51-9405-4FC4214A0041	FILE_OBJECT_FILE	EVENT_READ	1523030690706122259
3C812FE2-39B4-11E8-BF66-D9AA8AFF4A69	SUBJECT_PROCESS	0C51AAE3-0594-4A51-9405-4FC4214A0041	FILE_OBJECT_FILE	EVENT_READ	1523030690706122259
3C812FE2-39B4-11E8-BF66-D9AA8AFF4A69	SUBJECT_PROCESS	0C51AAE3-0594-4A51-9405-4FC4214A0041	FILE_OBJECT_FILE	EVENT_LSEEK	1523030690706122259
3C812FE2-39B4-11E8-BF66-D9AA8AFF4A69	SUBJECT_PROCESS	0C51AAE3-0594-4A51-9405-4FC4214A0041	FILE_OBJECT_FILE	EVENT_READ	1523030690706122259
3C812FE2-39B4-11E8-BF66-D9AA8AFF4A69	SUBJECT_PROCESS	0C51AAE3-0594-4A51-9405-4FC4214A0041	FILE_OBJECT_FILE	EVENT_LSEEK	1523030690706122259
3C812FE2-39B4-11E8-BF66-D9AA8AFF4A69	SUBJECT_PROCESS	0C51AAE3-0594-4A51-9405-4FC4214A0041	FILE_OBJECT_FILE	EVENT_READ	1523030690706122259
3C812FE2-39B4-11E8-BF66-D9AA8AFF4A69	SUBJECT_PROCESS	0C51AAE3-0594-4A51-9405-4FC4214A0041	FILE_OBJECT_FILE	EVENT_LSEEK	1523030690706122259
3C812FE2-39B4-11E8-BF66-D9AA8AFF4A69	SUBJECT_PROCESS	0C51AAE3-0594-4A51-9405-4FC4214A0041	FILE_OBJECT_FILE	EVENT_READ	1523030690706122259
3C812FE2-39B4-11E8-BF66-D9AA8AFF4A69	SUBJECT_PROCESS	0C51AAE3-0594-4A51-9405-4FC4214A0041	FILE_OBJECT_FILE	EVENT_LSEEK	1523030690716113659
3C812FE2-39B4-11E8-BF66-D9AA8AFF4A69	SUBJECT_PROCESS	0C51AAE3-0594-4A51-9405-4FC4214A0041	FILE_OBJECT_FILE	EVENT_READ	1523030690716113659
3C812FE2-39B4-11E8-BF66-D9AA8AFF4A69	SUBJECT_PROCESS	0C51AAE3-0594-4A51-9405-4FC4214A0041	FILE_OBJECT_FILE	EVENT_LSEEK	1523030690716113659
3C812FE2-39B4-11E8-BF66-D9AA8AFF4A69	SUBJECT_PROCESS	0C51AAE3-0594-4A51-9405-4FC4214A0041	FILE_OBJECT_FILE	EVENT_READ	1523030690716113659
3C812FE2-39B4-11E8-BF66-D9AA8AFF4A69	SUBJECT_PROCESS	0C51AAE3-0594-4A51-9405-4FC4214A0041	FILE_OBJECT_FILE	EVENT_LSEEK	1523030690716113659
3C812FE2-39B4-11E8-BF66-D9AA8AFF4A69	SUBJECT_PROCESS	0C51AAE3-0594-4A51-9405-4FC4214A0041	FILE_OBJECT_FILE	EVENT_READ	1523030690716113659
3C812FE2-39B4-11E8-BF66-D9AA8AFF4A69	SUBJECT_PROCESS	0C51AAE3-0594-4A51-9405-4FC4214A0041	FILE_OBJECT_FILE	EVENT_READ	1523030690716113659
3C812FE2-39B4-11E8-BF66-D9AA8AFF4A69	SUBJECT_PROCESS	0C51AAE3-0594-4A51-9405-4FC4214A0041	FILE_OBJECT_FILE	EVENT_READ	1523030690716113659
3C812FE2-39B4-11E8-BF66-D9AA8AFF4A69	SUBJECT_PROCESS	0C51AAE3-0594-4A51-9405-4FC4214A0041	FILE_OBJECT_FILE	EVENT_READ	1523030690716113659
3C812FE2-39B4-11E8-BF66-D9AA8AFF4A69	SUBJECT_PROCESS	0C51AAE3-0594-4A51-9405-4FC4214A0041	FILE_OBJECT_FILE	EVENT_READ	1523030690716113659
3C812FE2-39B4-11E8-BF66-D9AA8AFF4A69	SUBJECT_PROCESS	0C51AAE3-0594-4A51-9405-4FC4214A0041	FILE_OBJECT_FILE	EVENT_LSEEK	1523030690716113659
3C812FE2-39B4-11E8-BF66-D9AA8AFF4A69	SUBJECT_PROCESS	0C51AAE3-0594-4A51-9405-4FC4214A0041	FILE_OBJECT_FILE	EVENT_READ	1523030690716113659
3C812FE2-39B4-11E8-BF66-D9AA8AFF4A69	SUBJECT_PROCESS	0C51AAE3-0594-4A51-9405-4FC4214A0041	FILE_OBJECT_FILE	EVENT_READ	1523030690716113659
3C812FE2-39B4-11E8-BF66-D9AA8AFF4A69	SUBJECT_PROCESS	0C51AAE3-0594-4A51-9405-4FC4214A0041	FILE_OBJECT_FILE	EVENT_READ	1523030690716113659
3C812FE2-39B4-11E8-BF66-D9AA8AFF4A69	SUBJECT_PROCESS	0C51AAE3-0594-4A51-9405-4FC4214A0041	FILE_OBJECT_FILE	EVENT_READ	1523030690716113659
3C812FE2-39B4-11E8-BF66-D9AA8AFF4A69	SUBJECT_PROCESS	0C51AAE3-0594-4A51-9405-4FC4214A0041	FILE_OBJECT_FILE	EVENT_LSEEK	1523030690716113659
3C812FE2-39B4-11E8-BF66-D9AA8AFF4A69	SUBJECT_PROCESS	0C51AAE3-0594-4A51-9405-4FC4214A0041	FILE_OBJECT_FILE	EVENT_READ	1523030690716113659
3C812FE2-39B4-11E8-BF66-D9AA8AFF4A69	SUBJECT_PROCESS	0C51AAE3-0594-4A51-9405-4FC4214A0041	FILE_OBJECT_FILE	EVENT_READ	1523030690716113659
3C812FE2-39B4-11E8-BF66-D9AA8AFF4A69	SUBJECT_PROCESS	0C51AAE3-0594-4A51-9405-4FC4214A0041	FILE_OBJECT_FILE	EVENT_LSEEK	1523030690716113659
3C812FE2-39B4-11E8-BF66-D9AA8AFF4A69	SUBJECT_PROCESS	0C51AAE3-0594-4A51-9405-4FC4214A0041	FILE_OBJECT_FILE	EVENT_READ	1523030690716113659
3C812FE2-39B4-11E8-BF66-D9AA8AFF4A69	SUBJECT_PROCESS	0C51AAE3-0594-4A51-9405-4FC4214A0041	FILE_OBJECT_FILE	EVENT_READ	1523030690716113659
3C812FE2-39B4-11E8-BF66-D9AA8AFF4A69	SUBJECT_PROCESS	0C51AAE3-0594-4A51-9405-4FC4214A0041	FILE_OBJECT_FILE	EVENT_LSEEK	1523030690716113659
3C812FE2-39B4-11E8-BF66-D9AA8AFF4A69	SUBJECT_PROCESS	0C51AAE3-0594-4A51-9405-4FC4214A0041	FILE_OBJECT_FILE	EVENT_READ	1523030690716113659
3C812FE2-39B4-11E8-BF66-D9AA8AFF4A69	SUBJECT_PROCESS	0C51AAE3-0594-4A51-9405-4FC4214A0041	FILE_OBJECT_FILE	EVENT_READ	1523030690716113659
3C812FE2-39B4-11E8-BF66-D9AA8AFF4A69	SUBJECT_PROCESS	0C51AAE3-0594-4A51-9405-4FC4214A0041	FILE_OBJECT_FILE	EVENT_LSEEK	1523030690716113659
3C812FE2-39B4-11E8-BF66-D9AA8AFF4A69	SUBJECT_PROCESS	0C51AAE3-0594-4A51-9405-4FC4214A0041	FILE_OBJECT_FILE	EVENT_READ	1523030690716113659
3C812FE2-39B4-11E8-BF66-D9AA8AFF4A69	SUBJECT_PROCESS	0C51AAE3-0594-4A51-9405-4FC4214A0041	FILE_OBJECT_FILE	EVENT_READ	1523030690716113659
3C812FE2-39B4-11E8-BF66-D9AA8AFF4A69	SUBJECT_PROCESS	0C51AAE3-0594-4A51-9405-4FC4214A0041	FILE_OBJECT_FILE	EVENT_LSEEK	1523030690716113659
3C812FE2-39B4-11E8-BF66-D9AA8AFF4A69	SUBJECT_PROCESS	0C51AAE3-0594-4A51-9405-4FC4214A0041	FILE_OBJECT_FILE	EVENT_READ	1523030690716113659
3C812FE2-39B4-11E8-BF66-D9AA8AFF4A69	SUBJECT_PROCESS	0C51AAE3-0594-4A51-9405-4FC4214A0041	FILE_OBJECT_FILE	EVENT_LSEEK	1523030690716113659
3C812FE2-39B4-11E8-BF66-D9AA8AFF4A69	SUBJECT_PROCESS	0C51AAE3-0594-4A51-9405-4FC4214A0041	FILE_OBJECT_FILE	EVENT_READ	1523030690716113659
3C812FE2-39B4-11E8-BF66-D9AA8AFF4A69	SUBJECT_PROCESS	0C51AAE3-0594-4A51-9405-4FC4214A0041	FILE_OBJECT_FILE	EVENT_LSEEK	1523030690716113659
3C812FE2-39B4-11E8-BF66-D9AA8AFF4A69	SUBJECT_PROCESS	0C51AAE3-0594-4A51-9405-4FC4214A0041	FILE_OBJECT_FILE	EVENT_READ	1523030690726113180
3C812FE2-39B4-11E8-BF66-D9AA8AFF4A69	SUBJECT_PROCESS	0C51AAE3-0594-4A51-9405-4FC4214A0041	FILE_OBJECT_FILE	EVENT_LSEEK	1523030690726113180
3C812FE2-39B4-11E8-BF66-D9AA8AFF4A69	SUBJECT_PROCESS	0C51AAE3-0594-4A51-9405-4FC4214A0041	FILE_OBJECT_FILE	EVENT_READ	1523030690726113180
3C812FE2-39B4-11E8-BF66-D9AA8AFF4A69	SUBJECT_PROCESS	0C51AAE3-0594-4A51-9405-4FC4214A0041	FILE_OBJECT_FILE	EVENT_LSEEK	1523030690726113180
3C812FE2-39B4-11E8-BF66-D9AA8AFF4A69	SUBJECT_PROCESS	0C51AAE3-0594-4A51-9405-4FC4214A0041	FILE_OBJECT_FILE	EVENT_READ	1523030690726113180
3C812FE2-39B4-11E8-BF66-D9AA8AFF4A69	SUBJECT_PROCESS	0C51AAE3-0594-4A51-9405-4FC4214A0041	FILE_OBJECT_FILE	EVENT_LSEEK	1523030690726113180
3C812FE2-39B4-11E8-BF66-D9AA8AFF4A69	SUBJECT_PROCESS	0C51AAE3-0594-4A51-9405-4FC4214A0041	FILE_OBJECT_FILE	EVENT_READ	1523030690726113180
3C812FE2-39B4-11E8-BF66-D9AA8AFF4A69	SUBJECT_PROCESS	0C51AAE3-0594-4A51-9405-4FC4214A0041	FILE_OBJECT_FILE	EVENT_LSEEK	1523030690726113180
3C812FE2-39B4-11E8-BF66-D9AA8AFF4A69	SUBJECT_PROCESS	0C51AAE3-0594-4A51-9405-4FC4214A0041	FILE_OBJECT_FILE	EVENT_READ	1523030690726113180
3C812FE2-39B4-11E8-BF66-D9AA8AFF4A69	SUBJECT_PROCESS	0C51AAE3-0594-4A51-9405-4FC4214A0041	FILE_OBJECT_FILE	EVENT_READ	1523030690726113180
3C812FE2-39B4-11E8-BF66-D9AA8AFF4A69	SUBJECT_PROCESS	0C51AAE3-0594-4A51-9405-4FC4214A0041	FILE_OBJECT_FILE	EVENT_READ	1523030690726113180
3C812FE2-39B4-11E8-BF66-D9AA8AFF4A69	SUBJECT_PROCESS	0C51AAE3-0594-4A51-9405-4FC4214A0041	FILE_OBJECT_FILE	EVENT_READ	1523030690726113180
3C812FE2-39B4-11E8-BF66-D9AA8AFF4A69	SUBJECT_PROCESS	0C51AAE3-0594-4A51-9405-4FC4214A0041	FILE_OBJECT_FILE	EVENT_LSEEK	1523030690726113180
3C812FE2-39B4-11E8-BF66-D9AA8AFF4A69	SUBJECT_PROCESS	0C51AAE3-0594-4A51-9405-4FC4214A0041	FILE_OBJECT_FILE	EVENT_READ	1523030690726113180
3C812FE2-39B4-11E8-BF66-D9AA8AFF4A69	SUBJECT_PROCESS	0C51AAE3-0594-4A51-9405-4FC4214A0041	FILE_OBJECT_FILE	EVENT_READ	1523030690726113180
3C812FE2-39B4-11E8-BF66-D9AA8AFF4A69	SUBJECT_PROCESS	0C51AAE3-0594-4A51-9405-4FC4214A0041	FILE_OBJECT_FILE	EVENT_READ	1523030690726113180
3C812FE2-39B4-11E8-BF66-D9AA8AFF4A69	SUBJECT_PROCESS	0C51AAE3-0594-4A51-9405-4FC4214A0041	FILE_OBJECT_FILE	EVENT_READ	1523030690726113180
3C812FE2-39B4-11E8-BF66-D9AA8AFF4A69	SUBJECT_PROCESS	0C51AAE3-0594-4A51-9405-4FC4214A0041	FILE_OBJECT_FILE	EVENT_READ	1523030690726113180
3C812FE2-39B4-11E8-BF66-D9AA8AFF4A69	SUBJECT_PROCESS	0C51AAE3-0594-4A51-9405-4FC4214A0041	FILE_OBJECT_FILE	EVENT_READ	1523030690726113180
3C812FE2-39B4-11E8-BF66-D9AA8AFF4A69	SUBJECT_PROCESS	0C51AAE3-0594-4A51-9405-4FC4214A0041	FILE_OBJECT_FILE	EVENT_LSEEK	1523030690726113180
3C812FE2-39B4-11E8-BF66-D9AA8AFF4A69	SUBJECT_PROCESS	0C51AAE3-0594-4A51-9405-4FC4214A0041	FILE_OBJECT_FILE	EVENT_READ	1523030690726113180
3C812FE2-39B4-11E8-BF66-D9AA8AFF4A69	SUBJECT_PROCESS	0C51AAE3-0594-4A51-9405-4FC4214A0041	FILE_OBJECT_FILE	EVENT_READ	1523030690726113180
3C812FE2-39B4-11E8-BF66-D9AA8AFF4A69	SUBJECT_PROCESS	0C51AAE3-0594-4A51-9405-4FC4214A0041	FILE_OBJECT_FILE	EVENT_LSEEK	1523030690726113180
3C812FE2-39B4-11E8-BF66-D9AA8AFF4A69	SUBJECT_PROCESS	0C51AAE3-0594-4A51-9405-4FC4214A0041	FILE_OBJECT_FILE	EVENT_READ	1523030690726113180
3C812FE2-39B4-11E8-BF66-D9AA8AFF4A69	SUBJECT_PROCESS	0C51AAE3-0594-4A51-9405-4FC4214A0041	FILE_OBJECT_FILE	EVENT_READ	1523030690726113180
3C812FE2-39B4-11E8-BF66-D9AA8AFF4A69	SUBJECT_PROCESS	0C51AAE3-0594-4A51-9405-4FC4214A0041	FILE_OBJECT_FILE	EVENT_LSEEK	1523030690726113180
3C812FE2-39B4-11E8-BF66-D9AA8AFF4A69	SUBJECT_PROCESS	0C51AAE3-0594-4A51-9405-4FC4214A0041	FILE_OBJECT_FILE	EVENT_READ	1523030690726113180
3C812FE2-39B4-11E8-BF66-D9AA8AFF4A69	SUBJECT_PROCESS	0C51AAE3-0594-4A51-9405-4FC4214A0041	FILE_OBJECT_FILE	EVENT_LSEEK	1523030690726113180
3C812FE2-39B4-11E8-BF66-D9AA8AFF4A69	SUBJECT_PROCESS	0C51AAE3-0594-4A51-9405-4FC4214A0041	FILE_OBJECT_FILE	EVENT_READ	1523030690726113180
3C812FE2-39B4-11E8-BF66-D9AA8AFF4A69	SUBJECT_PROCESS	0C51AAE3-0594-4A51-9405-4FC4214A0041	FILE_OBJECT_FILE	EVENT_LSEEK	1523030690726113180
3C812FE2-39B4-11E8-BF66-D9AA8AFF4A69	SUBJECT_PROCESS	0C51AAE3-0594-4A51-9405-4FC4214A0041	FILE_OBJECT_FILE	EVENT_READ	1523030690726113180
3C812FE2-39B4-11E8-BF66-D9AA8AFF4A69	SUBJECT_PROCESS	0C51AAE3-0594-4A51-9405-4FC4214A0041	FILE_OBJECT_FILE	EVENT_LSEEK	1523030690736116011
3C812FE2-39B4-11E8-BF66-D9AA8AFF4A69	SUBJECT_PROCESS	0C51AAE3-0594-4A51-9405-4FC4214A0041	FILE_OBJECT_FILE	EVENT_READ	1523030690736116011
3C812FE2-39B4-11E8-BF66-D9AA8AFF4A69	SUBJECT_PROCESS	0C51AAE3-0594-4A51-9405-4FC4214A0041	FILE_OBJECT_FILE	EVENT_LSEEK	1523030690736116011
3C812FE2-39B4-11E8-BF66-D9AA8AFF4A69	SUBJECT_PROCESS	0C51AAE3-0594-4A51-9405-4FC4214A0041	FILE_OBJECT_FILE	EVENT_READ	1523030690736116011
3C812FE2-39B4-11E8-BF66-D9AA8AFF4A69	SUBJECT_PROCESS	0C51AAE3-0594-4A51-9405-4FC4214A0041	FILE_OBJECT_FILE	EVENT_READ	1523030690736116011
3C812FE2-39B4-11E8-BF66-D9AA8AFF4A69	SUBJECT_PROCESS	0C51AAE3-0594-4A51-9405-4FC4214A0041	FILE_OBJECT_FILE	EVENT_READ	1523030690736116011
3C812FE2-39B4-11E8-BF66-D9AA8AFF4A69	SUBJECT_PROCESS	0C51AAE3-0594-4A51-9405-4FC4214A0041	FILE_OBJECT_FILE	EVENT_LSEEK	1523030690736116011
3C812FE2-39B4-11E8-BF66-D9AA8AFF4A69	SUBJECT_PROCESS	0C51AAE3-0594-4A51-9405-4FC4214A0041	FILE_OBJECT_FILE	EVENT_READ	1523030690736116011
3C812FE2-39B4-11E8-BF66-D9AA8AFF4A69	SUBJECT_PROCESS	0C51AAE3-0594-4A51-9405-4FC4214A0041	FILE_OBJECT_FILE	EVENT_LSEEK	1523030690736116011
3C812FE2-39B4-11E8-BF66-D9AA8AFF4A69	SUBJECT_PROCESS	0C51AAE3-0594-4A51-9405-4FC4214A0041	FILE_OBJECT_FILE	EVENT_READ	1523030690736116011
3C812FE2-39B4-11E8-BF66-D9AA8AFF4A69	SUBJECT_PROCESS	0C51AAE3-0594-4A51-9405-4FC4214A0041	FILE_OBJECT_FILE	EVENT_LSEEK	1523030690736116011
3C812FE2-39B4-11E8-BF66-D9AA8AFF4A69	SUBJECT_PROCESS	0C51AAE3-0594-4A51-9405-4FC4214A0041	FILE_OBJECT_FILE	EVENT_READ	1523030690736116011
3C812FE2-39B4-11E8-BF66-D9AA8AFF4A69	SUBJECT_PROCESS	0C51AAE3-0594-4A51-9405-4FC4214A0041	FILE_OBJECT_FILE	EVENT_LSEEK	1523030690736116011
3C812FE2-39B4-11E8-BF66-D9AA8AFF4A69	SUBJECT_PROCESS	0C51AAE3-0594-4A51-9405-4FC4214A0041	FILE_OBJECT_FILE	EVENT_READ	1523030690736116011
3C812FE2-39B4-11E8-BF66-D9AA8AFF4A69	SUBJECT_PROCESS	0C51AAE3-0594-4A51-9405-4FC4214A0041	FILE_OBJECT_FILE	EVENT_LSEEK	1523030690736116011
3C812FE2-39B4-11E8-BF66-D9AA8AFF4A69	SUBJECT_PROCESS	0C51AAE3-0594-4A51-9405-4FC4214A0041	FILE_OBJECT_FILE	EVENT_READ	1523030690736116011
3C812FE2-39B4-11E8-BF66-D9AA8AFF4A69	SUBJECT_PROCESS	0C51AAE3-0594-4A51-9405-4FC4214A0041	FILE_OBJECT_FILE	EVENT_LSEEK	1523030690736116011
3C812FE2-39B4-11E8-BF66-D9AA8AFF4A69	SUBJECT_PROCESS	0C51AAE3-0594-4A51-9405-4FC4214A0041	FILE_OBJECT_FILE	EVENT_READ	1523030690736116011
3C812FE2-39B4-11E8-BF66-D9AA8AFF4A69	SUBJECT_PROCESS	0C51AAE3-0594-4A51-9405-4FC4214A0041	FILE_OBJECT_FILE	EVENT_LSEEK	1523030690736116011
3C812FE2-39B4-11E8-BF66-D9AA8AFF4A69	SUBJECT_PROCESS	0C51AAE3-0594-4A51-9405-4FC4214A0041	FILE_OBJECT_FILE	EVENT_READ	1523030690736116011
3C812FE2-39B4-11E8-BF66-D9AA8AFF4A69	SUBJECT_PROCESS	0C51AAE3-0594-4A51-9405-4FC4214A0041	FILE_OBJECT_FILE	EVENT_READ	1523030690736116011
3C812FE2-39B4-11E8-BF66-D9AA8AFF4A69	SUBJECT_PROCESS	0C51AAE3-0594-4A51-9405-4FC4214A0041	FILE_OBJECT_FILE	EVENT_LSEEK	1523030690736116011
3C812FE2-39B4-11E8-BF66-D9AA8AFF4A69	SUBJECT_PROCESS	0C51AAE3-0594-4A51-9405-4FC4214A0041	FILE_OBJECT_FILE	EVENT_READ	1523030690736116011
3C812FE2-39B4-11E8-BF66-D9AA8AFF4A69	SUBJECT_PROCESS	0C51AAE3-0594-4A51-9405-4FC4214A0041	FILE_OBJECT_FILE	EVENT_LSEEK	1523030690736116011
3C812FE2-39B4-11E8-BF66-D9AA8AFF4A69	SUBJECT_PROCESS	0C51AAE3-0594-4A51-9405-4FC4214A0041	FILE_OBJECT_FILE	EVENT_READ	1523030690736116011
3C812FE2-39B4-11E8-BF66-D9AA8AFF4A69	SUBJECT_PROCESS	0C51AAE3-0594-4A51-9405-4FC4214A0041	FILE_OBJECT_FILE	EVENT_LSEEK	1523030690736116011
3C812FE2-39B4-11E8-BF66-D9AA8AFF4A69	SUBJECT_PROCESS	0C51AAE3-0594-4A51-9405-4FC4214A0041	FILE_OBJECT_FILE	EVENT_READ	1523030690736116011
3C812FE2-39B4-11E8-BF66-D9AA8AFF4A69	SUBJECT_PROCESS	0C51AAE3-0594-4A51-9405-4FC4214A0041	FILE_OBJECT_FILE	EVENT_LSEEK	1523030690736116011
3C812FE2-39B4-11E8-BF66-D9AA8AFF4A69	SUBJECT_PROCESS	0C51AAE3-0594-4A51-9405-4FC4214A0041	FILE_OBJECT_FILE	EVENT_READ	1523030690736116011
3C812FE2-39B4-11E8-BF66-D9AA8AFF4A69	SUBJECT_PROCESS	0C51AAE3-0594-4A51-9405-4FC4214A0041	FILE_OBJECT_FILE	EVENT_LSEEK	1523030690736116011
3C812FE2-39B4-11E8-BF66-D9AA8AFF4A69	SUBJECT_PROCESS	0C51AAE3-0594-4A51-9405-4FC4214A0041	FILE_OBJECT_FILE	EVENT_READ	1523030690736116011
3C812FE2-39B4-11E8-BF66-D9AA8AFF4A69	SUBJECT_PROCESS	0C51AAE3-0594-4A51-9405-4FC4214A0041	FILE_OBJECT_FILE	EVENT_READ	1523030690736116011
3C812FE2-39B4-11E8-BF66-D9AA8AFF4A69	SUBJECT_PROCESS	0C51AAE3-0594-4A51-9405-4FC4214A0041	FILE_OBJECT_FILE	EVENT_LSEEK	1523030690746116382
3C812FE2-39B4-11E8-BF66-D9AA8AFF4A69	SUBJECT_PROCESS	0C51AAE3-0594-4A51-9405-4FC4214A0041	FILE_OBJECT_FILE	EVENT_READ	1523030690746116382
3C812FE2-39B4-11E8-BF66-D9AA8AFF4A69	SUBJECT_PROCESS	0C51AAE3-0594-4A51-9405-4FC4214A0041	FILE_OBJECT_FILE	EVENT_LSEEK	1523030690746116382
3C812FE2-39B4-11E8-BF66-D9AA8AFF4A69	SUBJECT_PROCESS	0C51AAE3-0594-4A51-9405-4FC4214A0041	FILE_OBJECT_FILE	EVENT_READ	1523030690746116382
3C812FE2-39B4-11E8-BF66-D9AA8AFF4A69	SUBJECT_PROCESS	0C51AAE3-0594-4A51-9405-4FC4214A0041	FILE_OBJECT_FILE	EVENT_LSEEK	1523030690746116382
3C812FE2-39B4-11E8-BF66-D9AA8AFF4A69	SUBJECT_PROCESS	0C51AAE3-0594-4A51-9405-4FC4214A0041	FILE_OBJECT_FILE	EVENT_READ	1523030690746116382
3C812FE2-39B4-11E8-BF66-D9AA8AFF4A69	SUBJECT_PROCESS	0C51AAE3-0594-4A51-9405-4FC4214A0041	FILE_OBJECT_FILE	EVENT_READ	1523030690746116382
3C812FE2-39B4-11E8-BF66-D9AA8AFF4A69	SUBJECT_PROCESS	0C51AAE3-0594-4A51-9405-4FC4214A0041	FILE_OBJECT_FILE	EVENT_READ	1523030690746116382
3C812FE2-39B4-11E8-BF66-D9AA8AFF4A69	SUBJECT_PROCESS	0C51AAE3-0594-4A51-9405-4FC4214A0041	FILE_OBJECT_FILE	EVENT_LSEEK	1523030690746116382
3C812FE2-39B4-11E8-BF66-D9AA8AFF4A69	SUBJECT_PROCESS	0C51AAE3-0594-4A51-9405-4FC4214A0041	FILE_OBJECT_FILE	EVENT_READ	1523030690746116382
3C812FE2-39B4-11E8-BF66-D9AA8AFF4A69	SUBJECT_PROCESS	0C51AAE3-0594-4A51-9405-4FC4214A0041	FILE_OBJECT_FILE	EVENT_READ	1523030690746116382
3C812FE2-39B4-11E8-BF66-D9AA8AFF4A69	SUBJECT_PROCESS	0C51AAE3-0594-4A51-9405-4FC4214A0041	FILE_OBJECT_FILE	EVENT_LSEEK	1523030690746116382
3C812FE2-39B4-11E8-BF66-D9AA8AFF4A69	SUBJECT_PROCESS	0C51AAE3-0594-4A51-9405-4FC4214A0041	FILE_OBJECT_FILE	EVENT_READ	1523030690746116382
3C812FE2-39B4-11E8-BF66-D9AA8AFF4A69	SUBJECT_PROCESS	0C51AAE3-0594-4A51-9405-4FC4214A0041	FILE_OBJECT_FILE	EVENT_LSEEK	1523030690746116382
3C812FE2-39B4-11E8-BF66-D9AA8AFF4A69	SUBJECT_PROCESS	0C51AAE3-0594-4A51-9405-4FC4214A0041	FILE_OBJECT_FILE	EVENT_READ	1523030690746116382
3C812FE2-39B4-11E8-BF66-D9AA8AFF4A69	SUBJECT_PROCESS	0C51AAE3-0594-4A51-9405-4FC4214A0041	FILE_OBJECT_FILE	EVENT_LSEEK	1523030690746116382
3C812FE2-39B4-11E8-BF66-D9AA8AFF4A69	SUBJECT_PROCESS	0C51AAE3-0594-4A51-9405-4FC4214A0041	FILE_OBJECT_FILE	EVENT_READ	1523030690746116382
3C812FE2-39B4-11E8-BF66-D9AA8AFF4A69	SUBJECT_PROCESS	0C51AAE3-0594-4A51-9405-4FC4214A0041	FILE_OBJECT_FILE	EVENT_LSEEK	1523030690746116382
3C812FE2-39B4-11E8-BF66-D9AA8AFF4A69	SUBJECT_PROCESS	0C51AAE3-0594-4A51-9405-4FC4214A0041	FILE_OBJECT_FILE	EVENT_READ	1523030690746116382
3C812FE2-39B4-11E8-BF66-D9AA8AFF4A69	SUBJECT_PROCESS	0C51AAE3-0594-4A51-9405-4FC4214A0041	FILE_OBJECT_FILE	EVENT_LSEEK	1523030690746116382
3C812FE2-39B4-11E8-BF66-D9AA8AFF4A69	SUBJECT_PROCESS	0C51AAE3-0594-4A51-9405-4FC4214A0041	FILE_OBJECT_FILE	EVENT_READ	1523030690746116382
3C812FE2-39B4-11E8-BF66-D9AA8AFF4A69	SUBJECT_PROCESS	0C51AAE3-0594-4A51-9405-4FC4214A0041	FILE_OBJECT_FILE	EVENT_LSEEK	1523030690746116382
D3822AFC-39AF-11E8-BF66-D9AA8AFF4A69	SUBJECT_PROCESS	D384652A-39AF-11E8-BF66-D9AA8AFF4A69	NetFlowObject	EVENT_RECVFROM	1523030690746116382
3C812FE2-39B4-11E8-BF66-D9AA8AFF4A69	SUBJECT_PROCESS	0C51AAE3-0594-4A51-9405-4FC4214A0041	FILE_OBJECT_FILE	EVENT_READ	1523030690746116382
3C812FE2-39B4-11E8-BF66-D9AA8AFF4A69	SUBJECT_PROCESS	0C51AAE3-0594-4A51-9405-4FC4214A0041	FILE_OBJECT_FILE	EVENT_READ	1523030690746116382
D3822AFC-39AF-11E8-BF66-D9AA8AFF4A69	SUBJECT_PROCESS	D384652A-39AF-11E8-BF66-D9AA8AFF4A69	NetFlowObject	EVENT_RECVFROM	1523030690746116382
3C812FE2-39B4-11E8-BF66-D9AA8AFF4A69	SUBJECT_PROCESS	0C51AAE3-0594-4A51-9405-4FC4214A0041	FILE_OBJECT_FILE	EVENT_READ	1523030690746116382
3C812FE2-39B4-11E8-BF66-D9AA8AFF4A69	SUBJECT_PROCESS	0C51AAE3-0594-4A51-9405-4FC4214A0041	FILE_OBJECT_FILE	EVENT_READ	1523030690746116382
3C812FE2-39B4-11E8-BF66-D9AA8AFF4A69	SUBJECT_PROCESS	0C51AAE3-0594-4A51-9405-4FC4214A0041	FILE_OBJECT_FILE	EVENT_READ	1523030690746116382
3C812FE2-39B4-11E8-BF66-D9AA8AFF4A69	SUBJECT_PROCESS	0C51AAE3-0594-4A51-9405-4FC4214A0041	FILE_OBJECT_FILE	EVENT_LSEEK	1523030690746116382
3C812FE2-39B4-11E8-BF66-D9AA8AFF4A69	SUBJECT_PROCESS	0C51AAE3-0594-4A51-9405-4FC4214A0041	FILE_OBJECT_FILE	EVENT_READ	1523030690746116382
3C812FE2-39B4-11E8-BF66-D9AA8AFF4A69	SUBJECT_PROCESS	0C51AAE3-0594-4A51-9405-4FC4214A0041	FILE_OBJECT_FILE	EVENT_LSEEK	1523030690746116382
3C812FE2-39B4-11E8-BF66-D9AA8AFF4A69	SUBJECT_PROCESS	0C51AAE3-0594-4A51-9405-4FC4214A0041	FILE_OBJECT_FILE	EVENT_READ	1523030690746116382
3C812FE2-39B4-11E8-BF66-D9AA8AFF4A69	SUBJECT_PROCESS	0C51AAE3-0594-4A51-9405-4FC4214A0041	FILE_OBJECT_FILE	EVENT_LSEEK	1523030690746116382
3C812FE2-39B4-11E8-BF66-D9AA8AFF4A69	SUBJECT_PROCESS	0C51AAE3-0594-4A51-9405-4FC4214A0041	FILE_OBJECT_FILE	EVENT_READ	1523030690756113223
3C812FE2-39B4-11E8-BF66-D9AA8AFF4A69	SUBJECT_PROCESS	0C51AAE3-0594-4A51-9405-4FC4214A0041	FILE_OBJECT_FILE	EVENT_LSEEK	1523030690756113223
3C812FE2-39B4-11E8-BF66-D9AA8AFF4A69	SUBJECT_PROCESS	0C51AAE3-0594-4A51-9405-4FC4214A0041	FILE_OBJECT_FILE	EVENT_READ	1523030690756113223
3C812FE2-39B4-11E8-BF66-D9AA8AFF4A69	SUBJECT_PROCESS	0C51AAE3-0594-4A51-9405-4FC4214A0041	FILE_OBJECT_FILE	EVENT_LSEEK	1523030690756113223
3C812FE2-39B4-11E8-BF66-D9AA8AFF4A69	SUBJECT_PROCESS	0C51AAE3-0594-4A51-9405-4FC4214A0041	FILE_OBJECT_FILE	EVENT_READ	1523030690756113223
3C812FE2-39B4-11E8-BF66-D9AA8AFF4A69	SUBJECT_PROCESS	0C51AAE3-0594-4A51-9405-4FC4214A0041	FILE_OBJECT_FILE	EVENT_LSEEK	1523030690756113223
3C812FE2-39B4-11E8-BF66-D9AA8AFF4A69	SUBJECT_PROCESS	0C51AAE3-0594-4A51-9405-4FC4214A0041	FILE_OBJECT_FILE	EVENT_READ	1523030690756113223
3C812FE2-39B4-11E8-BF66-D9AA8AFF4A69	SUBJECT_PROCESS	0C51AAE3-0594-4A51-9405-4FC4214A0041	FILE_OBJECT_FILE	EVENT_LSEEK	1523030690756113223
3C812FE2-39B4-11E8-BF66-D9AA8AFF4A69	SUBJECT_PROCESS	0C51AAE3-0594-4A51-9405-4FC4214A0041	FILE_OBJECT_FILE	EVENT_READ	1523030690756113223
3C812FE2-39B4-11E8-BF66-D9AA8AFF4A69	SUBJECT_PROCESS	0C51AAE3-0594-4A51-9405-4FC4214A0041	FILE_OBJECT_FILE	EVENT_LSEEK	1523030690756113223
3C812FE2-39B4-11E8-BF66-D9AA8AFF4A69	SUBJECT_PROCESS	0C51AAE3-0594-4A51-9405-4FC4214A0041	FILE_OBJECT_FILE	EVENT_READ	1523030690756113223
3C812FE2-39B4-11E8-BF66-D9AA8AFF4A69	SUBJECT_PROCESS	0C51AAE3-0594-4A51-9405-4FC4214A0041	FILE_OBJECT_FILE	EVENT_LSEEK	1523030690756113223
3C812FE2-39B4-11E8-BF66-D9AA8AFF4A69	SUBJECT_PROCESS	0C51AAE3-0594-4A51-9405-4FC4214A0041	FILE_OBJECT_FILE	EVENT_READ	1523030690756113223
3C812FE2-39B4-11E8-BF66-D9AA8AFF4A69	SUBJECT_PROCESS	0C51AAE3-0594-4A51-9405-4FC4214A0041	FILE_OBJECT_FILE	EVENT_LSEEK	1523030690756113223
3C812FE2-39B4-11E8-BF66-D9AA8AFF4A69	SUBJECT_PROCESS	0C51AAE3-0594-4A51-9405-4FC4214A0041	FILE_OBJECT_FILE	EVENT_READ	1523030690756113223
3C812FE2-39B4-11E8-BF66-D9AA8AFF4A69	SUBJECT_PROCESS	0C51AAE3-0594-4A51-9405-4FC4214A0041	FILE_OBJECT_FILE	EVENT_READ	1523030690756113223
3C812FE2-39B4-11E8-BF66-D9AA8AFF4A69	SUBJECT_PROCESS	0C51AAE3-0594-4A51-9405-4FC4214A0041	FILE_OBJECT_FILE	EVENT_READ	1523030690756113223
3C812FE2-39B4-11E8-BF66-D9AA8AFF4A69	SUBJECT_PROCESS	0C51AAE3-0594-4A51-9405-4FC4214A0041	FILE_OBJECT_FILE	EVENT_READ	1523030690756113223
3C812FE2-39B4-11E8-BF66-D9AA8AFF4A69	SUBJECT_PROCESS	0C51AAE3-0594-4A51-9405-4FC4214A0041	FILE_OBJECT_FILE	EVENT_LSEEK	1523030690756113223
3C812FE2-39B4-11E8-BF66-D9AA8AFF4A69	SUBJECT_PROCESS	0C51AAE3-0594-4A51-9405-4FC4214A0041	FILE_OBJECT_FILE	EVENT_READ	1523030690756113223
3C812FE2-39B4-11E8-BF66-D9AA8AFF4A69	SUBJECT_PROCESS	0C51AAE3-0594-4A51-9405-4FC4214A0041	FILE_OBJECT_FILE	EVENT_LSEEK	1523030690756113223
3C812FE2-39B4-11E8-BF66-D9AA8AFF4A69	SUBJECT_PROCESS	0C51AAE3-0594-4A51-9405-4FC4214A0041	FILE_OBJECT_FILE	EVENT_READ	1523030690756113223
3C812FE2-39B4-11E8-BF66-D9AA8AFF4A69	SUBJECT_PROCESS	0C51AAE3-0594-4A51-9405-4FC4214A0041	FILE_OBJECT_FILE	EVENT_LSEEK	1523030690756113223
3C812FE2-39B4-11E8-BF66-D9AA8AFF4A69	SUBJECT_PROCESS	0C51AAE3-0594-4A51-9405-4FC4214A0041	FILE_OBJECT_FILE	EVENT_READ	1523030690756113223
3C812FE2-39B4-11E8-BF66-D9AA8AFF4A69	SUBJECT_PROCESS	0C51AAE3-0594-4A51-9405-4FC4214A0041	FILE_OBJECT_FILE	EVENT_READ	1523030690756113223
3C812FE2-39B4-11E8-BF66-D9AA8AFF4A69	SUBJECT_PROCESS	0C51AAE3-0594-4A51-9405-4FC4214A0041	FILE_OBJECT_FILE	EVENT_LSEEK	1523030690756113223
3C812FE2-39B4-11E8-BF66-D9AA8AFF4A69	SUBJECT_PROCESS	0C51AAE3-0594-4A51-9405-4FC4214A0041	FILE_OBJECT_FILE	EVENT_READ	1523030690756113223
3C812FE2-39B4-11E8-BF66-D9AA8AFF4A69	SUBJECT_PROCESS	0C51AAE3-0594-4A51-9405-4FC4214A0041	FILE_OBJECT_FILE	EVENT_READ	1523030690756113223
3C812FE2-39B4-11E8-BF66-D9AA8AFF4A69	SUBJECT_PROCESS	0C51AAE3-0594-4A51-9405-4FC4214A0041	FILE_OBJECT_FILE	EVENT_READ	1523030690756113223
3C812FE2-39B4-11E8-BF66-D9AA8AFF4A69	SUBJECT_PROCESS	0C51AAE3-0594-4A51-9405-4FC4214A0041	FILE_OBJECT_FILE	EVENT_READ	1523030690756113223
3C812FE2-39B4-11E8-BF66-D9AA8AFF4A69	SUBJECT_PROCESS	0C51AAE3-0594-4A51-9405-4FC4214A0041	FILE_OBJECT_FILE	EVENT_READ	1523030690756113223
3C812FE2-39B4-11E8-BF66-D9AA8AFF4A69	SUBJECT_PROCESS	0C51AAE3-0594-4A51-9405-4FC4214A0041	FILE_OBJECT_FILE	EVENT_READ	1523030690766115783
3C812FE2-39B4-11E8-BF66-D9AA8AFF4A69	SUBJECT_PROCESS	0C51AAE3-0594-4A51-9405-4FC4214A0041	FILE_OBJECT_FILE	EVENT_LSEEK	1523030690766115783
3C812FE2-39B4-11E8-BF66-D9AA8AFF4A69	SUBJECT_PROCESS	0C51AAE3-0594-4A51-9405-4FC4214A0041	FILE_OBJECT_FILE	EVENT_READ	1523030690766115783
3C812FE2-39B4-11E8-BF66-D9AA8AFF4A69	SUBJECT_PROCESS	0C51AAE3-0594-4A51-9405-4FC4214A0041	FILE_OBJECT_FILE	EVENT_LSEEK	1523030690766115783
3C812FE2-39B4-11E8-BF66-D9AA8AFF4A69	SUBJECT_PROCESS	0C51AAE3-0594-4A51-9405-4FC4214A0041	FILE_OBJECT_FILE	EVENT_READ	1523030690766115783
3C812FE2-39B4-11E8-BF66-D9AA8AFF4A69	SUBJECT_PROCESS	0C51AAE3-0594-4A51-9405-4FC4214A0041	FILE_OBJECT_FILE	EVENT_READ	1523030690766115783
3C812FE2-39B4-11E8-BF66-D9AA8AFF4A69	SUBJECT_PROCESS	0C51AAE3-0594-4A51-9405-4FC4214A0041	FILE_OBJECT_FILE	EVENT_LSEEK	1523030690766115783
3C812FE2-39B4-11E8-BF66-D9AA8AFF4A69	SUBJECT_PROCESS	0C51AAE3-0594-4A51-9405-4FC4214A0041	FILE_OBJECT_FILE	EVENT_READ	1523030690766115783
3C812FE2-39B4-11E8-BF66-D9AA8AFF4A69	SUBJECT_PROCESS	0C51AAE3-0594-4A51-9405-4FC4214A0041	FILE_OBJECT_FILE	EVENT_READ	1523030690766115783
3C812FE2-39B4-11E8-BF66-D9AA8AFF4A69	SUBJECT_PROCESS	0C51AAE3-0594-4A51-9405-4FC4214A0041	FILE_OBJECT_FILE	EVENT_LSEEK	1523030690766115783
3C812FE2-39B4-11E8-BF66-D9AA8AFF4A69	SUBJECT_PROCESS	0C51AAE3-0594-4A51-9405-4FC4214A0041	FILE_OBJECT_FILE	EVENT_READ	1523030690766115783
3C812FE2-39B4-11E8-BF66-D9AA8AFF4A69	SUBJECT_PROCESS	0C51AAE3-0594-4A51-9405-4FC4214A0041	FILE_OBJECT_FILE	EVENT_LSEEK	1523030690766115783
3C812FE2-39B4-11E8-BF66-D9AA8AFF4A69	SUBJECT_PROCESS	0C51AAE3-0594-4A51-9405-4FC4214A0041	FILE_OBJECT_FILE	EVENT_READ	1523030690766115783
3C812FE2-39B4-11E8-BF66-D9AA8AFF4A69	SUBJECT_PROCESS	0C51AAE3-0594-4A51-9405-4FC4214A0041	FILE_OBJECT_FILE	EVENT_READ	1523030690766115783
3C812FE2-39B4-11E8-BF66-D9AA8AFF4A69	SUBJECT_PROCESS	0C51AAE3-0594-4A51-9405-4FC4214A0041	FILE_OBJECT_FILE	EVENT_READ	1523030690766115783
3C812FE2-39B4-11E8-BF66-D9AA8AFF4A69	SUBJECT_PROCESS	0C51AAE3-0594-4A51-9405-4FC4214A0041	FILE_OBJECT_FILE	EVENT_READ	1523030690766115783
3C812FE2-39B4-11E8-BF66-D9AA8AFF4A69	SUBJECT_PROCESS	0C51AAE3-0594-4A51-9405-4FC4214A0041	FILE_OBJECT_FILE	EVENT_READ	1523030690766115783
3C812FE2-39B4-11E8-BF66-D9AA8AFF4A69	SUBJECT_PROCESS	0C51AAE3-0594-4A51-9405-4FC4214A0041	FILE_OBJECT_FILE	EVENT_LSEEK	1523030690766115783
3C812FE2-39B4-11E8-BF66-D9AA8AFF4A69	SUBJECT_PROCESS	0C51AAE3-0594-4A51-9405-4FC4214A0041	FILE_OBJECT_FILE	EVENT_READ	1523030690766115783
3C812FE2-39B4-11E8-BF66-D9AA8AFF4A69	SUBJECT_PROCESS	0C51AAE3-0594-4A51-9405-4FC4214A0041	FILE_OBJECT_FILE	EVENT_LSEEK	1523030690766115783
3C812FE2-39B4-11E8-BF66-D9AA8AFF4A69	SUBJECT_PROCESS	0C51AAE3-0594-4A51-9405-4FC4214A0041	FILE_OBJECT_FILE	EVENT_READ	1523030690766115783
3C812FE2-39B4-11E8-BF66-D9AA8AFF4A69	SUBJECT_PROCESS	0C51AAE3-0594-4A51-9405-4FC4214A0041	FILE_OBJECT_FILE	EVENT_LSEEK	1523030690766115783
3C812FE2-39B4-11E8-BF66-D9AA8AFF4A69	SUBJECT_PROCESS	0C51AAE3-0594-4A51-9405-4FC4214A0041	FILE_OBJECT_FILE	EVENT_READ	1523030690766115783
3C812FE2-39B4-11E8-BF66-D9AA8AFF4A69	SUBJECT_PROCESS	0C51AAE3-0594-4A51-9405-4FC4214A0041	FILE_OBJECT_FILE	EVENT_LSEEK	1523030690766115783
3C812FE2-39B4-11E8-BF66-D9AA8AFF4A69	SUBJECT_PROCESS	0C51AAE3-0594-4A51-9405-4FC4214A0041	FILE_OBJECT_FILE	EVENT_READ	1523030690766115783
3C812FE2-39B4-11E8-BF66-D9AA8AFF4A69	SUBJECT_PROCESS	0C51AAE3-0594-4A51-9405-4FC4214A0041	FILE_OBJECT_FILE	EVENT_LSEEK	1523030690766115783
3C812FE2-39B4-11E8-BF66-D9AA8AFF4A69	SUBJECT_PROCESS	0C51AAE3-0594-4A51-9405-4FC4214A0041	FILE_OBJECT_FILE	EVENT_READ	1523030690766115783
3C812FE2-39B4-11E8-BF66-D9AA8AFF4A69	SUBJECT_PROCESS	0C51AAE3-0594-4A51-9405-4FC4214A0041	FILE_OBJECT_FILE	EVENT_LSEEK	1523030690766115783
3C812FE2-39B4-11E8-BF66-D9AA8AFF4A69	SUBJECT_PROCESS	0C51AAE3-0594-4A51-9405-4FC4214A0041	FILE_OBJECT_FILE	EVENT_READ	1523030690766115783
3C812FE2-39B4-11E8-BF66-D9AA8AFF4A69	SUBJECT_PROCESS	0C51AAE3-0594-4A51-9405-4FC4214A0041	FILE_OBJECT_FILE	EVENT_READ	1523030690766115783
3C812FE2-39B4-11E8-BF66-D9AA8AFF4A69	SUBJECT_PROCESS	0C51AAE3-0594-4A51-9405-4FC4214A0041	FILE_OBJECT_FILE	EVENT_READ	1523030690766115783
3C812FE2-39B4-11E8-BF66-D9AA8AFF4A69	SUBJECT_PROCESS	0C51AAE3-0594-4A51-9405-4FC4214A0041	FILE_OBJECT_FILE	EVENT_LSEEK	1523030690776114294
3C812FE2-39B4-11E8-BF66-D9AA8AFF4A69	SUBJECT_PROCESS	0C51AAE3-0594-4A51-9405-4FC4214A0041	FILE_OBJECT_FILE	EVENT_READ	1523030690776114294
3C812FE2-39B4-11E8-BF66-D9AA8AFF4A69	SUBJECT_PROCESS	0C51AAE3-0594-4A51-9405-4FC4214A0041	FILE_OBJECT_FILE	EVENT_LSEEK	1523030690776114294
3C812FE2-39B4-11E8-BF66-D9AA8AFF4A69	SUBJECT_PROCESS	0C51AAE3-0594-4A51-9405-4FC4214A0041	FILE_OBJECT_FILE	EVENT_READ	1523030690776114294
3C812FE2-39B4-11E8-BF66-D9AA8AFF4A69	SUBJECT_PROCESS	0C51AAE3-0594-4A51-9405-4FC4214A0041	FILE_OBJECT_FILE	EVENT_LSEEK	1523030690776114294
3C812FE2-39B4-11E8-BF66-D9AA8AFF4A69	SUBJECT_PROCESS	0C51AAE3-0594-4A51-9405-4FC4214A0041	FILE_OBJECT_FILE	EVENT_READ	1523030690776114294
3C812FE2-39B4-11E8-BF66-D9AA8AFF4A69	SUBJECT_PROCESS	0C51AAE3-0594-4A51-9405-4FC4214A0041	FILE_OBJECT_FILE	EVENT_LSEEK	1523030690776114294
3C812FE2-39B4-11E8-BF66-D9AA8AFF4A69	SUBJECT_PROCESS	0C51AAE3-0594-4A51-9405-4FC4214A0041	FILE_OBJECT_FILE	EVENT_READ	1523030690776114294
3C812FE2-39B4-11E8-BF66-D9AA8AFF4A69	SUBJECT_PROCESS	0C51AAE3-0594-4A51-9405-4FC4214A0041	FILE_OBJECT_FILE	EVENT_LSEEK	1523030690776114294
3C812FE2-39B4-11E8-BF66-D9AA8AFF4A69	SUBJECT_PROCESS	0C51AAE3-0594-4A51-9405-4FC4214A0041	FILE_OBJECT_FILE	EVENT_READ	1523030690776114294
3C812FE2-39B4-11E8-BF66-D9AA8AFF4A69	SUBJECT_PROCESS	0C51AAE3-0594-4A51-9405-4FC4214A0041	FILE_OBJECT_FILE	EVENT_LSEEK	1523030690776114294
3C812FE2-39B4-11E8-BF66-D9AA8AFF4A69	SUBJECT_PROCESS	0C51AAE3-0594-4A51-9405-4FC4214A0041	FILE_OBJECT_FILE	EVENT_READ	1523030690776114294
3C812FE2-39B4-11E8-BF66-D9AA8AFF4A69	SUBJECT_PROCESS	0C51AAE3-0594-4A51-9405-4FC4214A0041	FILE_OBJECT_FILE	EVENT_LSEEK	1523030690776114294
3C812FE2-39B4-11E8-BF66-D9AA8AFF4A69	SUBJECT_PROCESS	0C51AAE3-0594-4A51-9405-4FC4214A0041	FILE_OBJECT_FILE	EVENT_READ	1523030690776114294
3C812FE2-39B4-11E8-BF66-D9AA8AFF4A69	SUBJECT_PROCESS	0C51AAE3-0594-4A51-9405-4FC4214A0041	FILE_OBJECT_FILE	EVENT_LSEEK	1523030690776114294
3C812FE2-39B4-11E8-BF66-D9AA8AFF4A69	SUBJECT_PROCESS	0C51AAE3-0594-4A51-9405-4FC4214A0041	FILE_OBJECT_FILE	EVENT_READ	1523030690776114294
3C812FE2-39B4-11E8-BF66-D9AA8AFF4A69	SUBJECT_PROCESS	0C51AAE3-0594-4A51-9405-4FC4214A0041	FILE_OBJECT_FILE	EVENT_READ	1523030690776114294
3C812FE2-39B4-11E8-BF66-D9AA8AFF4A69	SUBJECT_PROCESS	0C51AAE3-0594-4A51-9405-4FC4214A0041	FILE_OBJECT_FILE	EVENT_READ	1523030690776114294
3C812FE2-39B4-11E8-BF66-D9AA8AFF4A69	SUBJECT_PROCESS	0C51AAE3-0594-4A51-9405-4FC4214A0041	FILE_OBJECT_FILE	EVENT_LSEEK	1523030690776114294
3C812FE2-39B4-11E8-BF66-D9AA8AFF4A69	SUBJECT_PROCESS	0C51AAE3-0594-4A51-9405-4FC4214A0041	FILE_OBJECT_FILE	EVENT_READ	1523030690776114294
3C812FE2-39B4-11E8-BF66-D9AA8AFF4A69	SUBJECT_PROCESS	0C51AAE3-0594-4A51-9405-4FC4214A0041	FILE_OBJECT_FILE	EVENT_READ	1523030690776114294
3C812FE2-39B4-11E8-BF66-D9AA8AFF4A69	SUBJECT_PROCESS	0C51AAE3-0594-4A51-9405-4FC4214A0041	FILE_OBJECT_FILE	EVENT_READ	1523030690776114294
3C812FE2-39B4-11E8-BF66-D9AA8AFF4A69	SUBJECT_PROCESS	0C51AAE3-0594-4A51-9405-4FC4214A0041	FILE_OBJECT_FILE	EVENT_LSEEK	1523030690776114294
3C812FE2-39B4-11E8-BF66-D9AA8AFF4A69	SUBJECT_PROCESS	0C51AAE3-0594-4A51-9405-4FC4214A0041	FILE_OBJECT_FILE	EVENT_READ	1523030690776114294
3C812FE2-39B4-11E8-BF66-D9AA8AFF4A69	SUBJECT_PROCESS	0C51AAE3-0594-4A51-9405-4FC4214A0041	FILE_OBJECT_FILE	EVENT_READ	1523030690776114294
3C812FE2-39B4-11E8-BF66-D9AA8AFF4A69	SUBJECT_PROCESS	0C51AAE3-0594-4A51-9405-4FC4214A0041	FILE_OBJECT_FILE	EVENT_READ	1523030690776114294
3C812FE2-39B4-11E8-BF66-D9AA8AFF4A69	SUBJECT_PROCESS	0C51AAE3-0594-4A51-9405-4FC4214A0041	FILE_OBJECT_FILE	EVENT_LSEEK	1523030690776114294
3C812FE2-39B4-11E8-BF66-D9AA8AFF4A69	SUBJECT_PROCESS	0C51AAE3-0594-4A51-9405-4FC4214A0041	FILE_OBJECT_FILE	EVENT_READ	1523030690776114294
3C812FE2-39B4-11E8-BF66-D9AA8AFF4A69	SUBJECT_PROCESS	0C51AAE3-0594-4A51-9405-4FC4214A0041	FILE_OBJECT_FILE	EVENT_LSEEK	1523030690776114294
3C812FE2-39B4-11E8-BF66-D9AA8AFF4A69	SUBJECT_PROCESS	0C51AAE3-0594-4A51-9405-4FC4214A0041	FILE_OBJECT_FILE	EVENT_READ	1523030690776114294
3C812FE2-39B4-11E8-BF66-D9AA8AFF4A69	SUBJECT_PROCESS	0C51AAE3-0594-4A51-9405-4FC4214A0041	FILE_OBJECT_FILE	EVENT_LSEEK	1523030690786117255
3C812FE2-39B4-11E8-BF66-D9AA8AFF4A69	SUBJECT_PROCESS	0C51AAE3-0594-4A51-9405-4FC4214A0041	FILE_OBJECT_FILE	EVENT_READ	1523030690786117255
3C812FE2-39B4-11E8-BF66-D9AA8AFF4A69	SUBJECT_PROCESS	0C51AAE3-0594-4A51-9405-4FC4214A0041	FILE_OBJECT_FILE	EVENT_READ	1523030690786117255
3C812FE2-39B4-11E8-BF66-D9AA8AFF4A69	SUBJECT_PROCESS	0C51AAE3-0594-4A51-9405-4FC4214A0041	FILE_OBJECT_FILE	EVENT_LSEEK	1523030690786117255
3C812FE2-39B4-11E8-BF66-D9AA8AFF4A69	SUBJECT_PROCESS	0C51AAE3-0594-4A51-9405-4FC4214A0041	FILE_OBJECT_FILE	EVENT_READ	1523030690786117255
3C812FE2-39B4-11E8-BF66-D9AA8AFF4A69	SUBJECT_PROCESS	0C51AAE3-0594-4A51-9405-4FC4214A0041	FILE_OBJECT_FILE	EVENT_READ	1523030690786117255
3C812FE2-39B4-11E8-BF66-D9AA8AFF4A69	SUBJECT_PROCESS	0C51AAE3-0594-4A51-9405-4FC4214A0041	FILE_OBJECT_FILE	EVENT_LSEEK	1523030690786117255
3C812FE2-39B4-11E8-BF66-D9AA8AFF4A69	SUBJECT_PROCESS	0C51AAE3-0594-4A51-9405-4FC4214A0041	FILE_OBJECT_FILE	EVENT_READ	1523030690786117255
3C812FE2-39B4-11E8-BF66-D9AA8AFF4A69	SUBJECT_PROCESS	0C51AAE3-0594-4A51-9405-4FC4214A0041	FILE_OBJECT_FILE	EVENT_LSEEK	1523030690786117255
3C812FE2-39B4-11E8-BF66-D9AA8AFF4A69	SUBJECT_PROCESS	0C51AAE3-0594-4A51-9405-4FC4214A0041	FILE_OBJECT_FILE	EVENT_READ	1523030690786117255
3C812FE2-39B4-11E8-BF66-D9AA8AFF4A69	SUBJECT_PROCESS	0C51AAE3-0594-4A51-9405-4FC4214A0041	FILE_OBJECT_FILE	EVENT_LSEEK	1523030690786117255
3C812FE2-39B4-11E8-BF66-D9AA8AFF4A69	SUBJECT_PROCESS	0C51AAE3-0594-4A51-9405-4FC4214A0041	FILE_OBJECT_FILE	EVENT_READ	1523030690786117255
3C812FE2-39B4-11E8-BF66-D9AA8AFF4A69	SUBJECT_PROCESS	0C51AAE3-0594-4A51-9405-4FC4214A0041	FILE_OBJECT_FILE	EVENT_READ	1523030690786117255
3C812FE2-39B4-11E8-BF66-D9AA8AFF4A69	SUBJECT_PROCESS	0C51AAE3-0594-4A51-9405-4FC4214A0041	FILE_OBJECT_FILE	EVENT_LSEEK	1523030690786117255
3C812FE2-39B4-11E8-BF66-D9AA8AFF4A69	SUBJECT_PROCESS	0C51AAE3-0594-4A51-9405-4FC4214A0041	FILE_OBJECT_FILE	EVENT_READ	1523030690786117255
3C812FE2-39B4-11E8-BF66-D9AA8AFF4A69	SUBJECT_PROCESS	0C51AAE3-0594-4A51-9405-4FC4214A0041	FILE_OBJECT_FILE	EVENT_READ	1523030690786117255
3C812FE2-39B4-11E8-BF66-D9AA8AFF4A69	SUBJECT_PROCESS	0C51AAE3-0594-4A51-9405-4FC4214A0041	FILE_OBJECT_FILE	EVENT_READ	1523030690786117255
3C812FE2-39B4-11E8-BF66-D9AA8AFF4A69	SUBJECT_PROCESS	0C51AAE3-0594-4A51-9405-4FC4214A0041	FILE_OBJECT_FILE	EVENT_READ	1523030690786117255
3C812FE2-39B4-11E8-BF66-D9AA8AFF4A69	SUBJECT_PROCESS	0C51AAE3-0594-4A51-9405-4FC4214A0041	FILE_OBJECT_FILE	EVENT_LSEEK	1523030690786117255
3C812FE2-39B4-11E8-BF66-D9AA8AFF4A69	SUBJECT_PROCESS	0C51AAE3-0594-4A51-9405-4FC4214A0041	FILE_OBJECT_FILE	EVENT_READ	1523030690786117255
3C812FE2-39B4-11E8-BF66-D9AA8AFF4A69	SUBJECT_PROCESS	0C51AAE3-0594-4A51-9405-4FC4214A0041	FILE_OBJECT_FILE	EVENT_READ	1523030690786117255
3C812FE2-39B4-11E8-BF66-D9AA8AFF4A69	SUBJECT_PROCESS	0C51AAE3-0594-4A51-9405-4FC4214A0041	FILE_OBJECT_FILE	EVENT_LSEEK	1523030690786117255
3C812FE2-39B4-11E8-BF66-D9AA8AFF4A69	SUBJECT_PROCESS	0C51AAE3-0594-4A51-9405-4FC4214A0041	FILE_OBJECT_FILE	EVENT_READ	1523030690786117255
3C812FE2-39B4-11E8-BF66-D9AA8AFF4A69	SUBJECT_PROCESS	0C51AAE3-0594-4A51-9405-4FC4214A0041	FILE_OBJECT_FILE	EVENT_READ	1523030690786117255
3C812FE2-39B4-11E8-BF66-D9AA8AFF4A69	SUBJECT_PROCESS	0C51AAE3-0594-4A51-9405-4FC4214A0041	FILE_OBJECT_FILE	EVENT_LSEEK	1523030690786117255
3C812FE2-39B4-11E8-BF66-D9AA8AFF4A69	SUBJECT_PROCESS	0C51AAE3-0594-4A51-9405-4FC4214A0041	FILE_OBJECT_FILE	EVENT_READ	1523030690786117255
3C812FE2-39B4-11E8-BF66-D9AA8AFF4A69	SUBJECT_PROCESS	0C51AAE3-0594-4A51-9405-4FC4214A0041	FILE_OBJECT_FILE	EVENT_LSEEK	1523030690786117255
3C812FE2-39B4-11E8-BF66-D9AA8AFF4A69	SUBJECT_PROCESS	0C51AAE3-0594-4A51-9405-4FC4214A0041	FILE_OBJECT_FILE	EVENT_READ	1523030690786117255
3C812FE2-39B4-11E8-BF66-D9AA8AFF4A69	SUBJECT_PROCESS	0C51AAE3-0594-4A51-9405-4FC4214A0041	FILE_OBJECT_FILE	EVENT_LSEEK	1523030690786117255
3C812FE2-39B4-11E8-BF66-D9AA8AFF4A69	SUBJECT_PROCESS	0C51AAE3-0594-4A51-9405-4FC4214A0041	FILE_OBJECT_FILE	EVENT_READ	1523030690786117255
3C812FE2-39B4-11E8-BF66-D9AA8AFF4A69	SUBJECT_PROCESS	0C51AAE3-0594-4A51-9405-4FC4214A0041	FILE_OBJECT_FILE	EVENT_LSEEK	1523030690786117255
3C812FE2-39B4-11E8-BF66-D9AA8AFF4A69	SUBJECT_PROCESS	0C51AAE3-0594-4A51-9405-4FC4214A0041	FILE_OBJECT_FILE	EVENT_READ	1523030690796112986
3C812FE2-39B4-11E8-BF66-D9AA8AFF4A69	SUBJECT_PROCESS	0C51AAE3-0594-4A51-9405-4FC4214A0041	FILE_OBJECT_FILE	EVENT_LSEEK	1523030690796112986
3C812FE2-39B4-11E8-BF66-D9AA8AFF4A69	SUBJECT_PROCESS	0C51AAE3-0594-4A51-9405-4FC4214A0041	FILE_OBJECT_FILE	EVENT_READ	1523030690796112986
3C812FE2-39B4-11E8-BF66-D9AA8AFF4A69	SUBJECT_PROCESS	0C51AAE3-0594-4A51-9405-4FC4214A0041	FILE_OBJECT_FILE	EVENT_LSEEK	1523030690796112986
3C812FE2-39B4-11E8-BF66-D9AA8AFF4A69	SUBJECT_PROCESS	0C51AAE3-0594-4A51-9405-4FC4214A0041	FILE_OBJECT_FILE	EVENT_READ	1523030690796112986
3C812FE2-39B4-11E8-BF66-D9AA8AFF4A69	SUBJECT_PROCESS	0C51AAE3-0594-4A51-9405-4FC4214A0041	FILE_OBJECT_FILE	EVENT_LSEEK	1523030690796112986
3C812FE2-39B4-11E8-BF66-D9AA8AFF4A69	SUBJECT_PROCESS	0C51AAE3-0594-4A51-9405-4FC4214A0041	FILE_OBJECT_FILE	EVENT_READ	1523030690796112986
3C812FE2-39B4-11E8-BF66-D9AA8AFF4A69	SUBJECT_PROCESS	0C51AAE3-0594-4A51-9405-4FC4214A0041	FILE_OBJECT_FILE	EVENT_LSEEK	1523030690796112986
3C812FE2-39B4-11E8-BF66-D9AA8AFF4A69	SUBJECT_PROCESS	0C51AAE3-0594-4A51-9405-4FC4214A0041	FILE_OBJECT_FILE	EVENT_READ	1523030690796112986
3C812FE2-39B4-11E8-BF66-D9AA8AFF4A69	SUBJECT_PROCESS	0C51AAE3-0594-4A51-9405-4FC4214A0041	FILE_OBJECT_FILE	EVENT_LSEEK	1523030690796112986
3C812FE2-39B4-11E8-BF66-D9AA8AFF4A69	SUBJECT_PROCESS	0C51AAE3-0594-4A51-9405-4FC4214A0041	FILE_OBJECT_FILE	EVENT_READ	1523030690796112986
3C812FE2-39B4-11E8-BF66-D9AA8AFF4A69	SUBJECT_PROCESS	0C51AAE3-0594-4A51-9405-4FC4214A0041	FILE_OBJECT_FILE	EVENT_LSEEK	1523030690796112986
3C812FE2-39B4-11E8-BF66-D9AA8AFF4A69	SUBJECT_PROCESS	0C51AAE3-0594-4A51-9405-4FC4214A0041	FILE_OBJECT_FILE	EVENT_READ	1523030690796112986
3C812FE2-39B4-11E8-BF66-D9AA8AFF4A69	SUBJECT_PROCESS	0C51AAE3-0594-4A51-9405-4FC4214A0041	FILE_OBJECT_FILE	EVENT_LSEEK	1523030690796112986
3C812FE2-39B4-11E8-BF66-D9AA8AFF4A69	SUBJECT_PROCESS	0C51AAE3-0594-4A51-9405-4FC4214A0041	FILE_OBJECT_FILE	EVENT_READ	1523030690796112986
3C812FE2-39B4-11E8-BF66-D9AA8AFF4A69	SUBJECT_PROCESS	0C51AAE3-0594-4A51-9405-4FC4214A0041	FILE_OBJECT_FILE	EVENT_LSEEK	1523030690796112986
3C812FE2-39B4-11E8-BF66-D9AA8AFF4A69	SUBJECT_PROCESS	0C51AAE3-0594-4A51-9405-4FC4214A0041	FILE_OBJECT_FILE	EVENT_READ	1523030690796112986
3C812FE2-39B4-11E8-BF66-D9AA8AFF4A69	SUBJECT_PROCESS	0C51AAE3-0594-4A51-9405-4FC4214A0041	FILE_OBJECT_FILE	EVENT_LSEEK	1523030690796112986
3C812FE2-39B4-11E8-BF66-D9AA8AFF4A69	SUBJECT_PROCESS	0C51AAE3-0594-4A51-9405-4FC4214A0041	FILE_OBJECT_FILE	EVENT_READ	1523030690796112986
3C812FE2-39B4-11E8-BF66-D9AA8AFF4A69	SUBJECT_PROCESS	0C51AAE3-0594-4A51-9405-4FC4214A0041	FILE_OBJECT_FILE	EVENT_LSEEK	1523030690796112986
3C812FE2-39B4-11E8-BF66-D9AA8AFF4A69	SUBJECT_PROCESS	0C51AAE3-0594-4A51-9405-4FC4214A0041	FILE_OBJECT_FILE	EVENT_READ	1523030690796112986
3C812FE2-39B4-11E8-BF66-D9AA8AFF4A69	SUBJECT_PROCESS	0C51AAE3-0594-4A51-9405-4FC4214A0041	FILE_OBJECT_FILE	EVENT_LSEEK	1523030690796112986
3C812FE2-39B4-11E8-BF66-D9AA8AFF4A69	SUBJECT_PROCESS	0C51AAE3-0594-4A51-9405-4FC4214A0041	FILE_OBJECT_FILE	EVENT_READ	1523030690796112986
3C812FE2-39B4-11E8-BF66-D9AA8AFF4A69	SUBJECT_PROCESS	0C51AAE3-0594-4A51-9405-4FC4214A0041	FILE_OBJECT_FILE	EVENT_LSEEK	1523030690796112986
3C812FE2-39B4-11E8-BF66-D9AA8AFF4A69	SUBJECT_PROCESS	0C51AAE3-0594-4A51-9405-4FC4214A0041	FILE_OBJECT_FILE	EVENT_READ	1523030690796112986
3C812FE2-39B4-11E8-BF66-D9AA8AFF4A69	SUBJECT_PROCESS	0C51AAE3-0594-4A51-9405-4FC4214A0041	FILE_OBJECT_FILE	EVENT_LSEEK	1523030690796112986
3C812FE2-39B4-11E8-BF66-D9AA8AFF4A69	SUBJECT_PROCESS	0C51AAE3-0594-4A51-9405-4FC4214A0041	FILE_OBJECT_FILE	EVENT_READ	1523030690796112986
3C812FE2-39B4-11E8-BF66-D9AA8AFF4A69	SUBJECT_PROCESS	0C51AAE3-0594-4A51-9405-4FC4214A0041	FILE_OBJECT_FILE	EVENT_LSEEK	1523030690796112986
3C812FE2-39B4-11E8-BF66-D9AA8AFF4A69	SUBJECT_PROCESS	0C51AAE3-0594-4A51-9405-4FC4214A0041	FILE_OBJECT_FILE	EVENT_READ	1523030690796112986
3C812FE2-39B4-11E8-BF66-D9AA8AFF4A69	SUBJECT_PROCESS	0C51AAE3-0594-4A51-9405-4FC4214A0041	FILE_OBJECT_FILE	EVENT_LSEEK	1523030690796112986
3C812FE2-39B4-11E8-BF66-D9AA8AFF4A69	SUBJECT_PROCESS	0C51AAE3-0594-4A51-9405-4FC4214A0041	FILE_OBJECT_FILE	EVENT_READ	1523030690796112986
3C812FE2-39B4-11E8-BF66-D9AA8AFF4A69	SUBJECT_PROCESS	0C51AAE3-0594-4A51-9405-4FC4214A0041	FILE_OBJECT_FILE	EVENT_LSEEK	1523030690796112986
3C812FE2-39B4-11E8-BF66-D9AA8AFF4A69	SUBJECT_PROCESS	0C51AAE3-0594-4A51-9405-4FC4214A0041	FILE_OBJECT_FILE	EVENT_READ	1523030690796112986
3C812FE2-39B4-11E8-BF66-D9AA8AFF4A69	SUBJECT_PROCESS	0C51AAE3-0594-4A51-9405-4FC4214A0041	FILE_OBJECT_FILE	EVENT_LSEEK	1523030690806114037
3C812FE2-39B4-11E8-BF66-D9AA8AFF4A69	SUBJECT_PROCESS	0C51AAE3-0594-4A51-9405-4FC4214A0041	FILE_OBJECT_FILE	EVENT_READ	1523030690806114037
3C812FE2-39B4-11E8-BF66-D9AA8AFF4A69	SUBJECT_PROCESS	0C51AAE3-0594-4A51-9405-4FC4214A0041	FILE_OBJECT_FILE	EVENT_LSEEK	1523030690806114037
3C812FE2-39B4-11E8-BF66-D9AA8AFF4A69	SUBJECT_PROCESS	0C51AAE3-0594-4A51-9405-4FC4214A0041	FILE_OBJECT_FILE	EVENT_READ	1523030690806114037
3C812FE2-39B4-11E8-BF66-D9AA8AFF4A69	SUBJECT_PROCESS	0C51AAE3-0594-4A51-9405-4FC4214A0041	FILE_OBJECT_FILE	EVENT_LSEEK	1523030690806114037
3C812FE2-39B4-11E8-BF66-D9AA8AFF4A69	SUBJECT_PROCESS	0C51AAE3-0594-4A51-9405-4FC4214A0041	FILE_OBJECT_FILE	EVENT_READ	1523030690806114037
3C812FE2-39B4-11E8-BF66-D9AA8AFF4A69	SUBJECT_PROCESS	0C51AAE3-0594-4A51-9405-4FC4214A0041	FILE_OBJECT_FILE	EVENT_LSEEK	1523030690806114037
3C812FE2-39B4-11E8-BF66-D9AA8AFF4A69	SUBJECT_PROCESS	0C51AAE3-0594-4A51-9405-4FC4214A0041	FILE_OBJECT_FILE	EVENT_READ	1523030690806114037
3C812FE2-39B4-11E8-BF66-D9AA8AFF4A69	SUBJECT_PROCESS	0C51AAE3-0594-4A51-9405-4FC4214A0041	FILE_OBJECT_FILE	EVENT_LSEEK	1523030690806114037
3C812FE2-39B4-11E8-BF66-D9AA8AFF4A69	SUBJECT_PROCESS	0C51AAE3-0594-4A51-9405-4FC4214A0041	FILE_OBJECT_FILE	EVENT_READ	1523030690806114037
3C812FE2-39B4-11E8-BF66-D9AA8AFF4A69	SUBJECT_PROCESS	0C51AAE3-0594-4A51-9405-4FC4214A0041	FILE_OBJECT_FILE	EVENT_LSEEK	1523030690806114037
3C812FE2-39B4-11E8-BF66-D9AA8AFF4A69	SUBJECT_PROCESS	0C51AAE3-0594-4A51-9405-4FC4214A0041	FILE_OBJECT_FILE	EVENT_READ	1523030690806114037
3C812FE2-39B4-11E8-BF66-D9AA8AFF4A69	SUBJECT_PROCESS	0C51AAE3-0594-4A51-9405-4FC4214A0041	FILE_OBJECT_FILE	EVENT_LSEEK	1523030690806114037
3C812FE2-39B4-11E8-BF66-D9AA8AFF4A69	SUBJECT_PROCESS	0C51AAE3-0594-4A51-9405-4FC4214A0041	FILE_OBJECT_FILE	EVENT_READ	1523030690806114037
3C812FE2-39B4-11E8-BF66-D9AA8AFF4A69	SUBJECT_PROCESS	0C51AAE3-0594-4A51-9405-4FC4214A0041	FILE_OBJECT_FILE	EVENT_LSEEK	1523030690806114037
3C812FE2-39B4-11E8-BF66-D9AA8AFF4A69	SUBJECT_PROCESS	0C51AAE3-0594-4A51-9405-4FC4214A0041	FILE_OBJECT_FILE	EVENT_READ	1523030690806114037
3C812FE2-39B4-11E8-BF66-D9AA8AFF4A69	SUBJECT_PROCESS	0C51AAE3-0594-4A51-9405-4FC4214A0041	FILE_OBJECT_FILE	EVENT_LSEEK	1523030690806114037
3C812FE2-39B4-11E8-BF66-D9AA8AFF4A69	SUBJECT_PROCESS	0C51AAE3-0594-4A51-9405-4FC4214A0041	FILE_OBJECT_FILE	EVENT_READ	1523030690806114037
3C812FE2-39B4-11E8-BF66-D9AA8AFF4A69	SUBJECT_PROCESS	0C51AAE3-0594-4A51-9405-4FC4214A0041	FILE_OBJECT_FILE	EVENT_LSEEK	1523030690806114037
3C812FE2-39B4-11E8-BF66-D9AA8AFF4A69	SUBJECT_PROCESS	0C51AAE3-0594-4A51-9405-4FC4214A0041	FILE_OBJECT_FILE	EVENT_READ	1523030690806114037
3C812FE2-39B4-11E8-BF66-D9AA8AFF4A69	SUBJECT_PROCESS	0C51AAE3-0594-4A51-9405-4FC4214A0041	FILE_OBJECT_FILE	EVENT_LSEEK	1523030690806114037
3C812FE2-39B4-11E8-BF66-D9AA8AFF4A69	SUBJECT_PROCESS	0C51AAE3-0594-4A51-9405-4FC4214A0041	FILE_OBJECT_FILE	EVENT_READ	1523030690806114037
3C812FE2-39B4-11E8-BF66-D9AA8AFF4A69	SUBJECT_PROCESS	0C51AAE3-0594-4A51-9405-4FC4214A0041	FILE_OBJECT_FILE	EVENT_LSEEK	1523030690806114037
3C812FE2-39B4-11E8-BF66-D9AA8AFF4A69	SUBJECT_PROCESS	0C51AAE3-0594-4A51-9405-4FC4214A0041	FILE_OBJECT_FILE	EVENT_READ	1523030690806114037
3C812FE2-39B4-11E8-BF66-D9AA8AFF4A69	SUBJECT_PROCESS	0C51AAE3-0594-4A51-9405-4FC4214A0041	FILE_OBJECT_FILE	EVENT_LSEEK	1523030690806114037
3C812FE2-39B4-11E8-BF66-D9AA8AFF4A69	SUBJECT_PROCESS	0C51AAE3-0594-4A51-9405-4FC4214A0041	FILE_OBJECT_FILE	EVENT_READ	1523030690806114037
3C812FE2-39B4-11E8-BF66-D9AA8AFF4A69	SUBJECT_PROCESS	0C51AAE3-0594-4A51-9405-4FC4214A0041	FILE_OBJECT_FILE	EVENT_LSEEK	1523030690806114037
3C812FE2-39B4-11E8-BF66-D9AA8AFF4A69	SUBJECT_PROCESS	0C51AAE3-0594-4A51-9405-4FC4214A0041	FILE_OBJECT_FILE	EVENT_READ	1523030690806114037
3C812FE2-39B4-11E8-BF66-D9AA8AFF4A69	SUBJECT_PROCESS	0C51AAE3-0594-4A51-9405-4FC4214A0041	FILE_OBJECT_FILE	EVENT_LSEEK	1523030690806114037
3C812FE2-39B4-11E8-BF66-D9AA8AFF4A69	SUBJECT_PROCESS	0C51AAE3-0594-4A51-9405-4FC4214A0041	FILE_OBJECT_FILE	EVENT_READ	1523030690806114037
3C812FE2-39B4-11E8-BF66-D9AA8AFF4A69	SUBJECT_PROCESS	0C51AAE3-0594-4A51-9405-4FC4214A0041	FILE_OBJECT_FILE	EVENT_LSEEK	1523030690806114037
3C812FE2-39B4-11E8-BF66-D9AA8AFF4A69	SUBJECT_PROCESS	0C51AAE3-0594-4A51-9405-4FC4214A0041	FILE_OBJECT_FILE	EVENT_READ	1523030690806114037
3C812FE2-39B4-11E8-BF66-D9AA8AFF4A69	SUBJECT_PROCESS	0C51AAE3-0594-4A51-9405-4FC4214A0041	FILE_OBJECT_FILE	EVENT_LSEEK	1523030690816114337
3C812FE2-39B4-11E8-BF66-D9AA8AFF4A69	SUBJECT_PROCESS	0C51AAE3-0594-4A51-9405-4FC4214A0041	FILE_OBJECT_FILE	EVENT_READ	1523030690816114337
3C812FE2-39B4-11E8-BF66-D9AA8AFF4A69	SUBJECT_PROCESS	0C51AAE3-0594-4A51-9405-4FC4214A0041	FILE_OBJECT_FILE	EVENT_LSEEK	1523030690816114337
3C812FE2-39B4-11E8-BF66-D9AA8AFF4A69	SUBJECT_PROCESS	0C51AAE3-0594-4A51-9405-4FC4214A0041	FILE_OBJECT_FILE	EVENT_READ	1523030690816114337
3C812FE2-39B4-11E8-BF66-D9AA8AFF4A69	SUBJECT_PROCESS	0C51AAE3-0594-4A51-9405-4FC4214A0041	FILE_OBJECT_FILE	EVENT_LSEEK	1523030690816114337
72FB0406-3678-11E8-BF66-D9AA8AFF4A69	SUBJECT_PROCESS	3BFC2A72-39B4-11E8-BF66-D9AA8AFF4A69	FILE_OBJECT_UNIX_SOCKET	EVENT_CLOSE	1523030690816114337
3C812FE2-39B4-11E8-BF66-D9AA8AFF4A69	SUBJECT_PROCESS	0C51AAE3-0594-4A51-9405-4FC4214A0041	FILE_OBJECT_FILE	EVENT_READ	1523030690816114337
3C812FE2-39B4-11E8-BF66-D9AA8AFF4A69	SUBJECT_PROCESS	0C51AAE3-0594-4A51-9405-4FC4214A0041	FILE_OBJECT_FILE	EVENT_LSEEK	1523030690816114337
72FB0406-3678-11E8-BF66-D9AA8AFF4A69	SUBJECT_PROCESS	3BFC2B0F-39B4-11E8-BF66-D9AA8AFF4A69	FILE_OBJECT_UNIX_SOCKET	EVENT_CLOSE	1523030690816114337
3C812FE2-39B4-11E8-BF66-D9AA8AFF4A69	SUBJECT_PROCESS	0C51AAE3-0594-4A51-9405-4FC4214A0041	FILE_OBJECT_FILE	EVENT_READ	1523030690816114337
3C812FE2-39B4-11E8-BF66-D9AA8AFF4A69	SUBJECT_PROCESS	0C51AAE3-0594-4A51-9405-4FC4214A0041	FILE_OBJECT_FILE	EVENT_LSEEK	1523030690816114337
3C812FE2-39B4-11E8-BF66-D9AA8AFF4A69	SUBJECT_PROCESS	0C51AAE3-0594-4A51-9405-4FC4214A0041	FILE_OBJECT_FILE	EVENT_READ	1523030690816114337
72FB0406-3678-11E8-BF66-D9AA8AFF4A69	SUBJECT_PROCESS	3C967AF1-39B4-11E8-BF66-D9AA8AFF4A69	FILE_OBJECT_UNIX_SOCKET	EVENT_CREATE_OBJECT	1523030690816114337
72FB0406-3678-11E8-BF66-D9AA8AFF4A69	SUBJECT_PROCESS	3C967B92-39B4-11E8-BF66-D9AA8AFF4A69	FILE_OBJECT_UNIX_SOCKET	EVENT_CREATE_OBJECT	1523030690816114337
3C812FE2-39B4-11E8-BF66-D9AA8AFF4A69	SUBJECT_PROCESS	0C51AAE3-0594-4A51-9405-4FC4214A0041	FILE_OBJECT_FILE	EVENT_LSEEK	1523030690816114337
3C812FE2-39B4-11E8-BF66-D9AA8AFF4A69	SUBJECT_PROCESS	0C51AAE3-0594-4A51-9405-4FC4214A0041	FILE_OBJECT_FILE	EVENT_READ	1523030690816114337
3C812FE2-39B4-11E8-BF66-D9AA8AFF4A69	SUBJECT_PROCESS	0C51AAE3-0594-4A51-9405-4FC4214A0041	FILE_OBJECT_FILE	EVENT_LSEEK	1523030690816114337
3C812FE2-39B4-11E8-BF66-D9AA8AFF4A69	SUBJECT_PROCESS	0C51AAE3-0594-4A51-9405-4FC4214A0041	FILE_OBJECT_FILE	EVENT_READ	1523030690816114337
3C812FE2-39B4-11E8-BF66-D9AA8AFF4A69	SUBJECT_PROCESS	0C51AAE3-0594-4A51-9405-4FC4214A0041	FILE_OBJECT_FILE	EVENT_LSEEK	1523030690816114337
3C812FE2-39B4-11E8-BF66-D9AA8AFF4A69	SUBJECT_PROCESS	0C51AAE3-0594-4A51-9405-4FC4214A0041	FILE_OBJECT_FILE	EVENT_READ	1523030690816114337
3C812FE2-39B4-11E8-BF66-D9AA8AFF4A69	SUBJECT_PROCESS	0C51AAE3-0594-4A51-9405-4FC4214A0041	FILE_OBJECT_FILE	EVENT_LSEEK	1523030690816114337
3C812FE2-39B4-11E8-BF66-D9AA8AFF4A69	SUBJECT_PROCESS	0C51AAE3-0594-4A51-9405-4FC4214A0041	FILE_OBJECT_FILE	EVENT_READ	1523030690816114337
3C812FE2-39B4-11E8-BF66-D9AA8AFF4A69	SUBJECT_PROCESS	0C51AAE3-0594-4A51-9405-4FC4214A0041	FILE_OBJECT_FILE	EVENT_LSEEK	1523030690816114337
3C812FE2-39B4-11E8-BF66-D9AA8AFF4A69	SUBJECT_PROCESS	0C51AAE3-0594-4A51-9405-4FC4214A0041	FILE_OBJECT_FILE	EVENT_READ	1523030690816114337
3C812FE2-39B4-11E8-BF66-D9AA8AFF4A69	SUBJECT_PROCESS	0C51AAE3-0594-4A51-9405-4FC4214A0041	FILE_OBJECT_FILE	EVENT_LSEEK	1523030690816114337
3C812FE2-39B4-11E8-BF66-D9AA8AFF4A69	SUBJECT_PROCESS	0C51AAE3-0594-4A51-9405-4FC4214A0041	FILE_OBJECT_FILE	EVENT_READ	1523030690816114337
3C812FE2-39B4-11E8-BF66-D9AA8AFF4A69	SUBJECT_PROCESS	0C51AAE3-0594-4A51-9405-4FC4214A0041	FILE_OBJECT_FILE	EVENT_LSEEK	1523030690816114337
3C812FE2-39B4-11E8-BF66-D9AA8AFF4A69	SUBJECT_PROCESS	0C51AAE3-0594-4A51-9405-4FC4214A0041	FILE_OBJECT_FILE	EVENT_READ	1523030690816114337
3C812FE2-39B4-11E8-BF66-D9AA8AFF4A69	SUBJECT_PROCESS	0C51AAE3-0594-4A51-9405-4FC4214A0041	FILE_OBJECT_FILE	EVENT_LSEEK	1523030690816114337
3C812FE2-39B4-11E8-BF66-D9AA8AFF4A69	SUBJECT_PROCESS	0C51AAE3-0594-4A51-9405-4FC4214A0041	FILE_OBJECT_FILE	EVENT_READ	1523030690816114337
3C812FE2-39B4-11E8-BF66-D9AA8AFF4A69	SUBJECT_PROCESS	0C51AAE3-0594-4A51-9405-4FC4214A0041	FILE_OBJECT_FILE	EVENT_LSEEK	1523030690816114337
3C812FE2-39B4-11E8-BF66-D9AA8AFF4A69	SUBJECT_PROCESS	0C51AAE3-0594-4A51-9405-4FC4214A0041	FILE_OBJECT_FILE	EVENT_READ	1523030690816114337
3C812FE2-39B4-11E8-BF66-D9AA8AFF4A69	SUBJECT_PROCESS	0C51AAE3-0594-4A51-9405-4FC4214A0041	FILE_OBJECT_FILE	EVENT_LSEEK	1523030690816114337
3C812FE2-39B4-11E8-BF66-D9AA8AFF4A69	SUBJECT_PROCESS	0C51AAE3-0594-4A51-9405-4FC4214A0041	FILE_OBJECT_FILE	EVENT_READ	1523030690816114337
3C812FE2-39B4-11E8-BF66-D9AA8AFF4A69	SUBJECT_PROCESS	0C51AAE3-0594-4A51-9405-4FC4214A0041	FILE_OBJECT_FILE	EVENT_LSEEK	1523030690816114337
3C812FE2-39B4-11E8-BF66-D9AA8AFF4A69	SUBJECT_PROCESS	0C51AAE3-0594-4A51-9405-4FC4214A0041	FILE_OBJECT_FILE	EVENT_READ	1523030690816114337
3C812FE2-39B4-11E8-BF66-D9AA8AFF4A69	SUBJECT_PROCESS	0C51AAE3-0594-4A51-9405-4FC4214A0041	FILE_OBJECT_FILE	EVENT_LSEEK	1523030690816114337
3C812FE2-39B4-11E8-BF66-D9AA8AFF4A69	SUBJECT_PROCESS	0C51AAE3-0594-4A51-9405-4FC4214A0041	FILE_OBJECT_FILE	EVENT_READ	1523030690826113708
3C812FE2-39B4-11E8-BF66-D9AA8AFF4A69	SUBJECT_PROCESS	0C51AAE3-0594-4A51-9405-4FC4214A0041	FILE_OBJECT_FILE	EVENT_LSEEK	1523030690826113708
3C812FE2-39B4-11E8-BF66-D9AA8AFF4A69	SUBJECT_PROCESS	0C51AAE3-0594-4A51-9405-4FC4214A0041	FILE_OBJECT_FILE	EVENT_READ	1523030690826113708
3C812FE2-39B4-11E8-BF66-D9AA8AFF4A69	SUBJECT_PROCESS	0C51AAE3-0594-4A51-9405-4FC4214A0041	FILE_OBJECT_FILE	EVENT_LSEEK	1523030690826113708
3C812FE2-39B4-11E8-BF66-D9AA8AFF4A69	SUBJECT_PROCESS	0C51AAE3-0594-4A51-9405-4FC4214A0041	FILE_OBJECT_FILE	EVENT_READ	1523030690826113708
3C812FE2-39B4-11E8-BF66-D9AA8AFF4A69	SUBJECT_PROCESS	0C51AAE3-0594-4A51-9405-4FC4214A0041	FILE_OBJECT_FILE	EVENT_LSEEK	1523030690826113708
3C812FE2-39B4-11E8-BF66-D9AA8AFF4A69	SUBJECT_PROCESS	0C51AAE3-0594-4A51-9405-4FC4214A0041	FILE_OBJECT_FILE	EVENT_READ	1523030690826113708
3C812FE2-39B4-11E8-BF66-D9AA8AFF4A69	SUBJECT_PROCESS	0C51AAE3-0594-4A51-9405-4FC4214A0041	FILE_OBJECT_FILE	EVENT_LSEEK	1523030690826113708
3C812FE2-39B4-11E8-BF66-D9AA8AFF4A69	SUBJECT_PROCESS	0C51AAE3-0594-4A51-9405-4FC4214A0041	FILE_OBJECT_FILE	EVENT_READ	1523030690826113708
3C812FE2-39B4-11E8-BF66-D9AA8AFF4A69	SUBJECT_PROCESS	0C51AAE3-0594-4A51-9405-4FC4214A0041	FILE_OBJECT_FILE	EVENT_LSEEK	1523030690826113708
3C812FE2-39B4-11E8-BF66-D9AA8AFF4A69	SUBJECT_PROCESS	0C51AAE3-0594-4A51-9405-4FC4214A0041	FILE_OBJECT_FILE	EVENT_READ	1523030690826113708
3C812FE2-39B4-11E8-BF66-D9AA8AFF4A69	SUBJECT_PROCESS	0C51AAE3-0594-4A51-9405-4FC4214A0041	FILE_OBJECT_FILE	EVENT_LSEEK	1523030690826113708
3C812FE2-39B4-11E8-BF66-D9AA8AFF4A69	SUBJECT_PROCESS	0C51AAE3-0594-4A51-9405-4FC4214A0041	FILE_OBJECT_FILE	EVENT_READ	1523030690826113708
3C812FE2-39B4-11E8-BF66-D9AA8AFF4A69	SUBJECT_PROCESS	0C51AAE3-0594-4A51-9405-4FC4214A0041	FILE_OBJECT_FILE	EVENT_LSEEK	1523030690826113708
3C812FE2-39B4-11E8-BF66-D9AA8AFF4A69	SUBJECT_PROCESS	0C51AAE3-0594-4A51-9405-4FC4214A0041	FILE_OBJECT_FILE	EVENT_READ	1523030690826113708
3C812FE2-39B4-11E8-BF66-D9AA8AFF4A69	SUBJECT_PROCESS	0C51AAE3-0594-4A51-9405-4FC4214A0041	FILE_OBJECT_FILE	EVENT_LSEEK	1523030690826113708
3C812FE2-39B4-11E8-BF66-D9AA8AFF4A69	SUBJECT_PROCESS	0C51AAE3-0594-4A51-9405-4FC4214A0041	FILE_OBJECT_FILE	EVENT_READ	1523030690826113708
3C812FE2-39B4-11E8-BF66-D9AA8AFF4A69	SUBJECT_PROCESS	0C51AAE3-0594-4A51-9405-4FC4214A0041	FILE_OBJECT_FILE	EVENT_LSEEK	1523030690826113708
3C812FE2-39B4-11E8-BF66-D9AA8AFF4A69	SUBJECT_PROCESS	0C51AAE3-0594-4A51-9405-4FC4214A0041	FILE_OBJECT_FILE	EVENT_READ	1523030690826113708
3C812FE2-39B4-11E8-BF66-D9AA8AFF4A69	SUBJECT_PROCESS	0C51AAE3-0594-4A51-9405-4FC4214A0041	FILE_OBJECT_FILE	EVENT_LSEEK	1523030690826113708
3C812FE2-39B4-11E8-BF66-D9AA8AFF4A69	SUBJECT_PROCESS	0C51AAE3-0594-4A51-9405-4FC4214A0041	FILE_OBJECT_FILE	EVENT_READ	1523030690826113708
3C812FE2-39B4-11E8-BF66-D9AA8AFF4A69	SUBJECT_PROCESS	0C51AAE3-0594-4A51-9405-4FC4214A0041	FILE_OBJECT_FILE	EVENT_LSEEK	1523030690826113708
3C812FE2-39B4-11E8-BF66-D9AA8AFF4A69	SUBJECT_PROCESS	0C51AAE3-0594-4A51-9405-4FC4214A0041	FILE_OBJECT_FILE	EVENT_READ	1523030690826113708
3C812FE2-39B4-11E8-BF66-D9AA8AFF4A69	SUBJECT_PROCESS	0C51AAE3-0594-4A51-9405-4FC4214A0041	FILE_OBJECT_FILE	EVENT_LSEEK	1523030690826113708
3C812FE2-39B4-11E8-BF66-D9AA8AFF4A69	SUBJECT_PROCESS	0C51AAE3-0594-4A51-9405-4FC4214A0041	FILE_OBJECT_FILE	EVENT_READ	1523030690826113708
3C812FE2-39B4-11E8-BF66-D9AA8AFF4A69	SUBJECT_PROCESS	0C51AAE3-0594-4A51-9405-4FC4214A0041	FILE_OBJECT_FILE	EVENT_LSEEK	1523030690826113708
3C812FE2-39B4-11E8-BF66-D9AA8AFF4A69	SUBJECT_PROCESS	0C51AAE3-0594-4A51-9405-4FC4214A0041	FILE_OBJECT_FILE	EVENT_READ	1523030690826113708
3C812FE2-39B4-11E8-BF66-D9AA8AFF4A69	SUBJECT_PROCESS	0C51AAE3-0594-4A51-9405-4FC4214A0041	FILE_OBJECT_FILE	EVENT_LSEEK	1523030690826113708
3C812FE2-39B4-11E8-BF66-D9AA8AFF4A69	SUBJECT_PROCESS	0C51AAE3-0594-4A51-9405-4FC4214A0041	FILE_OBJECT_FILE	EVENT_READ	1523030690826113708
3C812FE2-39B4-11E8-BF66-D9AA8AFF4A69	SUBJECT_PROCESS	0C51AAE3-0594-4A51-9405-4FC4214A0041	FILE_OBJECT_FILE	EVENT_LSEEK	1523030690826113708
3C812FE2-39B4-11E8-BF66-D9AA8AFF4A69	SUBJECT_PROCESS	0C51AAE3-0594-4A51-9405-4FC4214A0041	FILE_OBJECT_FILE	EVENT_READ	1523030690826113708
3C812FE2-39B4-11E8-BF66-D9AA8AFF4A69	SUBJECT_PROCESS	0C51AAE3-0594-4A51-9405-4FC4214A0041	FILE_OBJECT_FILE	EVENT_LSEEK	1523030690826113708
3C812FE2-39B4-11E8-BF66-D9AA8AFF4A69	SUBJECT_PROCESS	0C51AAE3-0594-4A51-9405-4FC4214A0041	FILE_OBJECT_FILE	EVENT_READ	1523030690836114129
3C812FE2-39B4-11E8-BF66-D9AA8AFF4A69	SUBJECT_PROCESS	0C51AAE3-0594-4A51-9405-4FC4214A0041	FILE_OBJECT_FILE	EVENT_LSEEK	1523030690836114129
3C812FE2-39B4-11E8-BF66-D9AA8AFF4A69	SUBJECT_PROCESS	0C51AAE3-0594-4A51-9405-4FC4214A0041	FILE_OBJECT_FILE	EVENT_READ	1523030690836114129
3C812FE2-39B4-11E8-BF66-D9AA8AFF4A69	SUBJECT_PROCESS	0C51AAE3-0594-4A51-9405-4FC4214A0041	FILE_OBJECT_FILE	EVENT_LSEEK	1523030690836114129
3C812FE2-39B4-11E8-BF66-D9AA8AFF4A69	SUBJECT_PROCESS	0C51AAE3-0594-4A51-9405-4FC4214A0041	FILE_OBJECT_FILE	EVENT_READ	1523030690836114129
3C812FE2-39B4-11E8-BF66-D9AA8AFF4A69	SUBJECT_PROCESS	0C51AAE3-0594-4A51-9405-4FC4214A0041	FILE_OBJECT_FILE	EVENT_LSEEK	1523030690836114129
3C812FE2-39B4-11E8-BF66-D9AA8AFF4A69	SUBJECT_PROCESS	0C51AAE3-0594-4A51-9405-4FC4214A0041	FILE_OBJECT_FILE	EVENT_READ	1523030690836114129
3C812FE2-39B4-11E8-BF66-D9AA8AFF4A69	SUBJECT_PROCESS	0C51AAE3-0594-4A51-9405-4FC4214A0041	FILE_OBJECT_FILE	EVENT_LSEEK	1523030690836114129
3C812FE2-39B4-11E8-BF66-D9AA8AFF4A69	SUBJECT_PROCESS	0C51AAE3-0594-4A51-9405-4FC4214A0041	FILE_OBJECT_FILE	EVENT_READ	1523030690836114129
3C812FE2-39B4-11E8-BF66-D9AA8AFF4A69	SUBJECT_PROCESS	0C51AAE3-0594-4A51-9405-4FC4214A0041	FILE_OBJECT_FILE	EVENT_LSEEK	1523030690836114129
3C812FE2-39B4-11E8-BF66-D9AA8AFF4A69	SUBJECT_PROCESS	0C51AAE3-0594-4A51-9405-4FC4214A0041	FILE_OBJECT_FILE	EVENT_READ	1523030690836114129
3C812FE2-39B4-11E8-BF66-D9AA8AFF4A69	SUBJECT_PROCESS	0C51AAE3-0594-4A51-9405-4FC4214A0041	FILE_OBJECT_FILE	EVENT_LSEEK	1523030690836114129
3C812FE2-39B4-11E8-BF66-D9AA8AFF4A69	SUBJECT_PROCESS	0C51AAE3-0594-4A51-9405-4FC4214A0041	FILE_OBJECT_FILE	EVENT_READ	1523030690836114129
3C812FE2-39B4-11E8-BF66-D9AA8AFF4A69	SUBJECT_PROCESS	0C51AAE3-0594-4A51-9405-4FC4214A0041	FILE_OBJECT_FILE	EVENT_LSEEK	1523030690836114129
3C812FE2-39B4-11E8-BF66-D9AA8AFF4A69	SUBJECT_PROCESS	0C51AAE3-0594-4A51-9405-4FC4214A0041	FILE_OBJECT_FILE	EVENT_READ	1523030690836114129
3C812FE2-39B4-11E8-BF66-D9AA8AFF4A69	SUBJECT_PROCESS	0C51AAE3-0594-4A51-9405-4FC4214A0041	FILE_OBJECT_FILE	EVENT_LSEEK	1523030690836114129
3C812FE2-39B4-11E8-BF66-D9AA8AFF4A69	SUBJECT_PROCESS	0C51AAE3-0594-4A51-9405-4FC4214A0041	FILE_OBJECT_FILE	EVENT_READ	1523030690836114129
3C812FE2-39B4-11E8-BF66-D9AA8AFF4A69	SUBJECT_PROCESS	0C51AAE3-0594-4A51-9405-4FC4214A0041	FILE_OBJECT_FILE	EVENT_LSEEK	1523030690836114129
3C812FE2-39B4-11E8-BF66-D9AA8AFF4A69	SUBJECT_PROCESS	0C51AAE3-0594-4A51-9405-4FC4214A0041	FILE_OBJECT_FILE	EVENT_READ	1523030690836114129
3C812FE2-39B4-11E8-BF66-D9AA8AFF4A69	SUBJECT_PROCESS	0C51AAE3-0594-4A51-9405-4FC4214A0041	FILE_OBJECT_FILE	EVENT_LSEEK	1523030690836114129
3C812FE2-39B4-11E8-BF66-D9AA8AFF4A69	SUBJECT_PROCESS	0C51AAE3-0594-4A51-9405-4FC4214A0041	FILE_OBJECT_FILE	EVENT_READ	1523030690836114129
3C812FE2-39B4-11E8-BF66-D9AA8AFF4A69	SUBJECT_PROCESS	0C51AAE3-0594-4A51-9405-4FC4214A0041	FILE_OBJECT_FILE	EVENT_LSEEK	1523030690836114129
3C812FE2-39B4-11E8-BF66-D9AA8AFF4A69	SUBJECT_PROCESS	0C51AAE3-0594-4A51-9405-4FC4214A0041	FILE_OBJECT_FILE	EVENT_READ	1523030690836114129
3C812FE2-39B4-11E8-BF66-D9AA8AFF4A69	SUBJECT_PROCESS	0C51AAE3-0594-4A51-9405-4FC4214A0041	FILE_OBJECT_FILE	EVENT_LSEEK	1523030690836114129
3C812FE2-39B4-11E8-BF66-D9AA8AFF4A69	SUBJECT_PROCESS	0C51AAE3-0594-4A51-9405-4FC4214A0041	FILE_OBJECT_FILE	EVENT_READ	1523030690836114129
3C812FE2-39B4-11E8-BF66-D9AA8AFF4A69	SUBJECT_PROCESS	0C51AAE3-0594-4A51-9405-4FC4214A0041	FILE_OBJECT_FILE	EVENT_LSEEK	1523030690836114129
3C812FE2-39B4-11E8-BF66-D9AA8AFF4A69	SUBJECT_PROCESS	0C51AAE3-0594-4A51-9405-4FC4214A0041	FILE_OBJECT_FILE	EVENT_READ	1523030690836114129
3C812FE2-39B4-11E8-BF66-D9AA8AFF4A69	SUBJECT_PROCESS	0C51AAE3-0594-4A51-9405-4FC4214A0041	FILE_OBJECT_FILE	EVENT_LSEEK	1523030690836114129
3C812FE2-39B4-11E8-BF66-D9AA8AFF4A69	SUBJECT_PROCESS	0C51AAE3-0594-4A51-9405-4FC4214A0041	FILE_OBJECT_FILE	EVENT_READ	1523030690836114129
3C812FE2-39B4-11E8-BF66-D9AA8AFF4A69	SUBJECT_PROCESS	0C51AAE3-0594-4A51-9405-4FC4214A0041	FILE_OBJECT_FILE	EVENT_LSEEK	1523030690836114129
3C812FE2-39B4-11E8-BF66-D9AA8AFF4A69	SUBJECT_PROCESS	0C51AAE3-0594-4A51-9405-4FC4214A0041	FILE_OBJECT_FILE	EVENT_READ	1523030690836114129
3C812FE2-39B4-11E8-BF66-D9AA8AFF4A69	SUBJECT_PROCESS	0C51AAE3-0594-4A51-9405-4FC4214A0041	FILE_OBJECT_FILE	EVENT_LSEEK	1523030690836114129
3C812FE2-39B4-11E8-BF66-D9AA8AFF4A69	SUBJECT_PROCESS	0C51AAE3-0594-4A51-9405-4FC4214A0041	FILE_OBJECT_FILE	EVENT_READ	1523030690836114129
3C812FE2-39B4-11E8-BF66-D9AA8AFF4A69	SUBJECT_PROCESS	0C51AAE3-0594-4A51-9405-4FC4214A0041	FILE_OBJECT_FILE	EVENT_LSEEK	1523030690846115540
3C812FE2-39B4-11E8-BF66-D9AA8AFF4A69	SUBJECT_PROCESS	0C51AAE3-0594-4A51-9405-4FC4214A0041	FILE_OBJECT_FILE	EVENT_READ	1523030690846115540
3C812FE2-39B4-11E8-BF66-D9AA8AFF4A69	SUBJECT_PROCESS	0C51AAE3-0594-4A51-9405-4FC4214A0041	FILE_OBJECT_FILE	EVENT_LSEEK	1523030690846115540
3C812FE2-39B4-11E8-BF66-D9AA8AFF4A69	SUBJECT_PROCESS	0C51AAE3-0594-4A51-9405-4FC4214A0041	FILE_OBJECT_FILE	EVENT_READ	1523030690846115540
3C812FE2-39B4-11E8-BF66-D9AA8AFF4A69	SUBJECT_PROCESS	0C51AAE3-0594-4A51-9405-4FC4214A0041	FILE_OBJECT_FILE	EVENT_LSEEK	1523030690846115540
3C812FE2-39B4-11E8-BF66-D9AA8AFF4A69	SUBJECT_PROCESS	0C51AAE3-0594-4A51-9405-4FC4214A0041	FILE_OBJECT_FILE	EVENT_READ	1523030690846115540
3C812FE2-39B4-11E8-BF66-D9AA8AFF4A69	SUBJECT_PROCESS	0C51AAE3-0594-4A51-9405-4FC4214A0041	FILE_OBJECT_FILE	EVENT_LSEEK	1523030690846115540
3C812FE2-39B4-11E8-BF66-D9AA8AFF4A69	SUBJECT_PROCESS	0C51AAE3-0594-4A51-9405-4FC4214A0041	FILE_OBJECT_FILE	EVENT_READ	1523030690846115540
3C812FE2-39B4-11E8-BF66-D9AA8AFF4A69	SUBJECT_PROCESS	0C51AAE3-0594-4A51-9405-4FC4214A0041	FILE_OBJECT_FILE	EVENT_LSEEK	1523030690846115540
3C812FE2-39B4-11E8-BF66-D9AA8AFF4A69	SUBJECT_PROCESS	0C51AAE3-0594-4A51-9405-4FC4214A0041	FILE_OBJECT_FILE	EVENT_READ	1523030690846115540
3C812FE2-39B4-11E8-BF66-D9AA8AFF4A69	SUBJECT_PROCESS	0C51AAE3-0594-4A51-9405-4FC4214A0041	FILE_OBJECT_FILE	EVENT_LSEEK	1523030690846115540
3C812FE2-39B4-11E8-BF66-D9AA8AFF4A69	SUBJECT_PROCESS	0C51AAE3-0594-4A51-9405-4FC4214A0041	FILE_OBJECT_FILE	EVENT_READ	1523030690846115540
3C812FE2-39B4-11E8-BF66-D9AA8AFF4A69	SUBJECT_PROCESS	0C51AAE3-0594-4A51-9405-4FC4214A0041	FILE_OBJECT_FILE	EVENT_LSEEK	1523030690846115540
3C812FE2-39B4-11E8-BF66-D9AA8AFF4A69	SUBJECT_PROCESS	0C51AAE3-0594-4A51-9405-4FC4214A0041	FILE_OBJECT_FILE	EVENT_READ	1523030690846115540
3C812FE2-39B4-11E8-BF66-D9AA8AFF4A69	SUBJECT_PROCESS	0C51AAE3-0594-4A51-9405-4FC4214A0041	FILE_OBJECT_FILE	EVENT_LSEEK	1523030690846115540
3C812FE2-39B4-11E8-BF66-D9AA8AFF4A69	SUBJECT_PROCESS	0C51AAE3-0594-4A51-9405-4FC4214A0041	FILE_OBJECT_FILE	EVENT_READ	1523030690846115540
3C812FE2-39B4-11E8-BF66-D9AA8AFF4A69	SUBJECT_PROCESS	0C51AAE3-0594-4A51-9405-4FC4214A0041	FILE_OBJECT_FILE	EVENT_LSEEK	1523030690846115540
3C812FE2-39B4-11E8-BF66-D9AA8AFF4A69	SUBJECT_PROCESS	0C51AAE3-0594-4A51-9405-4FC4214A0041	FILE_OBJECT_FILE	EVENT_READ	1523030690846115540
3C812FE2-39B4-11E8-BF66-D9AA8AFF4A69	SUBJECT_PROCESS	0C51AAE3-0594-4A51-9405-4FC4214A0041	FILE_OBJECT_FILE	EVENT_LSEEK	1523030690846115540
3C812FE2-39B4-11E8-BF66-D9AA8AFF4A69	SUBJECT_PROCESS	0C51AAE3-0594-4A51-9405-4FC4214A0041	FILE_OBJECT_FILE	EVENT_READ	1523030690846115540
D3822AFC-39AF-11E8-BF66-D9AA8AFF4A69	SUBJECT_PROCESS	D384652A-39AF-11E8-BF66-D9AA8AFF4A69	NetFlowObject	EVENT_RECVFROM	1523030690846115540
3C812FE2-39B4-11E8-BF66-D9AA8AFF4A69	SUBJECT_PROCESS	0C51AAE3-0594-4A51-9405-4FC4214A0041	FILE_OBJECT_FILE	EVENT_LSEEK	1523030690846115540
D3822AFC-39AF-11E8-BF66-D9AA8AFF4A69	SUBJECT_PROCESS	D384652A-39AF-11E8-BF66-D9AA8AFF4A69	NetFlowObject	EVENT_RECVFROM	1523030690846115540
3C812FE2-39B4-11E8-BF66-D9AA8AFF4A69	SUBJECT_PROCESS	0C51AAE3-0594-4A51-9405-4FC4214A0041	FILE_OBJECT_FILE	EVENT_READ	1523030690846115540
3C812FE2-39B4-11E8-BF66-D9AA8AFF4A69	SUBJECT_PROCESS	0C51AAE3-0594-4A51-9405-4FC4214A0041	FILE_OBJECT_FILE	EVENT_LSEEK	1523030690846115540
3C812FE2-39B4-11E8-BF66-D9AA8AFF4A69	SUBJECT_PROCESS	0C51AAE3-0594-4A51-9405-4FC4214A0041	FILE_OBJECT_FILE	EVENT_READ	1523030690846115540
3C812FE2-39B4-11E8-BF66-D9AA8AFF4A69	SUBJECT_PROCESS	0C51AAE3-0594-4A51-9405-4FC4214A0041	FILE_OBJECT_FILE	EVENT_LSEEK	1523030690846115540
3C812FE2-39B4-11E8-BF66-D9AA8AFF4A69	SUBJECT_PROCESS	0C51AAE3-0594-4A51-9405-4FC4214A0041	FILE_OBJECT_FILE	EVENT_READ	1523030690846115540
3C812FE2-39B4-11E8-BF66-D9AA8AFF4A69	SUBJECT_PROCESS	0C51AAE3-0594-4A51-9405-4FC4214A0041	FILE_OBJECT_FILE	EVENT_LSEEK	1523030690846115540
3C812FE2-39B4-11E8-BF66-D9AA8AFF4A69	SUBJECT_PROCESS	0C51AAE3-0594-4A51-9405-4FC4214A0041	FILE_OBJECT_FILE	EVENT_READ	1523030690846115540
3C812FE2-39B4-11E8-BF66-D9AA8AFF4A69	SUBJECT_PROCESS	0C51AAE3-0594-4A51-9405-4FC4214A0041	FILE_OBJECT_FILE	EVENT_LSEEK	1523030690846115540
3C812FE2-39B4-11E8-BF66-D9AA8AFF4A69	SUBJECT_PROCESS	0C51AAE3-0594-4A51-9405-4FC4214A0041	FILE_OBJECT_FILE	EVENT_READ	1523030690856113570
3C812FE2-39B4-11E8-BF66-D9AA8AFF4A69	SUBJECT_PROCESS	0C51AAE3-0594-4A51-9405-4FC4214A0041	FILE_OBJECT_FILE	EVENT_LSEEK	1523030690856113570
3C812FE2-39B4-11E8-BF66-D9AA8AFF4A69	SUBJECT_PROCESS	0C51AAE3-0594-4A51-9405-4FC4214A0041	FILE_OBJECT_FILE	EVENT_READ	1523030690856113570
3C812FE2-39B4-11E8-BF66-D9AA8AFF4A69	SUBJECT_PROCESS	0C51AAE3-0594-4A51-9405-4FC4214A0041	FILE_OBJECT_FILE	EVENT_LSEEK	1523030690856113570
3C812FE2-39B4-11E8-BF66-D9AA8AFF4A69	SUBJECT_PROCESS	0C51AAE3-0594-4A51-9405-4FC4214A0041	FILE_OBJECT_FILE	EVENT_READ	1523030690856113570
3C812FE2-39B4-11E8-BF66-D9AA8AFF4A69	SUBJECT_PROCESS	0C51AAE3-0594-4A51-9405-4FC4214A0041	FILE_OBJECT_FILE	EVENT_LSEEK	1523030690856113570
3C812FE2-39B4-11E8-BF66-D9AA8AFF4A69	SUBJECT_PROCESS	0C51AAE3-0594-4A51-9405-4FC4214A0041	FILE_OBJECT_FILE	EVENT_READ	1523030690856113570
3C812FE2-39B4-11E8-BF66-D9AA8AFF4A69	SUBJECT_PROCESS	0C51AAE3-0594-4A51-9405-4FC4214A0041	FILE_OBJECT_FILE	EVENT_LSEEK	1523030690856113570
3C812FE2-39B4-11E8-BF66-D9AA8AFF4A69	SUBJECT_PROCESS	0C51AAE3-0594-4A51-9405-4FC4214A0041	FILE_OBJECT_FILE	EVENT_READ	1523030690856113570
3C812FE2-39B4-11E8-BF66-D9AA8AFF4A69	SUBJECT_PROCESS	0C51AAE3-0594-4A51-9405-4FC4214A0041	FILE_OBJECT_FILE	EVENT_LSEEK	1523030690856113570
3C812FE2-39B4-11E8-BF66-D9AA8AFF4A69	SUBJECT_PROCESS	0C51AAE3-0594-4A51-9405-4FC4214A0041	FILE_OBJECT_FILE	EVENT_READ	1523030690856113570
3C812FE2-39B4-11E8-BF66-D9AA8AFF4A69	SUBJECT_PROCESS	0C51AAE3-0594-4A51-9405-4FC4214A0041	FILE_OBJECT_FILE	EVENT_LSEEK	1523030690856113570
3C812FE2-39B4-11E8-BF66-D9AA8AFF4A69	SUBJECT_PROCESS	0C51AAE3-0594-4A51-9405-4FC4214A0041	FILE_OBJECT_FILE	EVENT_READ	1523030690856113570
3C812FE2-39B4-11E8-BF66-D9AA8AFF4A69	SUBJECT_PROCESS	0C51AAE3-0594-4A51-9405-4FC4214A0041	FILE_OBJECT_FILE	EVENT_LSEEK	1523030690856113570
3C812FE2-39B4-11E8-BF66-D9AA8AFF4A69	SUBJECT_PROCESS	0C51AAE3-0594-4A51-9405-4FC4214A0041	FILE_OBJECT_FILE	EVENT_READ	1523030690856113570
3C812FE2-39B4-11E8-BF66-D9AA8AFF4A69	SUBJECT_PROCESS	0C51AAE3-0594-4A51-9405-4FC4214A0041	FILE_OBJECT_FILE	EVENT_LSEEK	1523030690856113570
3C812FE2-39B4-11E8-BF66-D9AA8AFF4A69	SUBJECT_PROCESS	0C51AAE3-0594-4A51-9405-4FC4214A0041	FILE_OBJECT_FILE	EVENT_READ	1523030690856113570
3C812FE2-39B4-11E8-BF66-D9AA8AFF4A69	SUBJECT_PROCESS	C53609B6-A912-B65B-92A9-B89E0BB6C2E1	FILE_OBJECT_FILE	EVENT_OPEN	1523030690856113570
3C812FE2-39B4-11E8-BF66-D9AA8AFF4A69	SUBJECT_PROCESS	C53609B6-A912-B65B-92A9-B89E0BB6C2E1	FILE_OBJECT_FILE	EVENT_READ	1523030690856113570
3C812FE2-39B4-11E8-BF66-D9AA8AFF4A69	SUBJECT_PROCESS	C53609B6-A912-B65B-92A9-B89E0BB6C2E1	FILE_OBJECT_FILE	EVENT_READ	1523030690856113570
3C812FE2-39B4-11E8-BF66-D9AA8AFF4A69	SUBJECT_PROCESS	C53609B6-A912-B65B-92A9-B89E0BB6C2E1	FILE_OBJECT_FILE	EVENT_READ	1523030690856113570
3C812FE2-39B4-11E8-BF66-D9AA8AFF4A69	SUBJECT_PROCESS	C53609B6-A912-B65B-92A9-B89E0BB6C2E1	FILE_OBJECT_FILE	EVENT_READ	1523030690856113570
3C812FE2-39B4-11E8-BF66-D9AA8AFF4A69	SUBJECT_PROCESS	C53609B6-A912-B65B-92A9-B89E0BB6C2E1	FILE_OBJECT_FILE	EVENT_READ	1523030690856113570
3C812FE2-39B4-11E8-BF66-D9AA8AFF4A69	SUBJECT_PROCESS	C53609B6-A912-B65B-92A9-B89E0BB6C2E1	FILE_OBJECT_FILE	EVENT_READ	1523030690856113570
3C812FE2-39B4-11E8-BF66-D9AA8AFF4A69	SUBJECT_PROCESS	C53609B6-A912-B65B-92A9-B89E0BB6C2E1	FILE_OBJECT_FILE	EVENT_READ	1523030690856113570
3C812FE2-39B4-11E8-BF66-D9AA8AFF4A69	SUBJECT_PROCESS	C53609B6-A912-B65B-92A9-B89E0BB6C2E1	FILE_OBJECT_FILE	EVENT_READ	1523030690856113570
3C812FE2-39B4-11E8-BF66-D9AA8AFF4A69	SUBJECT_PROCESS	C53609B6-A912-B65B-92A9-B89E0BB6C2E1	FILE_OBJECT_FILE	EVENT_READ	1523030690856113570
3C812FE2-39B4-11E8-BF66-D9AA8AFF4A69	SUBJECT_PROCESS	C53609B6-A912-B65B-92A9-B89E0BB6C2E1	FILE_OBJECT_FILE	EVENT_CLOSE	1523030690856113570
3C812FE2-39B4-11E8-BF66-D9AA8AFF4A69	SUBJECT_PROCESS	9F924E33-11DC-C954-9C11-ABA0F4C94D90	FILE_OBJECT_FILE	EVENT_OPEN	1523030690856113570
3C812FE2-39B4-11E8-BF66-D9AA8AFF4A69	SUBJECT_PROCESS	9F924E33-11DC-C954-9C11-ABA0F4C94D90	FILE_OBJECT_FILE	EVENT_READ	1523030690856113570
3C812FE2-39B4-11E8-BF66-D9AA8AFF4A69	SUBJECT_PROCESS	9F924E33-11DC-C954-9C11-ABA0F4C94D90	FILE_OBJECT_FILE	EVENT_READ	1523030690866113381
3C812FE2-39B4-11E8-BF66-D9AA8AFF4A69	SUBJECT_PROCESS	9F924E33-11DC-C954-9C11-ABA0F4C94D90	FILE_OBJECT_FILE	EVENT_CLOSE	1523030690866113381
3C812FE2-39B4-11E8-BF66-D9AA8AFF4A69	SUBJECT_PROCESS	C6372CCF-39E0-835A-A039-155BFA837272	FILE_OBJECT_FILE	EVENT_OPEN	1523030690866113381
3C812FE2-39B4-11E8-BF66-D9AA8AFF4A69	SUBJECT_PROCESS	C6372CCF-39E0-835A-A039-155BFA837272	FILE_OBJECT_FILE	EVENT_READ	1523030690866113381
3C812FE2-39B4-11E8-BF66-D9AA8AFF4A69	SUBJECT_PROCESS	C6372CCF-39E0-835A-A039-155BFA837272	FILE_OBJECT_FILE	EVENT_READ	1523030690866113381
3C812FE2-39B4-11E8-BF66-D9AA8AFF4A69	SUBJECT_PROCESS	C6372CCF-39E0-835A-A039-155BFA837272	FILE_OBJECT_FILE	EVENT_CLOSE	1523030690866113381
3C812FE2-39B4-11E8-BF66-D9AA8AFF4A69	SUBJECT_PROCESS	3C9DF9E8-39B4-11E8-BF66-D9AA8AFF4A69	NetFlowObject	EVENT_CONNECT	1523030690866113381
3C812FE2-39B4-11E8-BF66-D9AA8AFF4A69	SUBJECT_PROCESS	3C9DF9E8-39B4-11E8-BF66-D9AA8AFF4A69	NetFlowObject	EVENT_SENDTO	1523030690866113381
3C812FE2-39B4-11E8-BF66-D9AA8AFF4A69	SUBJECT_PROCESS	3C9DF9E8-39B4-11E8-BF66-D9AA8AFF4A69	NetFlowObject	EVENT_RECVFROM	1523030690866113381
3C812FE2-39B4-11E8-BF66-D9AA8AFF4A69	SUBJECT_PROCESS	3C9DF9E8-39B4-11E8-BF66-D9AA8AFF4A69	NetFlowObject	EVENT_CLOSE	1523030690866113381
3C812FE2-39B4-11E8-BF66-D9AA8AFF4A69	SUBJECT_PROCESS	2F088072-F622-7354-A2F6-2AA974734AA9	FILE_OBJECT_FILE	EVENT_OPEN	1523030690866113381
3C812FE2-39B4-11E8-BF66-D9AA8AFF4A69	SUBJECT_PROCESS	2F088072-F622-7354-A2F6-2AA974734AA9	FILE_OBJECT_FILE	EVENT_LSEEK	1523030690866113381
3C812FE2-39B4-11E8-BF66-D9AA8AFF4A69	SUBJECT_PROCESS	2F088072-F622-7354-A2F6-2AA974734AA9	FILE_OBJECT_FILE	EVENT_LSEEK	1523030690866113381
3C812FE2-39B4-11E8-BF66-D9AA8AFF4A69	SUBJECT_PROCESS	2F088072-F622-7354-A2F6-2AA974734AA9	FILE_OBJECT_FILE	EVENT_READ	1523030690866113381
3C812FE2-39B4-11E8-BF66-D9AA8AFF4A69	SUBJECT_PROCESS	2F088072-F622-7354-A2F6-2AA974734AA9	FILE_OBJECT_FILE	EVENT_READ	1523030690866113381
3C812FE2-39B4-11E8-BF66-D9AA8AFF4A69	SUBJECT_PROCESS	2F088072-F622-7354-A2F6-2AA974734AA9	FILE_OBJECT_FILE	EVENT_READ	1523030690866113381
3C812FE2-39B4-11E8-BF66-D9AA8AFF4A69	SUBJECT_PROCESS	2F088072-F622-7354-A2F6-2AA974734AA9	FILE_OBJECT_FILE	EVENT_READ	1523030690866113381
3C812FE2-39B4-11E8-BF66-D9AA8AFF4A69	SUBJECT_PROCESS	2F088072-F622-7354-A2F6-2AA974734AA9	FILE_OBJECT_FILE	EVENT_CLOSE	1523030690866113381
3C812FE2-39B4-11E8-BF66-D9AA8AFF4A69	SUBJECT_PROCESS	C6372CCF-39E0-835A-A039-155BFA837272	FILE_OBJECT_FILE	EVENT_OPEN	1523030690866113381
3C812FE2-39B4-11E8-BF66-D9AA8AFF4A69	SUBJECT_PROCESS	C6372CCF-39E0-835A-A039-155BFA837272	FILE_OBJECT_FILE	EVENT_READ	1523030690866113381
3C812FE2-39B4-11E8-BF66-D9AA8AFF4A69	SUBJECT_PROCESS	C6372CCF-39E0-835A-A039-155BFA837272	FILE_OBJECT_FILE	EVENT_CLOSE	1523030690866113381
3C812FE2-39B4-11E8-BF66-D9AA8AFF4A69	SUBJECT_PROCESS	2F088072-F622-7354-A2F6-2AA974734AA9	FILE_OBJECT_FILE	EVENT_OPEN	1523030690866113381
3C812FE2-39B4-11E8-BF66-D9AA8AFF4A69	SUBJECT_PROCESS	2F088072-F622-7354-A2F6-2AA974734AA9	FILE_OBJECT_FILE	EVENT_LSEEK	1523030690866113381
3C812FE2-39B4-11E8-BF66-D9AA8AFF4A69	SUBJECT_PROCESS	2F088072-F622-7354-A2F6-2AA974734AA9	FILE_OBJECT_FILE	EVENT_LSEEK	1523030690866113381
3C812FE2-39B4-11E8-BF66-D9AA8AFF4A69	SUBJECT_PROCESS	2F088072-F622-7354-A2F6-2AA974734AA9	FILE_OBJECT_FILE	EVENT_READ	1523030690866113381
3C812FE2-39B4-11E8-BF66-D9AA8AFF4A69	SUBJECT_PROCESS	2F088072-F622-7354-A2F6-2AA974734AA9	FILE_OBJECT_FILE	EVENT_READ	1523030690866113381
3C812FE2-39B4-11E8-BF66-D9AA8AFF4A69	SUBJECT_PROCESS	2F088072-F622-7354-A2F6-2AA974734AA9	FILE_OBJECT_FILE	EVENT_READ	1523030690876114392
3C812FE2-39B4-11E8-BF66-D9AA8AFF4A69	SUBJECT_PROCESS	2F088072-F622-7354-A2F6-2AA974734AA9	FILE_OBJECT_FILE	EVENT_READ	1523030690876114392
3C812FE2-39B4-11E8-BF66-D9AA8AFF4A69	SUBJECT_PROCESS	2F088072-F622-7354-A2F6-2AA974734AA9	FILE_OBJECT_FILE	EVENT_CLOSE	1523030690876114392
3C812FE2-39B4-11E8-BF66-D9AA8AFF4A69	SUBJECT_PROCESS	2F088072-F622-7354-A2F6-2AA974734AA9	FILE_OBJECT_FILE	EVENT_OPEN	1523030690876114392
3C812FE2-39B4-11E8-BF66-D9AA8AFF4A69	SUBJECT_PROCESS	2F088072-F622-7354-A2F6-2AA974734AA9	FILE_OBJECT_FILE	EVENT_LSEEK	1523030690876114392
3C812FE2-39B4-11E8-BF66-D9AA8AFF4A69	SUBJECT_PROCESS	2F088072-F622-7354-A2F6-2AA974734AA9	FILE_OBJECT_FILE	EVENT_LSEEK	1523030690876114392
3C812FE2-39B4-11E8-BF66-D9AA8AFF4A69	SUBJECT_PROCESS	2F088072-F622-7354-A2F6-2AA974734AA9	FILE_OBJECT_FILE	EVENT_READ	1523030690876114392
3C812FE2-39B4-11E8-BF66-D9AA8AFF4A69	SUBJECT_PROCESS	2F088072-F622-7354-A2F6-2AA974734AA9	FILE_OBJECT_FILE	EVENT_READ	1523030690876114392
3C812FE2-39B4-11E8-BF66-D9AA8AFF4A69	SUBJECT_PROCESS	2F088072-F622-7354-A2F6-2AA974734AA9	FILE_OBJECT_FILE	EVENT_READ	1523030690876114392
3C812FE2-39B4-11E8-BF66-D9AA8AFF4A69	SUBJECT_PROCESS	2F088072-F622-7354-A2F6-2AA974734AA9	FILE_OBJECT_FILE	EVENT_READ	1523030690876114392
3C812FE2-39B4-11E8-BF66-D9AA8AFF4A69	SUBJECT_PROCESS	2F088072-F622-7354-A2F6-2AA974734AA9	FILE_OBJECT_FILE	EVENT_CLOSE	1523030690876114392
3C812FE2-39B4-11E8-BF66-D9AA8AFF4A69	SUBJECT_PROCESS	C6372CCF-39E0-835A-A039-155BFA837272	FILE_OBJECT_FILE	EVENT_OPEN	1523030690876114392
3C812FE2-39B4-11E8-BF66-D9AA8AFF4A69	SUBJECT_PROCESS	C6372CCF-39E0-835A-A039-155BFA837272	FILE_OBJECT_FILE	EVENT_READ	1523030690876114392
3C812FE2-39B4-11E8-BF66-D9AA8AFF4A69	SUBJECT_PROCESS	C6372CCF-39E0-835A-A039-155BFA837272	FILE_OBJECT_FILE	EVENT_CLOSE	1523030690876114392
3C812FE2-39B4-11E8-BF66-D9AA8AFF4A69	SUBJECT_PROCESS	2F088072-F622-7354-A2F6-2AA974734AA9	FILE_OBJECT_FILE	EVENT_OPEN	1523030690876114392
3C812FE2-39B4-11E8-BF66-D9AA8AFF4A69	SUBJECT_PROCESS	2F088072-F622-7354-A2F6-2AA974734AA9	FILE_OBJECT_FILE	EVENT_LSEEK	1523030690876114392
3C812FE2-39B4-11E8-BF66-D9AA8AFF4A69	SUBJECT_PROCESS	2F088072-F622-7354-A2F6-2AA974734AA9	FILE_OBJECT_FILE	EVENT_LSEEK	1523030690876114392
3C812FE2-39B4-11E8-BF66-D9AA8AFF4A69	SUBJECT_PROCESS	2F088072-F622-7354-A2F6-2AA974734AA9	FILE_OBJECT_FILE	EVENT_READ	1523030690876114392
3C812FE2-39B4-11E8-BF66-D9AA8AFF4A69	SUBJECT_PROCESS	2F088072-F622-7354-A2F6-2AA974734AA9	FILE_OBJECT_FILE	EVENT_READ	1523030690876114392
3C812FE2-39B4-11E8-BF66-D9AA8AFF4A69	SUBJECT_PROCESS	2F088072-F622-7354-A2F6-2AA974734AA9	FILE_OBJECT_FILE	EVENT_READ	1523030690876114392
3C812FE2-39B4-11E8-BF66-D9AA8AFF4A69	SUBJECT_PROCESS	2F088072-F622-7354-A2F6-2AA974734AA9	FILE_OBJECT_FILE	EVENT_READ	1523030690876114392
3C812FE2-39B4-11E8-BF66-D9AA8AFF4A69	SUBJECT_PROCESS	2F088072-F622-7354-A2F6-2AA974734AA9	FILE_OBJECT_FILE	EVENT_CLOSE	1523030690876114392
3C812FE2-39B4-11E8-BF66-D9AA8AFF4A69	SUBJECT_PROCESS	C6372CCF-39E0-835A-A039-155BFA837272	FILE_OBJECT_FILE	EVENT_OPEN	1523030690876114392
3C812FE2-39B4-11E8-BF66-D9AA8AFF4A69	SUBJECT_PROCESS	C6372CCF-39E0-835A-A039-155BFA837272	FILE_OBJECT_FILE	EVENT_READ	1523030690876114392
3C812FE2-39B4-11E8-BF66-D9AA8AFF4A69	SUBJECT_PROCESS	C6372CCF-39E0-835A-A039-155BFA837272	FILE_OBJECT_FILE	EVENT_CLOSE	1523030690876114392
3C812FE2-39B4-11E8-BF66-D9AA8AFF4A69	SUBJECT_PROCESS	2F088072-F622-7354-A2F6-2AA974734AA9	FILE_OBJECT_FILE	EVENT_OPEN	1523030690876114392
3C812FE2-39B4-11E8-BF66-D9AA8AFF4A69	SUBJECT_PROCESS	2F088072-F622-7354-A2F6-2AA974734AA9	FILE_OBJECT_FILE	EVENT_LSEEK	1523030690886114583
3C812FE2-39B4-11E8-BF66-D9AA8AFF4A69	SUBJECT_PROCESS	2F088072-F622-7354-A2F6-2AA974734AA9	FILE_OBJECT_FILE	EVENT_LSEEK	1523030690886114583
3C812FE2-39B4-11E8-BF66-D9AA8AFF4A69	SUBJECT_PROCESS	2F088072-F622-7354-A2F6-2AA974734AA9	FILE_OBJECT_FILE	EVENT_READ	1523030690886114583
3C812FE2-39B4-11E8-BF66-D9AA8AFF4A69	SUBJECT_PROCESS	2F088072-F622-7354-A2F6-2AA974734AA9	FILE_OBJECT_FILE	EVENT_READ	1523030690886114583
3C812FE2-39B4-11E8-BF66-D9AA8AFF4A69	SUBJECT_PROCESS	2F088072-F622-7354-A2F6-2AA974734AA9	FILE_OBJECT_FILE	EVENT_READ	1523030690886114583
3C812FE2-39B4-11E8-BF66-D9AA8AFF4A69	SUBJECT_PROCESS	2F088072-F622-7354-A2F6-2AA974734AA9	FILE_OBJECT_FILE	EVENT_READ	1523030690886114583
3C812FE2-39B4-11E8-BF66-D9AA8AFF4A69	SUBJECT_PROCESS	2F088072-F622-7354-A2F6-2AA974734AA9	FILE_OBJECT_FILE	EVENT_CLOSE	1523030690886114583
3C812FE2-39B4-11E8-BF66-D9AA8AFF4A69	SUBJECT_PROCESS	C6372CCF-39E0-835A-A039-155BFA837272	FILE_OBJECT_FILE	EVENT_OPEN	1523030690886114583
3C812FE2-39B4-11E8-BF66-D9AA8AFF4A69	SUBJECT_PROCESS	C6372CCF-39E0-835A-A039-155BFA837272	FILE_OBJECT_FILE	EVENT_READ	1523030690886114583
3C812FE2-39B4-11E8-BF66-D9AA8AFF4A69	SUBJECT_PROCESS	C6372CCF-39E0-835A-A039-155BFA837272	FILE_OBJECT_FILE	EVENT_CLOSE	1523030690886114583
3C812FE2-39B4-11E8-BF66-D9AA8AFF4A69	SUBJECT_PROCESS	2F088072-F622-7354-A2F6-2AA974734AA9	FILE_OBJECT_FILE	EVENT_OPEN	1523030690886114583
3C812FE2-39B4-11E8-BF66-D9AA8AFF4A69	SUBJECT_PROCESS	2F088072-F622-7354-A2F6-2AA974734AA9	FILE_OBJECT_FILE	EVENT_LSEEK	1523030690886114583
3C812FE2-39B4-11E8-BF66-D9AA8AFF4A69	SUBJECT_PROCESS	2F088072-F622-7354-A2F6-2AA974734AA9	FILE_OBJECT_FILE	EVENT_LSEEK	1523030690886114583
3C812FE2-39B4-11E8-BF66-D9AA8AFF4A69	SUBJECT_PROCESS	2F088072-F622-7354-A2F6-2AA974734AA9	FILE_OBJECT_FILE	EVENT_READ	1523030690886114583
3C812FE2-39B4-11E8-BF66-D9AA8AFF4A69	SUBJECT_PROCESS	2F088072-F622-7354-A2F6-2AA974734AA9	FILE_OBJECT_FILE	EVENT_READ	1523030690886114583
3C812FE2-39B4-11E8-BF66-D9AA8AFF4A69	SUBJECT_PROCESS	2F088072-F622-7354-A2F6-2AA974734AA9	FILE_OBJECT_FILE	EVENT_READ	1523030690886114583
3C812FE2-39B4-11E8-BF66-D9AA8AFF4A69	SUBJECT_PROCESS	2F088072-F622-7354-A2F6-2AA974734AA9	FILE_OBJECT_FILE	EVENT_READ	1523030690886114583
3C812FE2-39B4-11E8-BF66-D9AA8AFF4A69	SUBJECT_PROCESS	2F088072-F622-7354-A2F6-2AA974734AA9	FILE_OBJECT_FILE	EVENT_CLOSE	1523030690886114583
3C812FE2-39B4-11E8-BF66-D9AA8AFF4A69	SUBJECT_PROCESS	2F088072-F622-7354-A2F6-2AA974734AA9	FILE_OBJECT_FILE	EVENT_OPEN	1523030690886114583
3C812FE2-39B4-11E8-BF66-D9AA8AFF4A69	SUBJECT_PROCESS	2F088072-F622-7354-A2F6-2AA974734AA9	FILE_OBJECT_FILE	EVENT_LSEEK	1523030690886114583
3C812FE2-39B4-11E8-BF66-D9AA8AFF4A69	SUBJECT_PROCESS	2F088072-F622-7354-A2F6-2AA974734AA9	FILE_OBJECT_FILE	EVENT_LSEEK	1523030690886114583
3C812FE2-39B4-11E8-BF66-D9AA8AFF4A69	SUBJECT_PROCESS	2F088072-F622-7354-A2F6-2AA974734AA9	FILE_OBJECT_FILE	EVENT_READ	1523030690886114583
3C812FE2-39B4-11E8-BF66-D9AA8AFF4A69	SUBJECT_PROCESS	2F088072-F622-7354-A2F6-2AA974734AA9	FILE_OBJECT_FILE	EVENT_READ	1523030690886114583
3C812FE2-39B4-11E8-BF66-D9AA8AFF4A69	SUBJECT_PROCESS	2F088072-F622-7354-A2F6-2AA974734AA9	FILE_OBJECT_FILE	EVENT_READ	1523030690886114583
3C812FE2-39B4-11E8-BF66-D9AA8AFF4A69	SUBJECT_PROCESS	2F088072-F622-7354-A2F6-2AA974734AA9	FILE_OBJECT_FILE	EVENT_READ	1523030690886114583
3C812FE2-39B4-11E8-BF66-D9AA8AFF4A69	SUBJECT_PROCESS	2F088072-F622-7354-A2F6-2AA974734AA9	FILE_OBJECT_FILE	EVENT_CLOSE	1523030690886114583
3C812FE2-39B4-11E8-BF66-D9AA8AFF4A69	SUBJECT_PROCESS	C6372CCF-39E0-835A-A039-155BFA837272	FILE_OBJECT_FILE	EVENT_OPEN	1523030690886114583
3C812FE2-39B4-11E8-BF66-D9AA8AFF4A69	SUBJECT_PROCESS	C6372CCF-39E0-835A-A039-155BFA837272	FILE_OBJECT_FILE	EVENT_READ	1523030690896113764
3C812FE2-39B4-11E8-BF66-D9AA8AFF4A69	SUBJECT_PROCESS	C6372CCF-39E0-835A-A039-155BFA837272	FILE_OBJECT_FILE	EVENT_CLOSE	1523030690896113764
3C812FE2-39B4-11E8-BF66-D9AA8AFF4A69	SUBJECT_PROCESS	2F088072-F622-7354-A2F6-2AA974734AA9	FILE_OBJECT_FILE	EVENT_OPEN	1523030690896113764
3C812FE2-39B4-11E8-BF66-D9AA8AFF4A69	SUBJECT_PROCESS	2F088072-F622-7354-A2F6-2AA974734AA9	FILE_OBJECT_FILE	EVENT_LSEEK	1523030690896113764
3C812FE2-39B4-11E8-BF66-D9AA8AFF4A69	SUBJECT_PROCESS	2F088072-F622-7354-A2F6-2AA974734AA9	FILE_OBJECT_FILE	EVENT_LSEEK	1523030690896113764
3C812FE2-39B4-11E8-BF66-D9AA8AFF4A69	SUBJECT_PROCESS	2F088072-F622-7354-A2F6-2AA974734AA9	FILE_OBJECT_FILE	EVENT_READ	1523030690896113764
3C812FE2-39B4-11E8-BF66-D9AA8AFF4A69	SUBJECT_PROCESS	2F088072-F622-7354-A2F6-2AA974734AA9	FILE_OBJECT_FILE	EVENT_READ	1523030690896113764
3C812FE2-39B4-11E8-BF66-D9AA8AFF4A69	SUBJECT_PROCESS	2F088072-F622-7354-A2F6-2AA974734AA9	FILE_OBJECT_FILE	EVENT_READ	1523030690896113764
3C812FE2-39B4-11E8-BF66-D9AA8AFF4A69	SUBJECT_PROCESS	2F088072-F622-7354-A2F6-2AA974734AA9	FILE_OBJECT_FILE	EVENT_READ	1523030690896113764
3C812FE2-39B4-11E8-BF66-D9AA8AFF4A69	SUBJECT_PROCESS	2F088072-F622-7354-A2F6-2AA974734AA9	FILE_OBJECT_FILE	EVENT_CLOSE	1523030690896113764
3C812FE2-39B4-11E8-BF66-D9AA8AFF4A69	SUBJECT_PROCESS	C6372CCF-39E0-835A-A039-155BFA837272	FILE_OBJECT_FILE	EVENT_OPEN	1523030690896113764
3C812FE2-39B4-11E8-BF66-D9AA8AFF4A69	SUBJECT_PROCESS	C6372CCF-39E0-835A-A039-155BFA837272	FILE_OBJECT_FILE	EVENT_READ	1523030690896113764
3C812FE2-39B4-11E8-BF66-D9AA8AFF4A69	SUBJECT_PROCESS	C6372CCF-39E0-835A-A039-155BFA837272	FILE_OBJECT_FILE	EVENT_CLOSE	1523030690896113764
3C812FE2-39B4-11E8-BF66-D9AA8AFF4A69	SUBJECT_PROCESS	DB1A5421-4509-D15D-8945-9F45CDD1A77E	FILE_OBJECT_FILE	EVENT_WRITE	1523030690896113764
3C812FE2-39B4-11E8-BF66-D9AA8AFF4A69	SUBJECT_PROCESS	3C812FE2-39B4-11E8-BF66-D9AA8AFF4A69	SUBJECT_PROCESS	EVENT_EXIT	1523030690896113764
D59C58B7-373D-11E8-BF66-D9AA8AFF4A69	SUBJECT_PROCESS	3CA32B5B-39B4-11E8-BF66-D9AA8AFF4A69	SUBJECT_PROCESS	EVENT_FORK	1523030690896113764
3CA32B5B-39B4-11E8-BF66-D9AA8AFF4A69	SUBJECT_PROCESS	CC349957-3DA4-8E5E-A43D-C7740E8ECAA9	FILE_OBJECT_FILE	EVENT_CLOSE	1523030690896113764
3CA32B5B-39B4-11E8-BF66-D9AA8AFF4A69	SUBJECT_PROCESS	6C836AA2-BB54-3A58-94BB-1E5D583A637E	FILE_OBJECT_FILE	EVENT_EXECUTE	1523030690896113764
3CA32B5B-39B4-11E8-BF66-D9AA8AFF4A69	SUBJECT_PROCESS	7A350F75-9945-425D-8599-15CEBD426F06	FILE_OBJECT_FILE	EVENT_EXECUTE	1523030690896113764
3CA32B5B-39B4-11E8-BF66-D9AA8AFF4A69	SUBJECT_PROCESS	51110606-D232-9652-B2D2-3A7242968F8A	FILE_OBJECT_FILE	EVENT_OPEN	1523030690896113764
3CA32B5B-39B4-11E8-BF66-D9AA8AFF4A69	SUBJECT_PROCESS	51110606-D232-9652-B2D2-3A7242968F8A	FILE_OBJECT_FILE	EVENT_READ	1523030690896113764
3CA32B5B-39B4-11E8-BF66-D9AA8AFF4A69	SUBJECT_PROCESS	51110606-D232-9652-B2D2-3A7242968F8A	FILE_OBJECT_FILE	EVENT_CLOSE	1523030690896113764
3CA32B5B-39B4-11E8-BF66-D9AA8AFF4A69	SUBJECT_PROCESS	8A44F292-648B-7854-8B64-00F954785A79	FILE_OBJECT_FILE	EVENT_OPEN	1523030690896113764
3CA32B5B-39B4-11E8-BF66-D9AA8AFF4A69	SUBJECT_PROCESS	8A44F292-648B-7854-8B64-00F954785A79	FILE_OBJECT_FILE	EVENT_READ	1523030690896113764
3CA32B5B-39B4-11E8-BF66-D9AA8AFF4A69	SUBJECT_PROCESS	8A44F292-648B-7854-8B64-00F954785A79	FILE_OBJECT_FILE	EVENT_READ	1523030690896113764
3CA32B5B-39B4-11E8-BF66-D9AA8AFF4A69	SUBJECT_PROCESS	8A44F292-648B-7854-8B64-00F954785A79	FILE_OBJECT_FILE	EVENT_CLOSE	1523030690896113764
3CA32B5B-39B4-11E8-BF66-D9AA8AFF4A69	SUBJECT_PROCESS	76A739B1-A13E-FD50-BEA1-B218A0FD0400	FILE_OBJECT_FILE	EVENT_OPEN	1523030690896113764
3CA32B5B-39B4-11E8-BF66-D9AA8AFF4A69	SUBJECT_PROCESS	76A739B1-A13E-FD50-BEA1-B218A0FD0400	FILE_OBJECT_FILE	EVENT_MMAP	1523030690906114324
1E51718B-39B3-11E8-BF66-D9AA8AFF4A69	SUBJECT_PROCESS	1E5157A9-39B3-11E8-BF66-D9AA8AFF4A69	NetFlowObject	EVENT_WRITE	1523030690906114324
3CA32B5B-39B4-11E8-BF66-D9AA8AFF4A69	SUBJECT_PROCESS	76A739B1-A13E-FD50-BEA1-B218A0FD0400	FILE_OBJECT_FILE	EVENT_MMAP	1523030690906114324
1E51718B-39B3-11E8-BF66-D9AA8AFF4A69	SUBJECT_PROCESS	1E5157A9-39B3-11E8-BF66-D9AA8AFF4A69	NetFlowObject	EVENT_READ	1523030690906114324
3CA32B5B-39B4-11E8-BF66-D9AA8AFF4A69	SUBJECT_PROCESS	76A739B1-A13E-FD50-BEA1-B218A0FD0400	FILE_OBJECT_FILE	EVENT_MMAP	1523030690906114324
3CA32B5B-39B4-11E8-BF66-D9AA8AFF4A69	SUBJECT_PROCESS	76A739B1-A13E-FD50-BEA1-B218A0FD0400	FILE_OBJECT_FILE	EVENT_MMAP	1523030690906114324
1E51718B-39B3-11E8-BF66-D9AA8AFF4A69	SUBJECT_PROCESS	1E5157A9-39B3-11E8-BF66-D9AA8AFF4A69	NetFlowObject	EVENT_WRITE	1523030690906114324
3CA32B5B-39B4-11E8-BF66-D9AA8AFF4A69	SUBJECT_PROCESS	76A739B1-A13E-FD50-BEA1-B218A0FD0400	FILE_OBJECT_FILE	EVENT_MMAP	1523030690906114324
1E51718B-39B3-11E8-BF66-D9AA8AFF4A69	SUBJECT_PROCESS	1E5157A9-39B3-11E8-BF66-D9AA8AFF4A69	NetFlowObject	EVENT_READ	1523030690906114324
3CA32B5B-39B4-11E8-BF66-D9AA8AFF4A69	SUBJECT_PROCESS	76A739B1-A13E-FD50-BEA1-B218A0FD0400	FILE_OBJECT_FILE	EVENT_MMAP	1523030690906114324
1E51718B-39B3-11E8-BF66-D9AA8AFF4A69	SUBJECT_PROCESS	1E5157A9-39B3-11E8-BF66-D9AA8AFF4A69	NetFlowObject	EVENT_WRITE	1523030690906114324
3CA32B5B-39B4-11E8-BF66-D9AA8AFF4A69	SUBJECT_PROCESS	76A739B1-A13E-FD50-BEA1-B218A0FD0400	FILE_OBJECT_FILE	EVENT_CLOSE	1523030690906114324
1E51718B-39B3-11E8-BF66-D9AA8AFF4A69	SUBJECT_PROCESS	1E5157A9-39B3-11E8-BF66-D9AA8AFF4A69	NetFlowObject	EVENT_READ	1523030690906114324
1E51718B-39B3-11E8-BF66-D9AA8AFF4A69	SUBJECT_PROCESS	1E5157A9-39B3-11E8-BF66-D9AA8AFF4A69	NetFlowObject	EVENT_WRITE	1523030690906114324
3CA32B5B-39B4-11E8-BF66-D9AA8AFF4A69	SUBJECT_PROCESS	F410BE96-4C0C-765E-8C4C-6F0E2E760020	FILE_OBJECT_FILE	EVENT_OPEN	1523030690906114324
3CA32B5B-39B4-11E8-BF66-D9AA8AFF4A69	SUBJECT_PROCESS	F410BE96-4C0C-765E-8C4C-6F0E2E760020	FILE_OBJECT_FILE	EVENT_MMAP	1523030690906114324
3CA32B5B-39B4-11E8-BF66-D9AA8AFF4A69	SUBJECT_PROCESS	F410BE96-4C0C-765E-8C4C-6F0E2E760020	FILE_OBJECT_FILE	EVENT_MMAP	1523030690906114324
3CA32B5B-39B4-11E8-BF66-D9AA8AFF4A69	SUBJECT_PROCESS	F410BE96-4C0C-765E-8C4C-6F0E2E760020	FILE_OBJECT_FILE	EVENT_CLOSE	1523030690906114324
1E51718B-39B3-11E8-BF66-D9AA8AFF4A69	SUBJECT_PROCESS	1E5157A9-39B3-11E8-BF66-D9AA8AFF4A69	NetFlowObject	EVENT_READ	1523030690906114324
1E51718B-39B3-11E8-BF66-D9AA8AFF4A69	SUBJECT_PROCESS	1E5157A9-39B3-11E8-BF66-D9AA8AFF4A69	NetFlowObject	EVENT_WRITE	1523030690906114324
D3822AFC-39AF-11E8-BF66-D9AA8AFF4A69	SUBJECT_PROCESS	D384652A-39AF-11E8-BF66-D9AA8AFF4A69	NetFlowObject	EVENT_RECVFROM	1523030690946112368
D3822AFC-39AF-11E8-BF66-D9AA8AFF4A69	SUBJECT_PROCESS	D384652A-39AF-11E8-BF66-D9AA8AFF4A69	NetFlowObject	EVENT_RECVFROM	1523030690946112368
D3822AFC-39AF-11E8-BF66-D9AA8AFF4A69	SUBJECT_PROCESS	D384652A-39AF-11E8-BF66-D9AA8AFF4A69	NetFlowObject	EVENT_RECVFROM	1523030690946112368
D3822AFC-39AF-11E8-BF66-D9AA8AFF4A69	SUBJECT_PROCESS	D384652A-39AF-11E8-BF66-D9AA8AFF4A69	NetFlowObject	EVENT_RECVFROM	1523030691046115736
D3822AFC-39AF-11E8-BF66-D9AA8AFF4A69	SUBJECT_PROCESS	D384652A-39AF-11E8-BF66-D9AA8AFF4A69	NetFlowObject	EVENT_RECVFROM	1523030691046115736
D3822AFC-39AF-11E8-BF66-D9AA8AFF4A69	SUBJECT_PROCESS	D384652A-39AF-11E8-BF66-D9AA8AFF4A69	NetFlowObject	EVENT_RECVFROM	1523030691046115736
D3822AFC-39AF-11E8-BF66-D9AA8AFF4A69	SUBJECT_PROCESS	D384652A-39AF-11E8-BF66-D9AA8AFF4A69	NetFlowObject	EVENT_RECVFROM	1523030691146112904
D3822AFC-39AF-11E8-BF66-D9AA8AFF4A69	SUBJECT_PROCESS	D384652A-39AF-11E8-BF66-D9AA8AFF4A69	NetFlowObject	EVENT_RECVFROM	1523030691146112904
D3822AFC-39AF-11E8-BF66-D9AA8AFF4A69	SUBJECT_PROCESS	D384652A-39AF-11E8-BF66-D9AA8AFF4A69	NetFlowObject	EVENT_RECVFROM	1523030691246113521
D3822AFC-39AF-11E8-BF66-D9AA8AFF4A69	SUBJECT_PROCESS	D384652A-39AF-11E8-BF66-D9AA8AFF4A69	NetFlowObject	EVENT_RECVFROM	1523030691246113521
D3822AFC-39AF-11E8-BF66-D9AA8AFF4A69	SUBJECT_PROCESS	D384652A-39AF-11E8-BF66-D9AA8AFF4A69	NetFlowObject	EVENT_RECVFROM	1523030691246113521
D3822AFC-39AF-11E8-BF66-D9AA8AFF4A69	SUBJECT_PROCESS	D384652A-39AF-11E8-BF66-D9AA8AFF4A69	NetFlowObject	EVENT_RECVFROM	1523030691346111420
D3822AFC-39AF-11E8-BF66-D9AA8AFF4A69	SUBJECT_PROCESS	D384652A-39AF-11E8-BF66-D9AA8AFF4A69	NetFlowObject	EVENT_RECVFROM	1523030691346111420
D3822AFC-39AF-11E8-BF66-D9AA8AFF4A69	SUBJECT_PROCESS	D384652A-39AF-11E8-BF66-D9AA8AFF4A69	NetFlowObject	EVENT_RECVFROM	1523030691446112578
D3822AFC-39AF-11E8-BF66-D9AA8AFF4A69	SUBJECT_PROCESS	D384652A-39AF-11E8-BF66-D9AA8AFF4A69	NetFlowObject	EVENT_RECVFROM	1523030691446112578
D3822AFC-39AF-11E8-BF66-D9AA8AFF4A69	SUBJECT_PROCESS	D384652A-39AF-11E8-BF66-D9AA8AFF4A69	NetFlowObject	EVENT_RECVFROM	1523030691546116065
D3822AFC-39AF-11E8-BF66-D9AA8AFF4A69	SUBJECT_PROCESS	D384652A-39AF-11E8-BF66-D9AA8AFF4A69	NetFlowObject	EVENT_RECVFROM	1523030691546116065
D3822AFC-39AF-11E8-BF66-D9AA8AFF4A69	SUBJECT_PROCESS	D384652A-39AF-11E8-BF66-D9AA8AFF4A69	NetFlowObject	EVENT_RECVFROM	1523030691646114993
D3822AFC-39AF-11E8-BF66-D9AA8AFF4A69	SUBJECT_PROCESS	D384652A-39AF-11E8-BF66-D9AA8AFF4A69	NetFlowObject	EVENT_RECVFROM	1523030691646114993
D3822AFC-39AF-11E8-BF66-D9AA8AFF4A69	SUBJECT_PROCESS	D384652A-39AF-11E8-BF66-D9AA8AFF4A69	NetFlowObject	EVENT_RECVFROM	1523030691746112841
D3822AFC-39AF-11E8-BF66-D9AA8AFF4A69	SUBJECT_PROCESS	D384652A-39AF-11E8-BF66-D9AA8AFF4A69	NetFlowObject	EVENT_RECVFROM	1523030691746112841
72FB0406-3678-11E8-BF66-D9AA8AFF4A69	SUBJECT_PROCESS	3C967AF1-39B4-11E8-BF66-D9AA8AFF4A69	FILE_OBJECT_UNIX_SOCKET	EVENT_CLOSE	1523030691836113569
72FB0406-3678-11E8-BF66-D9AA8AFF4A69	SUBJECT_PROCESS	3C967B92-39B4-11E8-BF66-D9AA8AFF4A69	FILE_OBJECT_UNIX_SOCKET	EVENT_CLOSE	1523030691836113569
72FB0406-3678-11E8-BF66-D9AA8AFF4A69	SUBJECT_PROCESS	3D32104C-39B4-11E8-BF66-D9AA8AFF4A69	FILE_OBJECT_UNIX_SOCKET	EVENT_CREATE_OBJECT	1523030691836113569
72FB0406-3678-11E8-BF66-D9AA8AFF4A69	SUBJECT_PROCESS	3D3210F5-39B4-11E8-BF66-D9AA8AFF4A69	FILE_OBJECT_UNIX_SOCKET	EVENT_CREATE_OBJECT	1523030691836113569
D3822AFC-39AF-11E8-BF66-D9AA8AFF4A69	SUBJECT_PROCESS	D384652A-39AF-11E8-BF66-D9AA8AFF4A69	NetFlowObject	EVENT_RECVFROM	1523030691846113169
D3822AFC-39AF-11E8-BF66-D9AA8AFF4A69	SUBJECT_PROCESS	D384652A-39AF-11E8-BF66-D9AA8AFF4A69	NetFlowObject	EVENT_RECVFROM	1523030691846113169
D3822AFC-39AF-11E8-BF66-D9AA8AFF4A69	SUBJECT_PROCESS	D384652A-39AF-11E8-BF66-D9AA8AFF4A69	NetFlowObject	EVENT_RECVFROM	1523030691846113169
D3822AFC-39AF-11E8-BF66-D9AA8AFF4A69	SUBJECT_PROCESS	D384652A-39AF-11E8-BF66-D9AA8AFF4A69	NetFlowObject	EVENT_RECVFROM	1523030691946115567
D3822AFC-39AF-11E8-BF66-D9AA8AFF4A69	SUBJECT_PROCESS	D384652A-39AF-11E8-BF66-D9AA8AFF4A69	NetFlowObject	EVENT_RECVFROM	1523030691946115567
D3822AFC-39AF-11E8-BF66-D9AA8AFF4A69	SUBJECT_PROCESS	4E4F26B0-221A-5950-9A22-3A4F5059636A	FILE_OBJECT_FILE	EVENT_OPEN	1523030692046111295
D3822AFC-39AF-11E8-BF66-D9AA8AFF4A69	SUBJECT_PROCESS	4E4F26B0-221A-5950-9A22-3A4F5059636A	FILE_OBJECT_FILE	EVENT_WRITE	1523030692046111295
D3822AFC-39AF-11E8-BF66-D9AA8AFF4A69	SUBJECT_PROCESS	4E4F26B0-221A-5950-9A22-3A4F5059636A	FILE_OBJECT_FILE	EVENT_MODIFY_FILE_ATTRIBUTES	1523030692046111295
D3822AFC-39AF-11E8-BF66-D9AA8AFF4A69	SUBJECT_PROCESS	D384652A-39AF-11E8-BF66-D9AA8AFF4A69	NetFlowObject	EVENT_SENDTO	1523030692046111295
D3822AFC-39AF-11E8-BF66-D9AA8AFF4A69	SUBJECT_PROCESS	D384652A-39AF-11E8-BF66-D9AA8AFF4A69	NetFlowObject	EVENT_SENDTO	1523030692046111295
D3822AFC-39AF-11E8-BF66-D9AA8AFF4A69	SUBJECT_PROCESS	4E4F26B0-221A-5950-9A22-3A4F5059636A	FILE_OBJECT_FILE	EVENT_CLOSE	1523030692046111295
72FB0406-3678-11E8-BF66-D9AA8AFF4A69	SUBJECT_PROCESS	3D32104C-39B4-11E8-BF66-D9AA8AFF4A69	FILE_OBJECT_UNIX_SOCKET	EVENT_CLOSE	1523030692806112156
72FB0406-3678-11E8-BF66-D9AA8AFF4A69	SUBJECT_PROCESS	3D3210F5-39B4-11E8-BF66-D9AA8AFF4A69	FILE_OBJECT_UNIX_SOCKET	EVENT_CLOSE	1523030692806112156
72FB0406-3678-11E8-BF66-D9AA8AFF4A69	SUBJECT_PROCESS	3DC60A63-39B4-11E8-BF66-D9AA8AFF4A69	FILE_OBJECT_UNIX_SOCKET	EVENT_CREATE_OBJECT	1523030692806112156
72FB0406-3678-11E8-BF66-D9AA8AFF4A69	SUBJECT_PROCESS	3DC60B0B-39B4-11E8-BF66-D9AA8AFF4A69	FILE_OBJECT_UNIX_SOCKET	EVENT_CREATE_OBJECT	1523030692806112156
72FB0406-3678-11E8-BF66-D9AA8AFF4A69	SUBJECT_PROCESS	3DC60A63-39B4-11E8-BF66-D9AA8AFF4A69	FILE_OBJECT_UNIX_SOCKET	EVENT_CLOSE	1523030693816112076
72FB0406-3678-11E8-BF66-D9AA8AFF4A69	SUBJECT_PROCESS	3DC60B0B-39B4-11E8-BF66-D9AA8AFF4A69	FILE_OBJECT_UNIX_SOCKET	EVENT_CLOSE	1523030693816112076
72FB0406-3678-11E8-BF66-D9AA8AFF4A69	SUBJECT_PROCESS	3E6013BC-39B4-11E8-BF66-D9AA8AFF4A69	FILE_OBJECT_UNIX_SOCKET	EVENT_CREATE_OBJECT	1523030693816112076
72FB0406-3678-11E8-BF66-D9AA8AFF4A69	SUBJECT_PROCESS	3E601426-39B4-11E8-BF66-D9AA8AFF4A69	FILE_OBJECT_UNIX_SOCKET	EVENT_CREATE_OBJECT	1523030693816112076
72FB0406-3678-11E8-BF66-D9AA8AFF4A69	SUBJECT_PROCESS	3E6013BC-39B4-11E8-BF66-D9AA8AFF4A69	FILE_OBJECT_UNIX_SOCKET	EVENT_CLOSE	1523030694816111706
72FB0406-3678-11E8-BF66-D9AA8AFF4A69	SUBJECT_PROCESS	3E601426-39B4-11E8-BF66-D9AA8AFF4A69	FILE_OBJECT_UNIX_SOCKET	EVENT_CLOSE	1523030694816111706
72FB0406-3678-11E8-BF66-D9AA8AFF4A69	SUBJECT_PROCESS	3EF8A96A-39B4-11E8-BF66-D9AA8AFF4A69	FILE_OBJECT_UNIX_SOCKET	EVENT_CREATE_OBJECT	1523030694816111706
72FB0406-3678-11E8-BF66-D9AA8AFF4A69	SUBJECT_PROCESS	3EF8A9D4-39B4-11E8-BF66-D9AA8AFF4A69	FILE_OBJECT_UNIX_SOCKET	EVENT_CREATE_OBJECT	1523030694816111706
7060C903-3678-11E8-BF66-D9AA8AFF4A69	SUBJECT_PROCESS	77589C47-74F2-4456-B274-FF1F9644A110	FILE_OBJECT_FILE	EVENT_READ	1523030695446112636
72FB0406-3678-11E8-BF66-D9AA8AFF4A69	SUBJECT_PROCESS	3EF8A96A-39B4-11E8-BF66-D9AA8AFF4A69	FILE_OBJECT_UNIX_SOCKET	EVENT_CLOSE	1523030695806111475
72FB0406-3678-11E8-BF66-D9AA8AFF4A69	SUBJECT_PROCESS	3EF8A9D4-39B4-11E8-BF66-D9AA8AFF4A69	FILE_OBJECT_UNIX_SOCKET	EVENT_CLOSE	1523030695806111475
72FB0406-3678-11E8-BF66-D9AA8AFF4A69	SUBJECT_PROCESS	3F8FCF5D-39B4-11E8-BF66-D9AA8AFF4A69	FILE_OBJECT_UNIX_SOCKET	EVENT_CREATE_OBJECT	1523030695806111475
72FB0406-3678-11E8-BF66-D9AA8AFF4A69	SUBJECT_PROCESS	3F8FCFC4-39B4-11E8-BF66-D9AA8AFF4A69	FILE_OBJECT_UNIX_SOCKET	EVENT_CREATE_OBJECT	1523030695806111475
72FB0406-3678-11E8-BF66-D9AA8AFF4A69	SUBJECT_PROCESS	3F8FCF5D-39B4-11E8-BF66-D9AA8AFF4A69	FILE_OBJECT_UNIX_SOCKET	EVENT_CLOSE	1523030696806113074
72FB0406-3678-11E8-BF66-D9AA8AFF4A69	SUBJECT_PROCESS	3F8FCFC4-39B4-11E8-BF66-D9AA8AFF4A69	FILE_OBJECT_UNIX_SOCKET	EVENT_CLOSE	1523030696806113074
72FB0406-3678-11E8-BF66-D9AA8AFF4A69	SUBJECT_PROCESS	40286364-39B4-11E8-BF66-D9AA8AFF4A69	FILE_OBJECT_UNIX_SOCKET	EVENT_CREATE_OBJECT	1523030696806113074
72FB0406-3678-11E8-BF66-D9AA8AFF4A69	SUBJECT_PROCESS	402863CB-39B4-11E8-BF66-D9AA8AFF4A69	FILE_OBJECT_UNIX_SOCKET	EVENT_CREATE_OBJECT	1523030696806113074
D3822AFC-39AF-11E8-BF66-D9AA8AFF4A69	SUBJECT_PROCESS	D384652A-39AF-11E8-BF66-D9AA8AFF4A69	NetFlowObject	EVENT_RECVFROM	1523030697346112048
D3822AFC-39AF-11E8-BF66-D9AA8AFF4A69	SUBJECT_PROCESS	D384652A-39AF-11E8-BF66-D9AA8AFF4A69	NetFlowObject	EVENT_RECVFROM	1523030697386112131
D3822AFC-39AF-11E8-BF66-D9AA8AFF4A69	SUBJECT_PROCESS	4F66A7D8-7695-7051-9576-684791704F29	FILE_OBJECT_FILE	EVENT_OPEN	1523030697486112039
D3822AFC-39AF-11E8-BF66-D9AA8AFF4A69	SUBJECT_PROCESS	4F66A7D8-7695-7051-9576-684791704F29	FILE_OBJECT_FILE	EVENT_LSEEK	1523030697486112039
D3822AFC-39AF-11E8-BF66-D9AA8AFF4A69	SUBJECT_PROCESS	4F66A7D8-7695-7051-9576-684791704F29	FILE_OBJECT_FILE	EVENT_LSEEK	1523030697486112039
D3822AFC-39AF-11E8-BF66-D9AA8AFF4A69	SUBJECT_PROCESS	4F66A7D8-7695-7051-9576-684791704F29	FILE_OBJECT_FILE	EVENT_READ	1523030697486112039
D3822AFC-39AF-11E8-BF66-D9AA8AFF4A69	SUBJECT_PROCESS	4F66A7D8-7695-7051-9576-684791704F29	FILE_OBJECT_FILE	EVENT_CLOSE	1523030697486112039
D3822AFC-39AF-11E8-BF66-D9AA8AFF4A69	SUBJECT_PROCESS	4F66A7D8-7695-7051-9576-684791704F29	FILE_OBJECT_FILE	EVENT_OPEN	1523030697486112039
D3822AFC-39AF-11E8-BF66-D9AA8AFF4A69	SUBJECT_PROCESS	4F66A7D8-7695-7051-9576-684791704F29	FILE_OBJECT_FILE	EVENT_LSEEK	1523030697486112039
D3822AFC-39AF-11E8-BF66-D9AA8AFF4A69	SUBJECT_PROCESS	4F66A7D8-7695-7051-9576-684791704F29	FILE_OBJECT_FILE	EVENT_LSEEK	1523030697486112039
D3822AFC-39AF-11E8-BF66-D9AA8AFF4A69	SUBJECT_PROCESS	4F66A7D8-7695-7051-9576-684791704F29	FILE_OBJECT_FILE	EVENT_READ	1523030697486112039
D3822AFC-39AF-11E8-BF66-D9AA8AFF4A69	SUBJECT_PROCESS	4F66A7D8-7695-7051-9576-684791704F29	FILE_OBJECT_FILE	EVENT_CLOSE	1523030697486112039
D3822AFC-39AF-11E8-BF66-D9AA8AFF4A69	SUBJECT_PROCESS	4F66A7D8-7695-7051-9576-684791704F29	FILE_OBJECT_FILE	EVENT_OPEN	1523030697486112039
D3822AFC-39AF-11E8-BF66-D9AA8AFF4A69	SUBJECT_PROCESS	4F66A7D8-7695-7051-9576-684791704F29	FILE_OBJECT_FILE	EVENT_LSEEK	1523030697486112039
D3822AFC-39AF-11E8-BF66-D9AA8AFF4A69	SUBJECT_PROCESS	4F66A7D8-7695-7051-9576-684791704F29	FILE_OBJECT_FILE	EVENT_LSEEK	1523030697486112039
D3822AFC-39AF-11E8-BF66-D9AA8AFF4A69	SUBJECT_PROCESS	4F66A7D8-7695-7051-9576-684791704F29	FILE_OBJECT_FILE	EVENT_READ	1523030697486112039
D3822AFC-39AF-11E8-BF66-D9AA8AFF4A69	SUBJECT_PROCESS	4F66A7D8-7695-7051-9576-684791704F29	FILE_OBJECT_FILE	EVENT_CLOSE	1523030697486112039
D3822AFC-39AF-11E8-BF66-D9AA8AFF4A69	SUBJECT_PROCESS	4F66A7D8-7695-7051-9576-684791704F29	FILE_OBJECT_FILE	EVENT_OPEN	1523030697486112039
D3822AFC-39AF-11E8-BF66-D9AA8AFF4A69	SUBJECT_PROCESS	4F66A7D8-7695-7051-9576-684791704F29	FILE_OBJECT_FILE	EVENT_LSEEK	1523030697486112039
D3822AFC-39AF-11E8-BF66-D9AA8AFF4A69	SUBJECT_PROCESS	4F66A7D8-7695-7051-9576-684791704F29	FILE_OBJECT_FILE	EVENT_LSEEK	1523030697486112039
D3822AFC-39AF-11E8-BF66-D9AA8AFF4A69	SUBJECT_PROCESS	4F66A7D8-7695-7051-9576-684791704F29	FILE_OBJECT_FILE	EVENT_READ	1523030697486112039
D3822AFC-39AF-11E8-BF66-D9AA8AFF4A69	SUBJECT_PROCESS	4F66A7D8-7695-7051-9576-684791704F29	FILE_OBJECT_FILE	EVENT_CLOSE	1523030697486112039
D3822AFC-39AF-11E8-BF66-D9AA8AFF4A69	SUBJECT_PROCESS	4F66A7D8-7695-7051-9576-684791704F29	FILE_OBJECT_FILE	EVENT_OPEN	1523030697486112039
D3822AFC-39AF-11E8-BF66-D9AA8AFF4A69	SUBJECT_PROCESS	4F66A7D8-7695-7051-9576-684791704F29	FILE_OBJECT_FILE	EVENT_LSEEK	1523030697486112039
D3822AFC-39AF-11E8-BF66-D9AA8AFF4A69	SUBJECT_PROCESS	4F66A7D8-7695-7051-9576-684791704F29	FILE_OBJECT_FILE	EVENT_LSEEK	1523030697486112039
D3822AFC-39AF-11E8-BF66-D9AA8AFF4A69	SUBJECT_PROCESS	4F66A7D8-7695-7051-9576-684791704F29	FILE_OBJECT_FILE	EVENT_READ	1523030697486112039
D3822AFC-39AF-11E8-BF66-D9AA8AFF4A69	SUBJECT_PROCESS	4F66A7D8-7695-7051-9576-684791704F29	FILE_OBJECT_FILE	EVENT_CLOSE	1523030697486112039
D3822AFC-39AF-11E8-BF66-D9AA8AFF4A69	SUBJECT_PROCESS	4F66A7D8-7695-7051-9576-684791704F29	FILE_OBJECT_FILE	EVENT_OPEN	1523030697496115850
D3822AFC-39AF-11E8-BF66-D9AA8AFF4A69	SUBJECT_PROCESS	4F66A7D8-7695-7051-9576-684791704F29	FILE_OBJECT_FILE	EVENT_LSEEK	1523030697496115850
D3822AFC-39AF-11E8-BF66-D9AA8AFF4A69	SUBJECT_PROCESS	4F66A7D8-7695-7051-9576-684791704F29	FILE_OBJECT_FILE	EVENT_LSEEK	1523030697496115850
D3822AFC-39AF-11E8-BF66-D9AA8AFF4A69	SUBJECT_PROCESS	4F66A7D8-7695-7051-9576-684791704F29	FILE_OBJECT_FILE	EVENT_READ	1523030697496115850
D3822AFC-39AF-11E8-BF66-D9AA8AFF4A69	SUBJECT_PROCESS	4F66A7D8-7695-7051-9576-684791704F29	FILE_OBJECT_FILE	EVENT_CLOSE	1523030697496115850
D3822AFC-39AF-11E8-BF66-D9AA8AFF4A69	SUBJECT_PROCESS	4F66A7D8-7695-7051-9576-684791704F29	FILE_OBJECT_FILE	EVENT_OPEN	1523030697496115850
D3822AFC-39AF-11E8-BF66-D9AA8AFF4A69	SUBJECT_PROCESS	4F66A7D8-7695-7051-9576-684791704F29	FILE_OBJECT_FILE	EVENT_LSEEK	1523030697496115850
D3822AFC-39AF-11E8-BF66-D9AA8AFF4A69	SUBJECT_PROCESS	4F66A7D8-7695-7051-9576-684791704F29	FILE_OBJECT_FILE	EVENT_LSEEK	1523030697496115850
D3822AFC-39AF-11E8-BF66-D9AA8AFF4A69	SUBJECT_PROCESS	4F66A7D8-7695-7051-9576-684791704F29	FILE_OBJECT_FILE	EVENT_READ	1523030697496115850
D3822AFC-39AF-11E8-BF66-D9AA8AFF4A69	SUBJECT_PROCESS	4F66A7D8-7695-7051-9576-684791704F29	FILE_OBJECT_FILE	EVENT_CLOSE	1523030697496115850
D3822AFC-39AF-11E8-BF66-D9AA8AFF4A69	SUBJECT_PROCESS	4F66A7D8-7695-7051-9576-684791704F29	FILE_OBJECT_FILE	EVENT_OPEN	1523030697496115850
D3822AFC-39AF-11E8-BF66-D9AA8AFF4A69	SUBJECT_PROCESS	4F66A7D8-7695-7051-9576-684791704F29	FILE_OBJECT_FILE	EVENT_LSEEK	1523030697496115850
D3822AFC-39AF-11E8-BF66-D9AA8AFF4A69	SUBJECT_PROCESS	4F66A7D8-7695-7051-9576-684791704F29	FILE_OBJECT_FILE	EVENT_LSEEK	1523030697496115850
D3822AFC-39AF-11E8-BF66-D9AA8AFF4A69	SUBJECT_PROCESS	4F66A7D8-7695-7051-9576-684791704F29	FILE_OBJECT_FILE	EVENT_READ	1523030697496115850
D3822AFC-39AF-11E8-BF66-D9AA8AFF4A69	SUBJECT_PROCESS	4F66A7D8-7695-7051-9576-684791704F29	FILE_OBJECT_FILE	EVENT_CLOSE	1523030697496115850
D3822AFC-39AF-11E8-BF66-D9AA8AFF4A69	SUBJECT_PROCESS	4F66A7D8-7695-7051-9576-684791704F29	FILE_OBJECT_FILE	EVENT_OPEN	1523030697496115850
D3822AFC-39AF-11E8-BF66-D9AA8AFF4A69	SUBJECT_PROCESS	4F66A7D8-7695-7051-9576-684791704F29	FILE_OBJECT_FILE	EVENT_LSEEK	1523030697496115850
D3822AFC-39AF-11E8-BF66-D9AA8AFF4A69	SUBJECT_PROCESS	4F66A7D8-7695-7051-9576-684791704F29	FILE_OBJECT_FILE	EVENT_LSEEK	1523030697496115850
D3822AFC-39AF-11E8-BF66-D9AA8AFF4A69	SUBJECT_PROCESS	4F66A7D8-7695-7051-9576-684791704F29	FILE_OBJECT_FILE	EVENT_READ	1523030697496115850
D3822AFC-39AF-11E8-BF66-D9AA8AFF4A69	SUBJECT_PROCESS	4F66A7D8-7695-7051-9576-684791704F29	FILE_OBJECT_FILE	EVENT_CLOSE	1523030697496115850
D3822AFC-39AF-11E8-BF66-D9AA8AFF4A69	SUBJECT_PROCESS	4F66A7D8-7695-7051-9576-684791704F29	FILE_OBJECT_FILE	EVENT_OPEN	1523030697496115850
D3822AFC-39AF-11E8-BF66-D9AA8AFF4A69	SUBJECT_PROCESS	4F66A7D8-7695-7051-9576-684791704F29	FILE_OBJECT_FILE	EVENT_LSEEK	1523030697496115850
D3822AFC-39AF-11E8-BF66-D9AA8AFF4A69	SUBJECT_PROCESS	4F66A7D8-7695-7051-9576-684791704F29	FILE_OBJECT_FILE	EVENT_LSEEK	1523030697496115850
D3822AFC-39AF-11E8-BF66-D9AA8AFF4A69	SUBJECT_PROCESS	4F66A7D8-7695-7051-9576-684791704F29	FILE_OBJECT_FILE	EVENT_READ	1523030697496115850
D3822AFC-39AF-11E8-BF66-D9AA8AFF4A69	SUBJECT_PROCESS	4F66A7D8-7695-7051-9576-684791704F29	FILE_OBJECT_FILE	EVENT_CLOSE	1523030697496115850
D3822AFC-39AF-11E8-BF66-D9AA8AFF4A69	SUBJECT_PROCESS	4F66A7D8-7695-7051-9576-684791704F29	FILE_OBJECT_FILE	EVENT_OPEN	1523030697496115850
D3822AFC-39AF-11E8-BF66-D9AA8AFF4A69	SUBJECT_PROCESS	4F66A7D8-7695-7051-9576-684791704F29	FILE_OBJECT_FILE	EVENT_LSEEK	1523030697496115850
D3822AFC-39AF-11E8-BF66-D9AA8AFF4A69	SUBJECT_PROCESS	4F66A7D8-7695-7051-9576-684791704F29	FILE_OBJECT_FILE	EVENT_LSEEK	1523030697496115850
D3822AFC-39AF-11E8-BF66-D9AA8AFF4A69	SUBJECT_PROCESS	4F66A7D8-7695-7051-9576-684791704F29	FILE_OBJECT_FILE	EVENT_READ	1523030697496115850
D3822AFC-39AF-11E8-BF66-D9AA8AFF4A69	SUBJECT_PROCESS	4F66A7D8-7695-7051-9576-684791704F29	FILE_OBJECT_FILE	EVENT_CLOSE	1523030697496115850
D3822AFC-39AF-11E8-BF66-D9AA8AFF4A69	SUBJECT_PROCESS	4F66A7D8-7695-7051-9576-684791704F29	FILE_OBJECT_FILE	EVENT_OPEN	1523030697496115850
D3822AFC-39AF-11E8-BF66-D9AA8AFF4A69	SUBJECT_PROCESS	4F66A7D8-7695-7051-9576-684791704F29	FILE_OBJECT_FILE	EVENT_LSEEK	1523030697506113970
D3822AFC-39AF-11E8-BF66-D9AA8AFF4A69	SUBJECT_PROCESS	4F66A7D8-7695-7051-9576-684791704F29	FILE_OBJECT_FILE	EVENT_LSEEK	1523030697506113970
D3822AFC-39AF-11E8-BF66-D9AA8AFF4A69	SUBJECT_PROCESS	4F66A7D8-7695-7051-9576-684791704F29	FILE_OBJECT_FILE	EVENT_READ	1523030697506113970
D3822AFC-39AF-11E8-BF66-D9AA8AFF4A69	SUBJECT_PROCESS	4F66A7D8-7695-7051-9576-684791704F29	FILE_OBJECT_FILE	EVENT_CLOSE	1523030697506113970
D3822AFC-39AF-11E8-BF66-D9AA8AFF4A69	SUBJECT_PROCESS	4F66A7D8-7695-7051-9576-684791704F29	FILE_OBJECT_FILE	EVENT_OPEN	1523030697506113970
D3822AFC-39AF-11E8-BF66-D9AA8AFF4A69	SUBJECT_PROCESS	4F66A7D8-7695-7051-9576-684791704F29	FILE_OBJECT_FILE	EVENT_LSEEK	1523030697506113970
D3822AFC-39AF-11E8-BF66-D9AA8AFF4A69	SUBJECT_PROCESS	4F66A7D8-7695-7051-9576-684791704F29	FILE_OBJECT_FILE	EVENT_LSEEK	1523030697506113970
D3822AFC-39AF-11E8-BF66-D9AA8AFF4A69	SUBJECT_PROCESS	4F66A7D8-7695-7051-9576-684791704F29	FILE_OBJECT_FILE	EVENT_READ	1523030697506113970
D3822AFC-39AF-11E8-BF66-D9AA8AFF4A69	SUBJECT_PROCESS	4F66A7D8-7695-7051-9576-684791704F29	FILE_OBJECT_FILE	EVENT_CLOSE	1523030697506113970
D3822AFC-39AF-11E8-BF66-D9AA8AFF4A69	SUBJECT_PROCESS	4F66A7D8-7695-7051-9576-684791704F29	FILE_OBJECT_FILE	EVENT_OPEN	1523030697506113970
D3822AFC-39AF-11E8-BF66-D9AA8AFF4A69	SUBJECT_PROCESS	4F66A7D8-7695-7051-9576-684791704F29	FILE_OBJECT_FILE	EVENT_LSEEK	1523030697506113970
D3822AFC-39AF-11E8-BF66-D9AA8AFF4A69	SUBJECT_PROCESS	4F66A7D8-7695-7051-9576-684791704F29	FILE_OBJECT_FILE	EVENT_LSEEK	1523030697506113970
D3822AFC-39AF-11E8-BF66-D9AA8AFF4A69	SUBJECT_PROCESS	4F66A7D8-7695-7051-9576-684791704F29	FILE_OBJECT_FILE	EVENT_READ	1523030697506113970
D3822AFC-39AF-11E8-BF66-D9AA8AFF4A69	SUBJECT_PROCESS	4F66A7D8-7695-7051-9576-684791704F29	FILE_OBJECT_FILE	EVENT_CLOSE	1523030697506113970
D3822AFC-39AF-11E8-BF66-D9AA8AFF4A69	SUBJECT_PROCESS	4F66A7D8-7695-7051-9576-684791704F29	FILE_OBJECT_FILE	EVENT_OPEN	1523030697506113970
D3822AFC-39AF-11E8-BF66-D9AA8AFF4A69	SUBJECT_PROCESS	4F66A7D8-7695-7051-9576-684791704F29	FILE_OBJECT_FILE	EVENT_LSEEK	1523030697506113970
D3822AFC-39AF-11E8-BF66-D9AA8AFF4A69	SUBJECT_PROCESS	4F66A7D8-7695-7051-9576-684791704F29	FILE_OBJECT_FILE	EVENT_LSEEK	1523030697506113970
D3822AFC-39AF-11E8-BF66-D9AA8AFF4A69	SUBJECT_PROCESS	4F66A7D8-7695-7051-9576-684791704F29	FILE_OBJECT_FILE	EVENT_READ	1523030697506113970
D3822AFC-39AF-11E8-BF66-D9AA8AFF4A69	SUBJECT_PROCESS	4F66A7D8-7695-7051-9576-684791704F29	FILE_OBJECT_FILE	EVENT_CLOSE	1523030697506113970
D3822AFC-39AF-11E8-BF66-D9AA8AFF4A69	SUBJECT_PROCESS	4F66A7D8-7695-7051-9576-684791704F29	FILE_OBJECT_FILE	EVENT_OPEN	1523030697506113970
D3822AFC-39AF-11E8-BF66-D9AA8AFF4A69	SUBJECT_PROCESS	4F66A7D8-7695-7051-9576-684791704F29	FILE_OBJECT_FILE	EVENT_LSEEK	1523030697506113970
D3822AFC-39AF-11E8-BF66-D9AA8AFF4A69	SUBJECT_PROCESS	4F66A7D8-7695-7051-9576-684791704F29	FILE_OBJECT_FILE	EVENT_LSEEK	1523030697506113970
D3822AFC-39AF-11E8-BF66-D9AA8AFF4A69	SUBJECT_PROCESS	4F66A7D8-7695-7051-9576-684791704F29	FILE_OBJECT_FILE	EVENT_READ	1523030697506113970
D3822AFC-39AF-11E8-BF66-D9AA8AFF4A69	SUBJECT_PROCESS	4F66A7D8-7695-7051-9576-684791704F29	FILE_OBJECT_FILE	EVENT_CLOSE	1523030697506113970
D3822AFC-39AF-11E8-BF66-D9AA8AFF4A69	SUBJECT_PROCESS	4F66A7D8-7695-7051-9576-684791704F29	FILE_OBJECT_FILE	EVENT_OPEN	1523030697506113970
D3822AFC-39AF-11E8-BF66-D9AA8AFF4A69	SUBJECT_PROCESS	4F66A7D8-7695-7051-9576-684791704F29	FILE_OBJECT_FILE	EVENT_LSEEK	1523030697506113970
D3822AFC-39AF-11E8-BF66-D9AA8AFF4A69	SUBJECT_PROCESS	4F66A7D8-7695-7051-9576-684791704F29	FILE_OBJECT_FILE	EVENT_LSEEK	1523030697506113970
D3822AFC-39AF-11E8-BF66-D9AA8AFF4A69	SUBJECT_PROCESS	4F66A7D8-7695-7051-9576-684791704F29	FILE_OBJECT_FILE	EVENT_READ	1523030697506113970
D3822AFC-39AF-11E8-BF66-D9AA8AFF4A69	SUBJECT_PROCESS	4F66A7D8-7695-7051-9576-684791704F29	FILE_OBJECT_FILE	EVENT_CLOSE	1523030697506113970
D3822AFC-39AF-11E8-BF66-D9AA8AFF4A69	SUBJECT_PROCESS	4F66A7D8-7695-7051-9576-684791704F29	FILE_OBJECT_FILE	EVENT_OPEN	1523030697506113970
D3822AFC-39AF-11E8-BF66-D9AA8AFF4A69	SUBJECT_PROCESS	4F66A7D8-7695-7051-9576-684791704F29	FILE_OBJECT_FILE	EVENT_LSEEK	1523030697516113911
D3822AFC-39AF-11E8-BF66-D9AA8AFF4A69	SUBJECT_PROCESS	4F66A7D8-7695-7051-9576-684791704F29	FILE_OBJECT_FILE	EVENT_LSEEK	1523030697516113911
D3822AFC-39AF-11E8-BF66-D9AA8AFF4A69	SUBJECT_PROCESS	4F66A7D8-7695-7051-9576-684791704F29	FILE_OBJECT_FILE	EVENT_READ	1523030697516113911
D3822AFC-39AF-11E8-BF66-D9AA8AFF4A69	SUBJECT_PROCESS	4F66A7D8-7695-7051-9576-684791704F29	FILE_OBJECT_FILE	EVENT_CLOSE	1523030697516113911
D3822AFC-39AF-11E8-BF66-D9AA8AFF4A69	SUBJECT_PROCESS	4F66A7D8-7695-7051-9576-684791704F29	FILE_OBJECT_FILE	EVENT_OPEN	1523030697516113911
D3822AFC-39AF-11E8-BF66-D9AA8AFF4A69	SUBJECT_PROCESS	4F66A7D8-7695-7051-9576-684791704F29	FILE_OBJECT_FILE	EVENT_LSEEK	1523030697516113911
D3822AFC-39AF-11E8-BF66-D9AA8AFF4A69	SUBJECT_PROCESS	4F66A7D8-7695-7051-9576-684791704F29	FILE_OBJECT_FILE	EVENT_LSEEK	1523030697516113911
D3822AFC-39AF-11E8-BF66-D9AA8AFF4A69	SUBJECT_PROCESS	4F66A7D8-7695-7051-9576-684791704F29	FILE_OBJECT_FILE	EVENT_READ	1523030697516113911
D3822AFC-39AF-11E8-BF66-D9AA8AFF4A69	SUBJECT_PROCESS	4F66A7D8-7695-7051-9576-684791704F29	FILE_OBJECT_FILE	EVENT_CLOSE	1523030697516113911
D3822AFC-39AF-11E8-BF66-D9AA8AFF4A69	SUBJECT_PROCESS	4F66A7D8-7695-7051-9576-684791704F29	FILE_OBJECT_FILE	EVENT_OPEN	1523030697516113911
D3822AFC-39AF-11E8-BF66-D9AA8AFF4A69	SUBJECT_PROCESS	4F66A7D8-7695-7051-9576-684791704F29	FILE_OBJECT_FILE	EVENT_LSEEK	1523030697516113911
D3822AFC-39AF-11E8-BF66-D9AA8AFF4A69	SUBJECT_PROCESS	4F66A7D8-7695-7051-9576-684791704F29	FILE_OBJECT_FILE	EVENT_LSEEK	1523030697516113911
D3822AFC-39AF-11E8-BF66-D9AA8AFF4A69	SUBJECT_PROCESS	4F66A7D8-7695-7051-9576-684791704F29	FILE_OBJECT_FILE	EVENT_READ	1523030697516113911
D3822AFC-39AF-11E8-BF66-D9AA8AFF4A69	SUBJECT_PROCESS	4F66A7D8-7695-7051-9576-684791704F29	FILE_OBJECT_FILE	EVENT_CLOSE	1523030697516113911
D3822AFC-39AF-11E8-BF66-D9AA8AFF4A69	SUBJECT_PROCESS	4F66A7D8-7695-7051-9576-684791704F29	FILE_OBJECT_FILE	EVENT_OPEN	1523030697516113911
D3822AFC-39AF-11E8-BF66-D9AA8AFF4A69	SUBJECT_PROCESS	4F66A7D8-7695-7051-9576-684791704F29	FILE_OBJECT_FILE	EVENT_LSEEK	1523030697516113911
D3822AFC-39AF-11E8-BF66-D9AA8AFF4A69	SUBJECT_PROCESS	4F66A7D8-7695-7051-9576-684791704F29	FILE_OBJECT_FILE	EVENT_LSEEK	1523030697516113911
D3822AFC-39AF-11E8-BF66-D9AA8AFF4A69	SUBJECT_PROCESS	4F66A7D8-7695-7051-9576-684791704F29	FILE_OBJECT_FILE	EVENT_READ	1523030697516113911
D3822AFC-39AF-11E8-BF66-D9AA8AFF4A69	SUBJECT_PROCESS	4F66A7D8-7695-7051-9576-684791704F29	FILE_OBJECT_FILE	EVENT_CLOSE	1523030697516113911
D3822AFC-39AF-11E8-BF66-D9AA8AFF4A69	SUBJECT_PROCESS	4F66A7D8-7695-7051-9576-684791704F29	FILE_OBJECT_FILE	EVENT_OPEN	1523030697516113911
D3822AFC-39AF-11E8-BF66-D9AA8AFF4A69	SUBJECT_PROCESS	4F66A7D8-7695-7051-9576-684791704F29	FILE_OBJECT_FILE	EVENT_LSEEK	1523030697516113911
D3822AFC-39AF-11E8-BF66-D9AA8AFF4A69	SUBJECT_PROCESS	4F66A7D8-7695-7051-9576-684791704F29	FILE_OBJECT_FILE	EVENT_LSEEK	1523030697516113911
D3822AFC-39AF-11E8-BF66-D9AA8AFF4A69	SUBJECT_PROCESS	4F66A7D8-7695-7051-9576-684791704F29	FILE_OBJECT_FILE	EVENT_READ	1523030697516113911
D3822AFC-39AF-11E8-BF66-D9AA8AFF4A69	SUBJECT_PROCESS	4F66A7D8-7695-7051-9576-684791704F29	FILE_OBJECT_FILE	EVENT_CLOSE	1523030697516113911
D3822AFC-39AF-11E8-BF66-D9AA8AFF4A69	SUBJECT_PROCESS	4F66A7D8-7695-7051-9576-684791704F29	FILE_OBJECT_FILE	EVENT_OPEN	1523030697516113911
D3822AFC-39AF-11E8-BF66-D9AA8AFF4A69	SUBJECT_PROCESS	4F66A7D8-7695-7051-9576-684791704F29	FILE_OBJECT_FILE	EVENT_LSEEK	1523030697516113911
D3822AFC-39AF-11E8-BF66-D9AA8AFF4A69	SUBJECT_PROCESS	4F66A7D8-7695-7051-9576-684791704F29	FILE_OBJECT_FILE	EVENT_LSEEK	1523030697516113911
D3822AFC-39AF-11E8-BF66-D9AA8AFF4A69	SUBJECT_PROCESS	4F66A7D8-7695-7051-9576-684791704F29	FILE_OBJECT_FILE	EVENT_READ	1523030697516113911
D3822AFC-39AF-11E8-BF66-D9AA8AFF4A69	SUBJECT_PROCESS	4F66A7D8-7695-7051-9576-684791704F29	FILE_OBJECT_FILE	EVENT_CLOSE	1523030697516113911
D3822AFC-39AF-11E8-BF66-D9AA8AFF4A69	SUBJECT_PROCESS	4F66A7D8-7695-7051-9576-684791704F29	FILE_OBJECT_FILE	EVENT_OPEN	1523030697516113911
D3822AFC-39AF-11E8-BF66-D9AA8AFF4A69	SUBJECT_PROCESS	4F66A7D8-7695-7051-9576-684791704F29	FILE_OBJECT_FILE	EVENT_LSEEK	1523030697516113911
D3822AFC-39AF-11E8-BF66-D9AA8AFF4A69	SUBJECT_PROCESS	4F66A7D8-7695-7051-9576-684791704F29	FILE_OBJECT_FILE	EVENT_LSEEK	1523030697526118002
D3822AFC-39AF-11E8-BF66-D9AA8AFF4A69	SUBJECT_PROCESS	4F66A7D8-7695-7051-9576-684791704F29	FILE_OBJECT_FILE	EVENT_READ	1523030697526118002
D3822AFC-39AF-11E8-BF66-D9AA8AFF4A69	SUBJECT_PROCESS	4F66A7D8-7695-7051-9576-684791704F29	FILE_OBJECT_FILE	EVENT_CLOSE	1523030697526118002
D3822AFC-39AF-11E8-BF66-D9AA8AFF4A69	SUBJECT_PROCESS	4F66A7D8-7695-7051-9576-684791704F29	FILE_OBJECT_FILE	EVENT_OPEN	1523030697526118002
D3822AFC-39AF-11E8-BF66-D9AA8AFF4A69	SUBJECT_PROCESS	4F66A7D8-7695-7051-9576-684791704F29	FILE_OBJECT_FILE	EVENT_LSEEK	1523030697526118002
D3822AFC-39AF-11E8-BF66-D9AA8AFF4A69	SUBJECT_PROCESS	4F66A7D8-7695-7051-9576-684791704F29	FILE_OBJECT_FILE	EVENT_LSEEK	1523030697526118002
D3822AFC-39AF-11E8-BF66-D9AA8AFF4A69	SUBJECT_PROCESS	4F66A7D8-7695-7051-9576-684791704F29	FILE_OBJECT_FILE	EVENT_READ	1523030697526118002
D3822AFC-39AF-11E8-BF66-D9AA8AFF4A69	SUBJECT_PROCESS	4F66A7D8-7695-7051-9576-684791704F29	FILE_OBJECT_FILE	EVENT_CLOSE	1523030697526118002
D3822AFC-39AF-11E8-BF66-D9AA8AFF4A69	SUBJECT_PROCESS	4F66A7D8-7695-7051-9576-684791704F29	FILE_OBJECT_FILE	EVENT_OPEN	1523030697526118002
D3822AFC-39AF-11E8-BF66-D9AA8AFF4A69	SUBJECT_PROCESS	4F66A7D8-7695-7051-9576-684791704F29	FILE_OBJECT_FILE	EVENT_LSEEK	1523030697526118002
D3822AFC-39AF-11E8-BF66-D9AA8AFF4A69	SUBJECT_PROCESS	4F66A7D8-7695-7051-9576-684791704F29	FILE_OBJECT_FILE	EVENT_LSEEK	1523030697526118002
D3822AFC-39AF-11E8-BF66-D9AA8AFF4A69	SUBJECT_PROCESS	4F66A7D8-7695-7051-9576-684791704F29	FILE_OBJECT_FILE	EVENT_READ	1523030697526118002
D3822AFC-39AF-11E8-BF66-D9AA8AFF4A69	SUBJECT_PROCESS	4F66A7D8-7695-7051-9576-684791704F29	FILE_OBJECT_FILE	EVENT_CLOSE	1523030697526118002
D3822AFC-39AF-11E8-BF66-D9AA8AFF4A69	SUBJECT_PROCESS	4F66A7D8-7695-7051-9576-684791704F29	FILE_OBJECT_FILE	EVENT_OPEN	1523030697526118002
D3822AFC-39AF-11E8-BF66-D9AA8AFF4A69	SUBJECT_PROCESS	4F66A7D8-7695-7051-9576-684791704F29	FILE_OBJECT_FILE	EVENT_LSEEK	1523030697526118002
D3822AFC-39AF-11E8-BF66-D9AA8AFF4A69	SUBJECT_PROCESS	4F66A7D8-7695-7051-9576-684791704F29	FILE_OBJECT_FILE	EVENT_LSEEK	1523030697526118002
D3822AFC-39AF-11E8-BF66-D9AA8AFF4A69	SUBJECT_PROCESS	4F66A7D8-7695-7051-9576-684791704F29	FILE_OBJECT_FILE	EVENT_READ	1523030697526118002
D3822AFC-39AF-11E8-BF66-D9AA8AFF4A69	SUBJECT_PROCESS	4F66A7D8-7695-7051-9576-684791704F29	FILE_OBJECT_FILE	EVENT_CLOSE	1523030697526118002
D3822AFC-39AF-11E8-BF66-D9AA8AFF4A69	SUBJECT_PROCESS	4F66A7D8-7695-7051-9576-684791704F29	FILE_OBJECT_FILE	EVENT_OPEN	1523030697526118002
D3822AFC-39AF-11E8-BF66-D9AA8AFF4A69	SUBJECT_PROCESS	4F66A7D8-7695-7051-9576-684791704F29	FILE_OBJECT_FILE	EVENT_LSEEK	1523030697526118002
D3822AFC-39AF-11E8-BF66-D9AA8AFF4A69	SUBJECT_PROCESS	4F66A7D8-7695-7051-9576-684791704F29	FILE_OBJECT_FILE	EVENT_LSEEK	1523030697526118002
D3822AFC-39AF-11E8-BF66-D9AA8AFF4A69	SUBJECT_PROCESS	4F66A7D8-7695-7051-9576-684791704F29	FILE_OBJECT_FILE	EVENT_READ	1523030697526118002
D3822AFC-39AF-11E8-BF66-D9AA8AFF4A69	SUBJECT_PROCESS	4F66A7D8-7695-7051-9576-684791704F29	FILE_OBJECT_FILE	EVENT_CLOSE	1523030697526118002
D3822AFC-39AF-11E8-BF66-D9AA8AFF4A69	SUBJECT_PROCESS	4F66A7D8-7695-7051-9576-684791704F29	FILE_OBJECT_FILE	EVENT_OPEN	1523030697526118002
D3822AFC-39AF-11E8-BF66-D9AA8AFF4A69	SUBJECT_PROCESS	4F66A7D8-7695-7051-9576-684791704F29	FILE_OBJECT_FILE	EVENT_LSEEK	1523030697526118002
D3822AFC-39AF-11E8-BF66-D9AA8AFF4A69	SUBJECT_PROCESS	4F66A7D8-7695-7051-9576-684791704F29	FILE_OBJECT_FILE	EVENT_LSEEK	1523030697526118002
D3822AFC-39AF-11E8-BF66-D9AA8AFF4A69	SUBJECT_PROCESS	4F66A7D8-7695-7051-9576-684791704F29	FILE_OBJECT_FILE	EVENT_READ	1523030697526118002
D3822AFC-39AF-11E8-BF66-D9AA8AFF4A69	SUBJECT_PROCESS	4F66A7D8-7695-7051-9576-684791704F29	FILE_OBJECT_FILE	EVENT_CLOSE	1523030697526118002
D3822AFC-39AF-11E8-BF66-D9AA8AFF4A69	SUBJECT_PROCESS	4F66A7D8-7695-7051-9576-684791704F29	FILE_OBJECT_FILE	EVENT_OPEN	1523030697526118002
D3822AFC-39AF-11E8-BF66-D9AA8AFF4A69	SUBJECT_PROCESS	4F66A7D8-7695-7051-9576-684791704F29	FILE_OBJECT_FILE	EVENT_LSEEK	1523030697536113293
D3822AFC-39AF-11E8-BF66-D9AA8AFF4A69	SUBJECT_PROCESS	4F66A7D8-7695-7051-9576-684791704F29	FILE_OBJECT_FILE	EVENT_LSEEK	1523030697536113293
D3822AFC-39AF-11E8-BF66-D9AA8AFF4A69	SUBJECT_PROCESS	4F66A7D8-7695-7051-9576-684791704F29	FILE_OBJECT_FILE	EVENT_READ	1523030697536113293
D3822AFC-39AF-11E8-BF66-D9AA8AFF4A69	SUBJECT_PROCESS	4F66A7D8-7695-7051-9576-684791704F29	FILE_OBJECT_FILE	EVENT_CLOSE	1523030697536113293
D3822AFC-39AF-11E8-BF66-D9AA8AFF4A69	SUBJECT_PROCESS	4F66A7D8-7695-7051-9576-684791704F29	FILE_OBJECT_FILE	EVENT_OPEN	1523030697536113293
D3822AFC-39AF-11E8-BF66-D9AA8AFF4A69	SUBJECT_PROCESS	4F66A7D8-7695-7051-9576-684791704F29	FILE_OBJECT_FILE	EVENT_LSEEK	1523030697536113293
D3822AFC-39AF-11E8-BF66-D9AA8AFF4A69	SUBJECT_PROCESS	4F66A7D8-7695-7051-9576-684791704F29	FILE_OBJECT_FILE	EVENT_LSEEK	1523030697536113293
D3822AFC-39AF-11E8-BF66-D9AA8AFF4A69	SUBJECT_PROCESS	4F66A7D8-7695-7051-9576-684791704F29	FILE_OBJECT_FILE	EVENT_READ	1523030697536113293
D3822AFC-39AF-11E8-BF66-D9AA8AFF4A69	SUBJECT_PROCESS	4F66A7D8-7695-7051-9576-684791704F29	FILE_OBJECT_FILE	EVENT_CLOSE	1523030697536113293
D3822AFC-39AF-11E8-BF66-D9AA8AFF4A69	SUBJECT_PROCESS	4F66A7D8-7695-7051-9576-684791704F29	FILE_OBJECT_FILE	EVENT_OPEN	1523030697536113293
D3822AFC-39AF-11E8-BF66-D9AA8AFF4A69	SUBJECT_PROCESS	4F66A7D8-7695-7051-9576-684791704F29	FILE_OBJECT_FILE	EVENT_LSEEK	1523030697536113293
D3822AFC-39AF-11E8-BF66-D9AA8AFF4A69	SUBJECT_PROCESS	4F66A7D8-7695-7051-9576-684791704F29	FILE_OBJECT_FILE	EVENT_LSEEK	1523030697536113293
D3822AFC-39AF-11E8-BF66-D9AA8AFF4A69	SUBJECT_PROCESS	4F66A7D8-7695-7051-9576-684791704F29	FILE_OBJECT_FILE	EVENT_READ	1523030697536113293
D3822AFC-39AF-11E8-BF66-D9AA8AFF4A69	SUBJECT_PROCESS	4F66A7D8-7695-7051-9576-684791704F29	FILE_OBJECT_FILE	EVENT_CLOSE	1523030697536113293
D3822AFC-39AF-11E8-BF66-D9AA8AFF4A69	SUBJECT_PROCESS	4F66A7D8-7695-7051-9576-684791704F29	FILE_OBJECT_FILE	EVENT_OPEN	1523030697536113293
D3822AFC-39AF-11E8-BF66-D9AA8AFF4A69	SUBJECT_PROCESS	4F66A7D8-7695-7051-9576-684791704F29	FILE_OBJECT_FILE	EVENT_LSEEK	1523030697536113293
D3822AFC-39AF-11E8-BF66-D9AA8AFF4A69	SUBJECT_PROCESS	4F66A7D8-7695-7051-9576-684791704F29	FILE_OBJECT_FILE	EVENT_LSEEK	1523030697536113293
D3822AFC-39AF-11E8-BF66-D9AA8AFF4A69	SUBJECT_PROCESS	4F66A7D8-7695-7051-9576-684791704F29	FILE_OBJECT_FILE	EVENT_READ	1523030697536113293
D3822AFC-39AF-11E8-BF66-D9AA8AFF4A69	SUBJECT_PROCESS	4F66A7D8-7695-7051-9576-684791704F29	FILE_OBJECT_FILE	EVENT_CLOSE	1523030697536113293
D3822AFC-39AF-11E8-BF66-D9AA8AFF4A69	SUBJECT_PROCESS	4F66A7D8-7695-7051-9576-684791704F29	FILE_OBJECT_FILE	EVENT_OPEN	1523030697536113293
D3822AFC-39AF-11E8-BF66-D9AA8AFF4A69	SUBJECT_PROCESS	4F66A7D8-7695-7051-9576-684791704F29	FILE_OBJECT_FILE	EVENT_LSEEK	1523030697536113293
D3822AFC-39AF-11E8-BF66-D9AA8AFF4A69	SUBJECT_PROCESS	4F66A7D8-7695-7051-9576-684791704F29	FILE_OBJECT_FILE	EVENT_LSEEK	1523030697536113293
D3822AFC-39AF-11E8-BF66-D9AA8AFF4A69	SUBJECT_PROCESS	4F66A7D8-7695-7051-9576-684791704F29	FILE_OBJECT_FILE	EVENT_READ	1523030697536113293
D3822AFC-39AF-11E8-BF66-D9AA8AFF4A69	SUBJECT_PROCESS	4F66A7D8-7695-7051-9576-684791704F29	FILE_OBJECT_FILE	EVENT_CLOSE	1523030697536113293
D3822AFC-39AF-11E8-BF66-D9AA8AFF4A69	SUBJECT_PROCESS	4F66A7D8-7695-7051-9576-684791704F29	FILE_OBJECT_FILE	EVENT_OPEN	1523030697536113293
D3822AFC-39AF-11E8-BF66-D9AA8AFF4A69	SUBJECT_PROCESS	4F66A7D8-7695-7051-9576-684791704F29	FILE_OBJECT_FILE	EVENT_LSEEK	1523030697536113293
D3822AFC-39AF-11E8-BF66-D9AA8AFF4A69	SUBJECT_PROCESS	4F66A7D8-7695-7051-9576-684791704F29	FILE_OBJECT_FILE	EVENT_LSEEK	1523030697536113293
D3822AFC-39AF-11E8-BF66-D9AA8AFF4A69	SUBJECT_PROCESS	4F66A7D8-7695-7051-9576-684791704F29	FILE_OBJECT_FILE	EVENT_READ	1523030697536113293
D3822AFC-39AF-11E8-BF66-D9AA8AFF4A69	SUBJECT_PROCESS	4F66A7D8-7695-7051-9576-684791704F29	FILE_OBJECT_FILE	EVENT_CLOSE	1523030697536113293
D3822AFC-39AF-11E8-BF66-D9AA8AFF4A69	SUBJECT_PROCESS	4F66A7D8-7695-7051-9576-684791704F29	FILE_OBJECT_FILE	EVENT_OPEN	1523030697536113293
D3822AFC-39AF-11E8-BF66-D9AA8AFF4A69	SUBJECT_PROCESS	4F66A7D8-7695-7051-9576-684791704F29	FILE_OBJECT_FILE	EVENT_LSEEK	1523030697536113293
D3822AFC-39AF-11E8-BF66-D9AA8AFF4A69	SUBJECT_PROCESS	4F66A7D8-7695-7051-9576-684791704F29	FILE_OBJECT_FILE	EVENT_LSEEK	1523030697546114094
D3822AFC-39AF-11E8-BF66-D9AA8AFF4A69	SUBJECT_PROCESS	4F66A7D8-7695-7051-9576-684791704F29	FILE_OBJECT_FILE	EVENT_READ	1523030697546114094
D3822AFC-39AF-11E8-BF66-D9AA8AFF4A69	SUBJECT_PROCESS	4F66A7D8-7695-7051-9576-684791704F29	FILE_OBJECT_FILE	EVENT_CLOSE	1523030697546114094
D3822AFC-39AF-11E8-BF66-D9AA8AFF4A69	SUBJECT_PROCESS	4F66A7D8-7695-7051-9576-684791704F29	FILE_OBJECT_FILE	EVENT_OPEN	1523030697546114094
D3822AFC-39AF-11E8-BF66-D9AA8AFF4A69	SUBJECT_PROCESS	4F66A7D8-7695-7051-9576-684791704F29	FILE_OBJECT_FILE	EVENT_LSEEK	1523030697546114094
D3822AFC-39AF-11E8-BF66-D9AA8AFF4A69	SUBJECT_PROCESS	4F66A7D8-7695-7051-9576-684791704F29	FILE_OBJECT_FILE	EVENT_LSEEK	1523030697546114094
D3822AFC-39AF-11E8-BF66-D9AA8AFF4A69	SUBJECT_PROCESS	4F66A7D8-7695-7051-9576-684791704F29	FILE_OBJECT_FILE	EVENT_READ	1523030697546114094
D3822AFC-39AF-11E8-BF66-D9AA8AFF4A69	SUBJECT_PROCESS	4F66A7D8-7695-7051-9576-684791704F29	FILE_OBJECT_FILE	EVENT_CLOSE	1523030697546114094
D3822AFC-39AF-11E8-BF66-D9AA8AFF4A69	SUBJECT_PROCESS	4F66A7D8-7695-7051-9576-684791704F29	FILE_OBJECT_FILE	EVENT_OPEN	1523030697546114094
D3822AFC-39AF-11E8-BF66-D9AA8AFF4A69	SUBJECT_PROCESS	4F66A7D8-7695-7051-9576-684791704F29	FILE_OBJECT_FILE	EVENT_LSEEK	1523030697546114094
D3822AFC-39AF-11E8-BF66-D9AA8AFF4A69	SUBJECT_PROCESS	4F66A7D8-7695-7051-9576-684791704F29	FILE_OBJECT_FILE	EVENT_LSEEK	1523030697546114094
D3822AFC-39AF-11E8-BF66-D9AA8AFF4A69	SUBJECT_PROCESS	4F66A7D8-7695-7051-9576-684791704F29	FILE_OBJECT_FILE	EVENT_READ	1523030697546114094
D3822AFC-39AF-11E8-BF66-D9AA8AFF4A69	SUBJECT_PROCESS	4F66A7D8-7695-7051-9576-684791704F29	FILE_OBJECT_FILE	EVENT_CLOSE	1523030697546114094
D3822AFC-39AF-11E8-BF66-D9AA8AFF4A69	SUBJECT_PROCESS	4F66A7D8-7695-7051-9576-684791704F29	FILE_OBJECT_FILE	EVENT_OPEN	1523030697546114094
D3822AFC-39AF-11E8-BF66-D9AA8AFF4A69	SUBJECT_PROCESS	4F66A7D8-7695-7051-9576-684791704F29	FILE_OBJECT_FILE	EVENT_LSEEK	1523030697546114094
D3822AFC-39AF-11E8-BF66-D9AA8AFF4A69	SUBJECT_PROCESS	4F66A7D8-7695-7051-9576-684791704F29	FILE_OBJECT_FILE	EVENT_LSEEK	1523030697546114094
D3822AFC-39AF-11E8-BF66-D9AA8AFF4A69	SUBJECT_PROCESS	4F66A7D8-7695-7051-9576-684791704F29	FILE_OBJECT_FILE	EVENT_READ	1523030697546114094
D3822AFC-39AF-11E8-BF66-D9AA8AFF4A69	SUBJECT_PROCESS	4F66A7D8-7695-7051-9576-684791704F29	FILE_OBJECT_FILE	EVENT_CLOSE	1523030697546114094
D3822AFC-39AF-11E8-BF66-D9AA8AFF4A69	SUBJECT_PROCESS	4F66A7D8-7695-7051-9576-684791704F29	FILE_OBJECT_FILE	EVENT_OPEN	1523030697546114094
D3822AFC-39AF-11E8-BF66-D9AA8AFF4A69	SUBJECT_PROCESS	4F66A7D8-7695-7051-9576-684791704F29	FILE_OBJECT_FILE	EVENT_LSEEK	1523030697546114094
D3822AFC-39AF-11E8-BF66-D9AA8AFF4A69	SUBJECT_PROCESS	4F66A7D8-7695-7051-9576-684791704F29	FILE_OBJECT_FILE	EVENT_LSEEK	1523030697546114094
D3822AFC-39AF-11E8-BF66-D9AA8AFF4A69	SUBJECT_PROCESS	4F66A7D8-7695-7051-9576-684791704F29	FILE_OBJECT_FILE	EVENT_READ	1523030697546114094
D3822AFC-39AF-11E8-BF66-D9AA8AFF4A69	SUBJECT_PROCESS	4F66A7D8-7695-7051-9576-684791704F29	FILE_OBJECT_FILE	EVENT_CLOSE	1523030697546114094
D3822AFC-39AF-11E8-BF66-D9AA8AFF4A69	SUBJECT_PROCESS	4F66A7D8-7695-7051-9576-684791704F29	FILE_OBJECT_FILE	EVENT_OPEN	1523030697546114094
D3822AFC-39AF-11E8-BF66-D9AA8AFF4A69	SUBJECT_PROCESS	4F66A7D8-7695-7051-9576-684791704F29	FILE_OBJECT_FILE	EVENT_LSEEK	1523030697546114094
D3822AFC-39AF-11E8-BF66-D9AA8AFF4A69	SUBJECT_PROCESS	4F66A7D8-7695-7051-9576-684791704F29	FILE_OBJECT_FILE	EVENT_LSEEK	1523030697546114094
D3822AFC-39AF-11E8-BF66-D9AA8AFF4A69	SUBJECT_PROCESS	4F66A7D8-7695-7051-9576-684791704F29	FILE_OBJECT_FILE	EVENT_READ	1523030697546114094
D3822AFC-39AF-11E8-BF66-D9AA8AFF4A69	SUBJECT_PROCESS	4F66A7D8-7695-7051-9576-684791704F29	FILE_OBJECT_FILE	EVENT_CLOSE	1523030697546114094
D3822AFC-39AF-11E8-BF66-D9AA8AFF4A69	SUBJECT_PROCESS	4F66A7D8-7695-7051-9576-684791704F29	FILE_OBJECT_FILE	EVENT_OPEN	1523030697546114094
D3822AFC-39AF-11E8-BF66-D9AA8AFF4A69	SUBJECT_PROCESS	4F66A7D8-7695-7051-9576-684791704F29	FILE_OBJECT_FILE	EVENT_LSEEK	1523030697546114094
D3822AFC-39AF-11E8-BF66-D9AA8AFF4A69	SUBJECT_PROCESS	4F66A7D8-7695-7051-9576-684791704F29	FILE_OBJECT_FILE	EVENT_LSEEK	1523030697546114094
D3822AFC-39AF-11E8-BF66-D9AA8AFF4A69	SUBJECT_PROCESS	4F66A7D8-7695-7051-9576-684791704F29	FILE_OBJECT_FILE	EVENT_READ	1523030697556113274
D3822AFC-39AF-11E8-BF66-D9AA8AFF4A69	SUBJECT_PROCESS	4F66A7D8-7695-7051-9576-684791704F29	FILE_OBJECT_FILE	EVENT_CLOSE	1523030697556113274
D3822AFC-39AF-11E8-BF66-D9AA8AFF4A69	SUBJECT_PROCESS	4F66A7D8-7695-7051-9576-684791704F29	FILE_OBJECT_FILE	EVENT_OPEN	1523030697556113274
D3822AFC-39AF-11E8-BF66-D9AA8AFF4A69	SUBJECT_PROCESS	4F66A7D8-7695-7051-9576-684791704F29	FILE_OBJECT_FILE	EVENT_LSEEK	1523030697556113274
D3822AFC-39AF-11E8-BF66-D9AA8AFF4A69	SUBJECT_PROCESS	4F66A7D8-7695-7051-9576-684791704F29	FILE_OBJECT_FILE	EVENT_LSEEK	1523030697556113274
D3822AFC-39AF-11E8-BF66-D9AA8AFF4A69	SUBJECT_PROCESS	4F66A7D8-7695-7051-9576-684791704F29	FILE_OBJECT_FILE	EVENT_READ	1523030697556113274
D3822AFC-39AF-11E8-BF66-D9AA8AFF4A69	SUBJECT_PROCESS	4F66A7D8-7695-7051-9576-684791704F29	FILE_OBJECT_FILE	EVENT_CLOSE	1523030697556113274
D3822AFC-39AF-11E8-BF66-D9AA8AFF4A69	SUBJECT_PROCESS	4F66A7D8-7695-7051-9576-684791704F29	FILE_OBJECT_FILE	EVENT_OPEN	1523030697556113274
D3822AFC-39AF-11E8-BF66-D9AA8AFF4A69	SUBJECT_PROCESS	4F66A7D8-7695-7051-9576-684791704F29	FILE_OBJECT_FILE	EVENT_LSEEK	1523030697556113274
D3822AFC-39AF-11E8-BF66-D9AA8AFF4A69	SUBJECT_PROCESS	4F66A7D8-7695-7051-9576-684791704F29	FILE_OBJECT_FILE	EVENT_LSEEK	1523030697556113274
D3822AFC-39AF-11E8-BF66-D9AA8AFF4A69	SUBJECT_PROCESS	4F66A7D8-7695-7051-9576-684791704F29	FILE_OBJECT_FILE	EVENT_READ	1523030697556113274
D3822AFC-39AF-11E8-BF66-D9AA8AFF4A69	SUBJECT_PROCESS	4F66A7D8-7695-7051-9576-684791704F29	FILE_OBJECT_FILE	EVENT_CLOSE	1523030697556113274
D3822AFC-39AF-11E8-BF66-D9AA8AFF4A69	SUBJECT_PROCESS	4F66A7D8-7695-7051-9576-684791704F29	FILE_OBJECT_FILE	EVENT_OPEN	1523030697556113274
D3822AFC-39AF-11E8-BF66-D9AA8AFF4A69	SUBJECT_PROCESS	4F66A7D8-7695-7051-9576-684791704F29	FILE_OBJECT_FILE	EVENT_LSEEK	1523030697556113274
D3822AFC-39AF-11E8-BF66-D9AA8AFF4A69	SUBJECT_PROCESS	4F66A7D8-7695-7051-9576-684791704F29	FILE_OBJECT_FILE	EVENT_LSEEK	1523030697556113274
D3822AFC-39AF-11E8-BF66-D9AA8AFF4A69	SUBJECT_PROCESS	4F66A7D8-7695-7051-9576-684791704F29	FILE_OBJECT_FILE	EVENT_READ	1523030697556113274
D3822AFC-39AF-11E8-BF66-D9AA8AFF4A69	SUBJECT_PROCESS	4F66A7D8-7695-7051-9576-684791704F29	FILE_OBJECT_FILE	EVENT_CLOSE	1523030697556113274
D3822AFC-39AF-11E8-BF66-D9AA8AFF4A69	SUBJECT_PROCESS	4F66A7D8-7695-7051-9576-684791704F29	FILE_OBJECT_FILE	EVENT_OPEN	1523030697556113274
D3822AFC-39AF-11E8-BF66-D9AA8AFF4A69	SUBJECT_PROCESS	4F66A7D8-7695-7051-9576-684791704F29	FILE_OBJECT_FILE	EVENT_LSEEK	1523030697556113274
D3822AFC-39AF-11E8-BF66-D9AA8AFF4A69	SUBJECT_PROCESS	4F66A7D8-7695-7051-9576-684791704F29	FILE_OBJECT_FILE	EVENT_LSEEK	1523030697556113274
D3822AFC-39AF-11E8-BF66-D9AA8AFF4A69	SUBJECT_PROCESS	4F66A7D8-7695-7051-9576-684791704F29	FILE_OBJECT_FILE	EVENT_READ	1523030697556113274
D3822AFC-39AF-11E8-BF66-D9AA8AFF4A69	SUBJECT_PROCESS	4F66A7D8-7695-7051-9576-684791704F29	FILE_OBJECT_FILE	EVENT_CLOSE	1523030697556113274
D3822AFC-39AF-11E8-BF66-D9AA8AFF4A69	SUBJECT_PROCESS	4F66A7D8-7695-7051-9576-684791704F29	FILE_OBJECT_FILE	EVENT_OPEN	1523030697556113274
D3822AFC-39AF-11E8-BF66-D9AA8AFF4A69	SUBJECT_PROCESS	4F66A7D8-7695-7051-9576-684791704F29	FILE_OBJECT_FILE	EVENT_LSEEK	1523030697556113274
D3822AFC-39AF-11E8-BF66-D9AA8AFF4A69	SUBJECT_PROCESS	4F66A7D8-7695-7051-9576-684791704F29	FILE_OBJECT_FILE	EVENT_LSEEK	1523030697556113274
D3822AFC-39AF-11E8-BF66-D9AA8AFF4A69	SUBJECT_PROCESS	4F66A7D8-7695-7051-9576-684791704F29	FILE_OBJECT_FILE	EVENT_READ	1523030697556113274
D3822AFC-39AF-11E8-BF66-D9AA8AFF4A69	SUBJECT_PROCESS	4F66A7D8-7695-7051-9576-684791704F29	FILE_OBJECT_FILE	EVENT_CLOSE	1523030697556113274
D3822AFC-39AF-11E8-BF66-D9AA8AFF4A69	SUBJECT_PROCESS	4F66A7D8-7695-7051-9576-684791704F29	FILE_OBJECT_FILE	EVENT_OPEN	1523030697556113274
D3822AFC-39AF-11E8-BF66-D9AA8AFF4A69	SUBJECT_PROCESS	4F66A7D8-7695-7051-9576-684791704F29	FILE_OBJECT_FILE	EVENT_LSEEK	1523030697556113274
D3822AFC-39AF-11E8-BF66-D9AA8AFF4A69	SUBJECT_PROCESS	4F66A7D8-7695-7051-9576-684791704F29	FILE_OBJECT_FILE	EVENT_LSEEK	1523030697556113274
D3822AFC-39AF-11E8-BF66-D9AA8AFF4A69	SUBJECT_PROCESS	4F66A7D8-7695-7051-9576-684791704F29	FILE_OBJECT_FILE	EVENT_READ	1523030697556113274
D3822AFC-39AF-11E8-BF66-D9AA8AFF4A69	SUBJECT_PROCESS	4F66A7D8-7695-7051-9576-684791704F29	FILE_OBJECT_FILE	EVENT_CLOSE	1523030697566113665
D3822AFC-39AF-11E8-BF66-D9AA8AFF4A69	SUBJECT_PROCESS	4F66A7D8-7695-7051-9576-684791704F29	FILE_OBJECT_FILE	EVENT_OPEN	1523030697566113665
D3822AFC-39AF-11E8-BF66-D9AA8AFF4A69	SUBJECT_PROCESS	4F66A7D8-7695-7051-9576-684791704F29	FILE_OBJECT_FILE	EVENT_LSEEK	1523030697566113665
D3822AFC-39AF-11E8-BF66-D9AA8AFF4A69	SUBJECT_PROCESS	4F66A7D8-7695-7051-9576-684791704F29	FILE_OBJECT_FILE	EVENT_LSEEK	1523030697566113665
D3822AFC-39AF-11E8-BF66-D9AA8AFF4A69	SUBJECT_PROCESS	4F66A7D8-7695-7051-9576-684791704F29	FILE_OBJECT_FILE	EVENT_READ	1523030697566113665
D3822AFC-39AF-11E8-BF66-D9AA8AFF4A69	SUBJECT_PROCESS	4F66A7D8-7695-7051-9576-684791704F29	FILE_OBJECT_FILE	EVENT_CLOSE	1523030697566113665
D3822AFC-39AF-11E8-BF66-D9AA8AFF4A69	SUBJECT_PROCESS	4F66A7D8-7695-7051-9576-684791704F29	FILE_OBJECT_FILE	EVENT_OPEN	1523030697566113665
D3822AFC-39AF-11E8-BF66-D9AA8AFF4A69	SUBJECT_PROCESS	4F66A7D8-7695-7051-9576-684791704F29	FILE_OBJECT_FILE	EVENT_LSEEK	1523030697566113665
D3822AFC-39AF-11E8-BF66-D9AA8AFF4A69	SUBJECT_PROCESS	4F66A7D8-7695-7051-9576-684791704F29	FILE_OBJECT_FILE	EVENT_LSEEK	1523030697566113665
D3822AFC-39AF-11E8-BF66-D9AA8AFF4A69	SUBJECT_PROCESS	4F66A7D8-7695-7051-9576-684791704F29	FILE_OBJECT_FILE	EVENT_READ	1523030697566113665
D3822AFC-39AF-11E8-BF66-D9AA8AFF4A69	SUBJECT_PROCESS	4F66A7D8-7695-7051-9576-684791704F29	FILE_OBJECT_FILE	EVENT_CLOSE	1523030697566113665
D3822AFC-39AF-11E8-BF66-D9AA8AFF4A69	SUBJECT_PROCESS	4F66A7D8-7695-7051-9576-684791704F29	FILE_OBJECT_FILE	EVENT_OPEN	1523030697566113665
D3822AFC-39AF-11E8-BF66-D9AA8AFF4A69	SUBJECT_PROCESS	4F66A7D8-7695-7051-9576-684791704F29	FILE_OBJECT_FILE	EVENT_LSEEK	1523030697566113665
D3822AFC-39AF-11E8-BF66-D9AA8AFF4A69	SUBJECT_PROCESS	4F66A7D8-7695-7051-9576-684791704F29	FILE_OBJECT_FILE	EVENT_LSEEK	1523030697566113665
D3822AFC-39AF-11E8-BF66-D9AA8AFF4A69	SUBJECT_PROCESS	4F66A7D8-7695-7051-9576-684791704F29	FILE_OBJECT_FILE	EVENT_READ	1523030697566113665
D3822AFC-39AF-11E8-BF66-D9AA8AFF4A69	SUBJECT_PROCESS	4F66A7D8-7695-7051-9576-684791704F29	FILE_OBJECT_FILE	EVENT_CLOSE	1523030697566113665
D3822AFC-39AF-11E8-BF66-D9AA8AFF4A69	SUBJECT_PROCESS	4F66A7D8-7695-7051-9576-684791704F29	FILE_OBJECT_FILE	EVENT_OPEN	1523030697566113665
D3822AFC-39AF-11E8-BF66-D9AA8AFF4A69	SUBJECT_PROCESS	4F66A7D8-7695-7051-9576-684791704F29	FILE_OBJECT_FILE	EVENT_LSEEK	1523030697566113665
D3822AFC-39AF-11E8-BF66-D9AA8AFF4A69	SUBJECT_PROCESS	4F66A7D8-7695-7051-9576-684791704F29	FILE_OBJECT_FILE	EVENT_LSEEK	1523030697566113665
D3822AFC-39AF-11E8-BF66-D9AA8AFF4A69	SUBJECT_PROCESS	4F66A7D8-7695-7051-9576-684791704F29	FILE_OBJECT_FILE	EVENT_READ	1523030697566113665
D3822AFC-39AF-11E8-BF66-D9AA8AFF4A69	SUBJECT_PROCESS	4F66A7D8-7695-7051-9576-684791704F29	FILE_OBJECT_FILE	EVENT_CLOSE	1523030697566113665
D3822AFC-39AF-11E8-BF66-D9AA8AFF4A69	SUBJECT_PROCESS	4F66A7D8-7695-7051-9576-684791704F29	FILE_OBJECT_FILE	EVENT_OPEN	1523030697566113665
D3822AFC-39AF-11E8-BF66-D9AA8AFF4A69	SUBJECT_PROCESS	4F66A7D8-7695-7051-9576-684791704F29	FILE_OBJECT_FILE	EVENT_LSEEK	1523030697566113665
D3822AFC-39AF-11E8-BF66-D9AA8AFF4A69	SUBJECT_PROCESS	4F66A7D8-7695-7051-9576-684791704F29	FILE_OBJECT_FILE	EVENT_LSEEK	1523030697566113665
D3822AFC-39AF-11E8-BF66-D9AA8AFF4A69	SUBJECT_PROCESS	4F66A7D8-7695-7051-9576-684791704F29	FILE_OBJECT_FILE	EVENT_READ	1523030697566113665
D3822AFC-39AF-11E8-BF66-D9AA8AFF4A69	SUBJECT_PROCESS	4F66A7D8-7695-7051-9576-684791704F29	FILE_OBJECT_FILE	EVENT_CLOSE	1523030697566113665
D3822AFC-39AF-11E8-BF66-D9AA8AFF4A69	SUBJECT_PROCESS	4F66A7D8-7695-7051-9576-684791704F29	FILE_OBJECT_FILE	EVENT_OPEN	1523030697566113665
D3822AFC-39AF-11E8-BF66-D9AA8AFF4A69	SUBJECT_PROCESS	4F66A7D8-7695-7051-9576-684791704F29	FILE_OBJECT_FILE	EVENT_LSEEK	1523030697566113665
D3822AFC-39AF-11E8-BF66-D9AA8AFF4A69	SUBJECT_PROCESS	4F66A7D8-7695-7051-9576-684791704F29	FILE_OBJECT_FILE	EVENT_LSEEK	1523030697566113665
D3822AFC-39AF-11E8-BF66-D9AA8AFF4A69	SUBJECT_PROCESS	4F66A7D8-7695-7051-9576-684791704F29	FILE_OBJECT_FILE	EVENT_READ	1523030697566113665
D3822AFC-39AF-11E8-BF66-D9AA8AFF4A69	SUBJECT_PROCESS	4F66A7D8-7695-7051-9576-684791704F29	FILE_OBJECT_FILE	EVENT_CLOSE	1523030697566113665
D3822AFC-39AF-11E8-BF66-D9AA8AFF4A69	SUBJECT_PROCESS	4F66A7D8-7695-7051-9576-684791704F29	FILE_OBJECT_FILE	EVENT_OPEN	1523030697576112956
D3822AFC-39AF-11E8-BF66-D9AA8AFF4A69	SUBJECT_PROCESS	4F66A7D8-7695-7051-9576-684791704F29	FILE_OBJECT_FILE	EVENT_LSEEK	1523030697576112956
D3822AFC-39AF-11E8-BF66-D9AA8AFF4A69	SUBJECT_PROCESS	4F66A7D8-7695-7051-9576-684791704F29	FILE_OBJECT_FILE	EVENT_LSEEK	1523030697576112956
D3822AFC-39AF-11E8-BF66-D9AA8AFF4A69	SUBJECT_PROCESS	4F66A7D8-7695-7051-9576-684791704F29	FILE_OBJECT_FILE	EVENT_READ	1523030697576112956
D3822AFC-39AF-11E8-BF66-D9AA8AFF4A69	SUBJECT_PROCESS	4F66A7D8-7695-7051-9576-684791704F29	FILE_OBJECT_FILE	EVENT_CLOSE	1523030697576112956
D3822AFC-39AF-11E8-BF66-D9AA8AFF4A69	SUBJECT_PROCESS	4F66A7D8-7695-7051-9576-684791704F29	FILE_OBJECT_FILE	EVENT_OPEN	1523030697576112956
D3822AFC-39AF-11E8-BF66-D9AA8AFF4A69	SUBJECT_PROCESS	4F66A7D8-7695-7051-9576-684791704F29	FILE_OBJECT_FILE	EVENT_LSEEK	1523030697576112956
D3822AFC-39AF-11E8-BF66-D9AA8AFF4A69	SUBJECT_PROCESS	4F66A7D8-7695-7051-9576-684791704F29	FILE_OBJECT_FILE	EVENT_LSEEK	1523030697576112956
D3822AFC-39AF-11E8-BF66-D9AA8AFF4A69	SUBJECT_PROCESS	4F66A7D8-7695-7051-9576-684791704F29	FILE_OBJECT_FILE	EVENT_READ	1523030697576112956
D3822AFC-39AF-11E8-BF66-D9AA8AFF4A69	SUBJECT_PROCESS	4F66A7D8-7695-7051-9576-684791704F29	FILE_OBJECT_FILE	EVENT_CLOSE	1523030697576112956
D3822AFC-39AF-11E8-BF66-D9AA8AFF4A69	SUBJECT_PROCESS	4F66A7D8-7695-7051-9576-684791704F29	FILE_OBJECT_FILE	EVENT_OPEN	1523030697576112956
D3822AFC-39AF-11E8-BF66-D9AA8AFF4A69	SUBJECT_PROCESS	4F66A7D8-7695-7051-9576-684791704F29	FILE_OBJECT_FILE	EVENT_LSEEK	1523030697576112956
D3822AFC-39AF-11E8-BF66-D9AA8AFF4A69	SUBJECT_PROCESS	4F66A7D8-7695-7051-9576-684791704F29	FILE_OBJECT_FILE	EVENT_LSEEK	1523030697576112956
D3822AFC-39AF-11E8-BF66-D9AA8AFF4A69	SUBJECT_PROCESS	4F66A7D8-7695-7051-9576-684791704F29	FILE_OBJECT_FILE	EVENT_READ	1523030697576112956
D3822AFC-39AF-11E8-BF66-D9AA8AFF4A69	SUBJECT_PROCESS	4F66A7D8-7695-7051-9576-684791704F29	FILE_OBJECT_FILE	EVENT_CLOSE	1523030697576112956
D3822AFC-39AF-11E8-BF66-D9AA8AFF4A69	SUBJECT_PROCESS	4F66A7D8-7695-7051-9576-684791704F29	FILE_OBJECT_FILE	EVENT_OPEN	1523030697576112956
D3822AFC-39AF-11E8-BF66-D9AA8AFF4A69	SUBJECT_PROCESS	4F66A7D8-7695-7051-9576-684791704F29	FILE_OBJECT_FILE	EVENT_LSEEK	1523030697576112956
D3822AFC-39AF-11E8-BF66-D9AA8AFF4A69	SUBJECT_PROCESS	4F66A7D8-7695-7051-9576-684791704F29	FILE_OBJECT_FILE	EVENT_LSEEK	1523030697576112956
D3822AFC-39AF-11E8-BF66-D9AA8AFF4A69	SUBJECT_PROCESS	4F66A7D8-7695-7051-9576-684791704F29	FILE_OBJECT_FILE	EVENT_READ	1523030697576112956
D3822AFC-39AF-11E8-BF66-D9AA8AFF4A69	SUBJECT_PROCESS	4F66A7D8-7695-7051-9576-684791704F29	FILE_OBJECT_FILE	EVENT_CLOSE	1523030697576112956
D3822AFC-39AF-11E8-BF66-D9AA8AFF4A69	SUBJECT_PROCESS	4F66A7D8-7695-7051-9576-684791704F29	FILE_OBJECT_FILE	EVENT_OPEN	1523030697576112956
D3822AFC-39AF-11E8-BF66-D9AA8AFF4A69	SUBJECT_PROCESS	4F66A7D8-7695-7051-9576-684791704F29	FILE_OBJECT_FILE	EVENT_LSEEK	1523030697576112956
D3822AFC-39AF-11E8-BF66-D9AA8AFF4A69	SUBJECT_PROCESS	4F66A7D8-7695-7051-9576-684791704F29	FILE_OBJECT_FILE	EVENT_LSEEK	1523030697576112956
D3822AFC-39AF-11E8-BF66-D9AA8AFF4A69	SUBJECT_PROCESS	4F66A7D8-7695-7051-9576-684791704F29	FILE_OBJECT_FILE	EVENT_READ	1523030697576112956
D3822AFC-39AF-11E8-BF66-D9AA8AFF4A69	SUBJECT_PROCESS	4F66A7D8-7695-7051-9576-684791704F29	FILE_OBJECT_FILE	EVENT_CLOSE	1523030697576112956
D3822AFC-39AF-11E8-BF66-D9AA8AFF4A69	SUBJECT_PROCESS	4F66A7D8-7695-7051-9576-684791704F29	FILE_OBJECT_FILE	EVENT_OPEN	1523030697576112956
D3822AFC-39AF-11E8-BF66-D9AA8AFF4A69	SUBJECT_PROCESS	4F66A7D8-7695-7051-9576-684791704F29	FILE_OBJECT_FILE	EVENT_LSEEK	1523030697576112956
D3822AFC-39AF-11E8-BF66-D9AA8AFF4A69	SUBJECT_PROCESS	4F66A7D8-7695-7051-9576-684791704F29	FILE_OBJECT_FILE	EVENT_LSEEK	1523030697576112956
D3822AFC-39AF-11E8-BF66-D9AA8AFF4A69	SUBJECT_PROCESS	4F66A7D8-7695-7051-9576-684791704F29	FILE_OBJECT_FILE	EVENT_READ	1523030697576112956
D3822AFC-39AF-11E8-BF66-D9AA8AFF4A69	SUBJECT_PROCESS	4F66A7D8-7695-7051-9576-684791704F29	FILE_OBJECT_FILE	EVENT_CLOSE	1523030697576112956
D3822AFC-39AF-11E8-BF66-D9AA8AFF4A69	SUBJECT_PROCESS	4F66A7D8-7695-7051-9576-684791704F29	FILE_OBJECT_FILE	EVENT_OPEN	1523030697576112956
D3822AFC-39AF-11E8-BF66-D9AA8AFF4A69	SUBJECT_PROCESS	4F66A7D8-7695-7051-9576-684791704F29	FILE_OBJECT_FILE	EVENT_LSEEK	1523030697586113027
D3822AFC-39AF-11E8-BF66-D9AA8AFF4A69	SUBJECT_PROCESS	4F66A7D8-7695-7051-9576-684791704F29	FILE_OBJECT_FILE	EVENT_LSEEK	1523030697586113027
D3822AFC-39AF-11E8-BF66-D9AA8AFF4A69	SUBJECT_PROCESS	4F66A7D8-7695-7051-9576-684791704F29	FILE_OBJECT_FILE	EVENT_READ	1523030697586113027
D3822AFC-39AF-11E8-BF66-D9AA8AFF4A69	SUBJECT_PROCESS	4F66A7D8-7695-7051-9576-684791704F29	FILE_OBJECT_FILE	EVENT_CLOSE	1523030697586113027
D3822AFC-39AF-11E8-BF66-D9AA8AFF4A69	SUBJECT_PROCESS	4F66A7D8-7695-7051-9576-684791704F29	FILE_OBJECT_FILE	EVENT_OPEN	1523030697586113027
D3822AFC-39AF-11E8-BF66-D9AA8AFF4A69	SUBJECT_PROCESS	4F66A7D8-7695-7051-9576-684791704F29	FILE_OBJECT_FILE	EVENT_LSEEK	1523030697586113027
D3822AFC-39AF-11E8-BF66-D9AA8AFF4A69	SUBJECT_PROCESS	4F66A7D8-7695-7051-9576-684791704F29	FILE_OBJECT_FILE	EVENT_LSEEK	1523030697586113027
D3822AFC-39AF-11E8-BF66-D9AA8AFF4A69	SUBJECT_PROCESS	4F66A7D8-7695-7051-9576-684791704F29	FILE_OBJECT_FILE	EVENT_READ	1523030697586113027
D3822AFC-39AF-11E8-BF66-D9AA8AFF4A69	SUBJECT_PROCESS	4F66A7D8-7695-7051-9576-684791704F29	FILE_OBJECT_FILE	EVENT_CLOSE	1523030697586113027
D3822AFC-39AF-11E8-BF66-D9AA8AFF4A69	SUBJECT_PROCESS	4F66A7D8-7695-7051-9576-684791704F29	FILE_OBJECT_FILE	EVENT_OPEN	1523030697586113027
D3822AFC-39AF-11E8-BF66-D9AA8AFF4A69	SUBJECT_PROCESS	4F66A7D8-7695-7051-9576-684791704F29	FILE_OBJECT_FILE	EVENT_LSEEK	1523030697586113027
D3822AFC-39AF-11E8-BF66-D9AA8AFF4A69	SUBJECT_PROCESS	4F66A7D8-7695-7051-9576-684791704F29	FILE_OBJECT_FILE	EVENT_LSEEK	1523030697586113027
D3822AFC-39AF-11E8-BF66-D9AA8AFF4A69	SUBJECT_PROCESS	4F66A7D8-7695-7051-9576-684791704F29	FILE_OBJECT_FILE	EVENT_READ	1523030697586113027
D3822AFC-39AF-11E8-BF66-D9AA8AFF4A69	SUBJECT_PROCESS	4F66A7D8-7695-7051-9576-684791704F29	FILE_OBJECT_FILE	EVENT_CLOSE	1523030697586113027
D3822AFC-39AF-11E8-BF66-D9AA8AFF4A69	SUBJECT_PROCESS	4F66A7D8-7695-7051-9576-684791704F29	FILE_OBJECT_FILE	EVENT_OPEN	1523030697586113027
D3822AFC-39AF-11E8-BF66-D9AA8AFF4A69	SUBJECT_PROCESS	4F66A7D8-7695-7051-9576-684791704F29	FILE_OBJECT_FILE	EVENT_LSEEK	1523030697586113027
D3822AFC-39AF-11E8-BF66-D9AA8AFF4A69	SUBJECT_PROCESS	4F66A7D8-7695-7051-9576-684791704F29	FILE_OBJECT_FILE	EVENT_LSEEK	1523030697586113027
D3822AFC-39AF-11E8-BF66-D9AA8AFF4A69	SUBJECT_PROCESS	4F66A7D8-7695-7051-9576-684791704F29	FILE_OBJECT_FILE	EVENT_READ	1523030697586113027
D3822AFC-39AF-11E8-BF66-D9AA8AFF4A69	SUBJECT_PROCESS	4F66A7D8-7695-7051-9576-684791704F29	FILE_OBJECT_FILE	EVENT_CLOSE	1523030697586113027
D3822AFC-39AF-11E8-BF66-D9AA8AFF4A69	SUBJECT_PROCESS	4F66A7D8-7695-7051-9576-684791704F29	FILE_OBJECT_FILE	EVENT_OPEN	1523030697586113027
D3822AFC-39AF-11E8-BF66-D9AA8AFF4A69	SUBJECT_PROCESS	4F66A7D8-7695-7051-9576-684791704F29	FILE_OBJECT_FILE	EVENT_LSEEK	1523030697586113027
D3822AFC-39AF-11E8-BF66-D9AA8AFF4A69	SUBJECT_PROCESS	4F66A7D8-7695-7051-9576-684791704F29	FILE_OBJECT_FILE	EVENT_LSEEK	1523030697586113027
D3822AFC-39AF-11E8-BF66-D9AA8AFF4A69	SUBJECT_PROCESS	4F66A7D8-7695-7051-9576-684791704F29	FILE_OBJECT_FILE	EVENT_READ	1523030697586113027
D3822AFC-39AF-11E8-BF66-D9AA8AFF4A69	SUBJECT_PROCESS	4F66A7D8-7695-7051-9576-684791704F29	FILE_OBJECT_FILE	EVENT_CLOSE	1523030697586113027
D3822AFC-39AF-11E8-BF66-D9AA8AFF4A69	SUBJECT_PROCESS	4F66A7D8-7695-7051-9576-684791704F29	FILE_OBJECT_FILE	EVENT_OPEN	1523030697586113027
D3822AFC-39AF-11E8-BF66-D9AA8AFF4A69	SUBJECT_PROCESS	4F66A7D8-7695-7051-9576-684791704F29	FILE_OBJECT_FILE	EVENT_LSEEK	1523030697586113027
D3822AFC-39AF-11E8-BF66-D9AA8AFF4A69	SUBJECT_PROCESS	4F66A7D8-7695-7051-9576-684791704F29	FILE_OBJECT_FILE	EVENT_LSEEK	1523030697586113027
D3822AFC-39AF-11E8-BF66-D9AA8AFF4A69	SUBJECT_PROCESS	4F66A7D8-7695-7051-9576-684791704F29	FILE_OBJECT_FILE	EVENT_READ	1523030697586113027
D3822AFC-39AF-11E8-BF66-D9AA8AFF4A69	SUBJECT_PROCESS	4F66A7D8-7695-7051-9576-684791704F29	FILE_OBJECT_FILE	EVENT_CLOSE	1523030697586113027
D3822AFC-39AF-11E8-BF66-D9AA8AFF4A69	SUBJECT_PROCESS	4F66A7D8-7695-7051-9576-684791704F29	FILE_OBJECT_FILE	EVENT_OPEN	1523030697586113027
D3822AFC-39AF-11E8-BF66-D9AA8AFF4A69	SUBJECT_PROCESS	4F66A7D8-7695-7051-9576-684791704F29	FILE_OBJECT_FILE	EVENT_LSEEK	1523030697586113027
D3822AFC-39AF-11E8-BF66-D9AA8AFF4A69	SUBJECT_PROCESS	4F66A7D8-7695-7051-9576-684791704F29	FILE_OBJECT_FILE	EVENT_LSEEK	1523030697596113108
D3822AFC-39AF-11E8-BF66-D9AA8AFF4A69	SUBJECT_PROCESS	4F66A7D8-7695-7051-9576-684791704F29	FILE_OBJECT_FILE	EVENT_READ	1523030697596113108
D3822AFC-39AF-11E8-BF66-D9AA8AFF4A69	SUBJECT_PROCESS	4F66A7D8-7695-7051-9576-684791704F29	FILE_OBJECT_FILE	EVENT_CLOSE	1523030697596113108
D3822AFC-39AF-11E8-BF66-D9AA8AFF4A69	SUBJECT_PROCESS	4F66A7D8-7695-7051-9576-684791704F29	FILE_OBJECT_FILE	EVENT_OPEN	1523030697596113108
D3822AFC-39AF-11E8-BF66-D9AA8AFF4A69	SUBJECT_PROCESS	4F66A7D8-7695-7051-9576-684791704F29	FILE_OBJECT_FILE	EVENT_LSEEK	1523030697596113108
D3822AFC-39AF-11E8-BF66-D9AA8AFF4A69	SUBJECT_PROCESS	4F66A7D8-7695-7051-9576-684791704F29	FILE_OBJECT_FILE	EVENT_LSEEK	1523030697596113108
D3822AFC-39AF-11E8-BF66-D9AA8AFF4A69	SUBJECT_PROCESS	4F66A7D8-7695-7051-9576-684791704F29	FILE_OBJECT_FILE	EVENT_READ	1523030697596113108
D3822AFC-39AF-11E8-BF66-D9AA8AFF4A69	SUBJECT_PROCESS	4F66A7D8-7695-7051-9576-684791704F29	FILE_OBJECT_FILE	EVENT_CLOSE	1523030697596113108
D3822AFC-39AF-11E8-BF66-D9AA8AFF4A69	SUBJECT_PROCESS	4F66A7D8-7695-7051-9576-684791704F29	FILE_OBJECT_FILE	EVENT_OPEN	1523030697596113108
D3822AFC-39AF-11E8-BF66-D9AA8AFF4A69	SUBJECT_PROCESS	4F66A7D8-7695-7051-9576-684791704F29	FILE_OBJECT_FILE	EVENT_LSEEK	1523030697596113108
D3822AFC-39AF-11E8-BF66-D9AA8AFF4A69	SUBJECT_PROCESS	4F66A7D8-7695-7051-9576-684791704F29	FILE_OBJECT_FILE	EVENT_LSEEK	1523030697596113108
D3822AFC-39AF-11E8-BF66-D9AA8AFF4A69	SUBJECT_PROCESS	4F66A7D8-7695-7051-9576-684791704F29	FILE_OBJECT_FILE	EVENT_READ	1523030697596113108
D3822AFC-39AF-11E8-BF66-D9AA8AFF4A69	SUBJECT_PROCESS	4F66A7D8-7695-7051-9576-684791704F29	FILE_OBJECT_FILE	EVENT_CLOSE	1523030697596113108
D3822AFC-39AF-11E8-BF66-D9AA8AFF4A69	SUBJECT_PROCESS	4F66A7D8-7695-7051-9576-684791704F29	FILE_OBJECT_FILE	EVENT_OPEN	1523030697596113108
D3822AFC-39AF-11E8-BF66-D9AA8AFF4A69	SUBJECT_PROCESS	4F66A7D8-7695-7051-9576-684791704F29	FILE_OBJECT_FILE	EVENT_LSEEK	1523030697596113108
D3822AFC-39AF-11E8-BF66-D9AA8AFF4A69	SUBJECT_PROCESS	4F66A7D8-7695-7051-9576-684791704F29	FILE_OBJECT_FILE	EVENT_LSEEK	1523030697596113108
D3822AFC-39AF-11E8-BF66-D9AA8AFF4A69	SUBJECT_PROCESS	4F66A7D8-7695-7051-9576-684791704F29	FILE_OBJECT_FILE	EVENT_READ	1523030697596113108
D3822AFC-39AF-11E8-BF66-D9AA8AFF4A69	SUBJECT_PROCESS	4F66A7D8-7695-7051-9576-684791704F29	FILE_OBJECT_FILE	EVENT_CLOSE	1523030697596113108
D3822AFC-39AF-11E8-BF66-D9AA8AFF4A69	SUBJECT_PROCESS	4F66A7D8-7695-7051-9576-684791704F29	FILE_OBJECT_FILE	EVENT_OPEN	1523030697596113108
D3822AFC-39AF-11E8-BF66-D9AA8AFF4A69	SUBJECT_PROCESS	4F66A7D8-7695-7051-9576-684791704F29	FILE_OBJECT_FILE	EVENT_LSEEK	1523030697596113108
D3822AFC-39AF-11E8-BF66-D9AA8AFF4A69	SUBJECT_PROCESS	4F66A7D8-7695-7051-9576-684791704F29	FILE_OBJECT_FILE	EVENT_LSEEK	1523030697596113108
D3822AFC-39AF-11E8-BF66-D9AA8AFF4A69	SUBJECT_PROCESS	4F66A7D8-7695-7051-9576-684791704F29	FILE_OBJECT_FILE	EVENT_READ	1523030697596113108
D3822AFC-39AF-11E8-BF66-D9AA8AFF4A69	SUBJECT_PROCESS	4F66A7D8-7695-7051-9576-684791704F29	FILE_OBJECT_FILE	EVENT_CLOSE	1523030697596113108
D3822AFC-39AF-11E8-BF66-D9AA8AFF4A69	SUBJECT_PROCESS	4F66A7D8-7695-7051-9576-684791704F29	FILE_OBJECT_FILE	EVENT_OPEN	1523030697596113108
D3822AFC-39AF-11E8-BF66-D9AA8AFF4A69	SUBJECT_PROCESS	4F66A7D8-7695-7051-9576-684791704F29	FILE_OBJECT_FILE	EVENT_LSEEK	1523030697596113108
D3822AFC-39AF-11E8-BF66-D9AA8AFF4A69	SUBJECT_PROCESS	4F66A7D8-7695-7051-9576-684791704F29	FILE_OBJECT_FILE	EVENT_LSEEK	1523030697596113108
D3822AFC-39AF-11E8-BF66-D9AA8AFF4A69	SUBJECT_PROCESS	4F66A7D8-7695-7051-9576-684791704F29	FILE_OBJECT_FILE	EVENT_READ	1523030697596113108
D3822AFC-39AF-11E8-BF66-D9AA8AFF4A69	SUBJECT_PROCESS	4F66A7D8-7695-7051-9576-684791704F29	FILE_OBJECT_FILE	EVENT_CLOSE	1523030697596113108
D3822AFC-39AF-11E8-BF66-D9AA8AFF4A69	SUBJECT_PROCESS	4F66A7D8-7695-7051-9576-684791704F29	FILE_OBJECT_FILE	EVENT_OPEN	1523030697596113108
D3822AFC-39AF-11E8-BF66-D9AA8AFF4A69	SUBJECT_PROCESS	4F66A7D8-7695-7051-9576-684791704F29	FILE_OBJECT_FILE	EVENT_LSEEK	1523030697596113108
D3822AFC-39AF-11E8-BF66-D9AA8AFF4A69	SUBJECT_PROCESS	4F66A7D8-7695-7051-9576-684791704F29	FILE_OBJECT_FILE	EVENT_LSEEK	1523030697596113108
D3822AFC-39AF-11E8-BF66-D9AA8AFF4A69	SUBJECT_PROCESS	4F66A7D8-7695-7051-9576-684791704F29	FILE_OBJECT_FILE	EVENT_READ	1523030697606115648
D3822AFC-39AF-11E8-BF66-D9AA8AFF4A69	SUBJECT_PROCESS	4F66A7D8-7695-7051-9576-684791704F29	FILE_OBJECT_FILE	EVENT_CLOSE	1523030697606115648
D3822AFC-39AF-11E8-BF66-D9AA8AFF4A69	SUBJECT_PROCESS	4F66A7D8-7695-7051-9576-684791704F29	FILE_OBJECT_FILE	EVENT_OPEN	1523030697606115648
D3822AFC-39AF-11E8-BF66-D9AA8AFF4A69	SUBJECT_PROCESS	4F66A7D8-7695-7051-9576-684791704F29	FILE_OBJECT_FILE	EVENT_LSEEK	1523030697606115648
D3822AFC-39AF-11E8-BF66-D9AA8AFF4A69	SUBJECT_PROCESS	4F66A7D8-7695-7051-9576-684791704F29	FILE_OBJECT_FILE	EVENT_LSEEK	1523030697606115648
D3822AFC-39AF-11E8-BF66-D9AA8AFF4A69	SUBJECT_PROCESS	4F66A7D8-7695-7051-9576-684791704F29	FILE_OBJECT_FILE	EVENT_READ	1523030697606115648
D3822AFC-39AF-11E8-BF66-D9AA8AFF4A69	SUBJECT_PROCESS	4F66A7D8-7695-7051-9576-684791704F29	FILE_OBJECT_FILE	EVENT_CLOSE	1523030697606115648
D3822AFC-39AF-11E8-BF66-D9AA8AFF4A69	SUBJECT_PROCESS	4F66A7D8-7695-7051-9576-684791704F29	FILE_OBJECT_FILE	EVENT_OPEN	1523030697606115648
D3822AFC-39AF-11E8-BF66-D9AA8AFF4A69	SUBJECT_PROCESS	4F66A7D8-7695-7051-9576-684791704F29	FILE_OBJECT_FILE	EVENT_LSEEK	1523030697606115648
D3822AFC-39AF-11E8-BF66-D9AA8AFF4A69	SUBJECT_PROCESS	4F66A7D8-7695-7051-9576-684791704F29	FILE_OBJECT_FILE	EVENT_LSEEK	1523030697606115648
D3822AFC-39AF-11E8-BF66-D9AA8AFF4A69	SUBJECT_PROCESS	4F66A7D8-7695-7051-9576-684791704F29	FILE_OBJECT_FILE	EVENT_READ	1523030697606115648
D3822AFC-39AF-11E8-BF66-D9AA8AFF4A69	SUBJECT_PROCESS	4F66A7D8-7695-7051-9576-684791704F29	FILE_OBJECT_FILE	EVENT_CLOSE	1523030697606115648
D3822AFC-39AF-11E8-BF66-D9AA8AFF4A69	SUBJECT_PROCESS	4F66A7D8-7695-7051-9576-684791704F29	FILE_OBJECT_FILE	EVENT_OPEN	1523030697606115648
D3822AFC-39AF-11E8-BF66-D9AA8AFF4A69	SUBJECT_PROCESS	4F66A7D8-7695-7051-9576-684791704F29	FILE_OBJECT_FILE	EVENT_LSEEK	1523030697606115648
D3822AFC-39AF-11E8-BF66-D9AA8AFF4A69	SUBJECT_PROCESS	4F66A7D8-7695-7051-9576-684791704F29	FILE_OBJECT_FILE	EVENT_LSEEK	1523030697606115648
D3822AFC-39AF-11E8-BF66-D9AA8AFF4A69	SUBJECT_PROCESS	4F66A7D8-7695-7051-9576-684791704F29	FILE_OBJECT_FILE	EVENT_READ	1523030697606115648
D3822AFC-39AF-11E8-BF66-D9AA8AFF4A69	SUBJECT_PROCESS	4F66A7D8-7695-7051-9576-684791704F29	FILE_OBJECT_FILE	EVENT_CLOSE	1523030697606115648
D3822AFC-39AF-11E8-BF66-D9AA8AFF4A69	SUBJECT_PROCESS	4F66A7D8-7695-7051-9576-684791704F29	FILE_OBJECT_FILE	EVENT_OPEN	1523030697606115648
D3822AFC-39AF-11E8-BF66-D9AA8AFF4A69	SUBJECT_PROCESS	4F66A7D8-7695-7051-9576-684791704F29	FILE_OBJECT_FILE	EVENT_LSEEK	1523030697606115648
D3822AFC-39AF-11E8-BF66-D9AA8AFF4A69	SUBJECT_PROCESS	4F66A7D8-7695-7051-9576-684791704F29	FILE_OBJECT_FILE	EVENT_LSEEK	1523030697606115648
D3822AFC-39AF-11E8-BF66-D9AA8AFF4A69	SUBJECT_PROCESS	4F66A7D8-7695-7051-9576-684791704F29	FILE_OBJECT_FILE	EVENT_READ	1523030697606115648
D3822AFC-39AF-11E8-BF66-D9AA8AFF4A69	SUBJECT_PROCESS	4F66A7D8-7695-7051-9576-684791704F29	FILE_OBJECT_FILE	EVENT_CLOSE	1523030697606115648
D3822AFC-39AF-11E8-BF66-D9AA8AFF4A69	SUBJECT_PROCESS	4F66A7D8-7695-7051-9576-684791704F29	FILE_OBJECT_FILE	EVENT_OPEN	1523030697606115648
D3822AFC-39AF-11E8-BF66-D9AA8AFF4A69	SUBJECT_PROCESS	4F66A7D8-7695-7051-9576-684791704F29	FILE_OBJECT_FILE	EVENT_LSEEK	1523030697606115648
D3822AFC-39AF-11E8-BF66-D9AA8AFF4A69	SUBJECT_PROCESS	4F66A7D8-7695-7051-9576-684791704F29	FILE_OBJECT_FILE	EVENT_LSEEK	1523030697606115648
D3822AFC-39AF-11E8-BF66-D9AA8AFF4A69	SUBJECT_PROCESS	4F66A7D8-7695-7051-9576-684791704F29	FILE_OBJECT_FILE	EVENT_READ	1523030697606115648
D3822AFC-39AF-11E8-BF66-D9AA8AFF4A69	SUBJECT_PROCESS	4F66A7D8-7695-7051-9576-684791704F29	FILE_OBJECT_FILE	EVENT_CLOSE	1523030697606115648
D3822AFC-39AF-11E8-BF66-D9AA8AFF4A69	SUBJECT_PROCESS	4F66A7D8-7695-7051-9576-684791704F29	FILE_OBJECT_FILE	EVENT_OPEN	1523030697606115648
D3822AFC-39AF-11E8-BF66-D9AA8AFF4A69	SUBJECT_PROCESS	4F66A7D8-7695-7051-9576-684791704F29	FILE_OBJECT_FILE	EVENT_LSEEK	1523030697606115648
D3822AFC-39AF-11E8-BF66-D9AA8AFF4A69	SUBJECT_PROCESS	4F66A7D8-7695-7051-9576-684791704F29	FILE_OBJECT_FILE	EVENT_LSEEK	1523030697606115648
D3822AFC-39AF-11E8-BF66-D9AA8AFF4A69	SUBJECT_PROCESS	4F66A7D8-7695-7051-9576-684791704F29	FILE_OBJECT_FILE	EVENT_READ	1523030697606115648
D3822AFC-39AF-11E8-BF66-D9AA8AFF4A69	SUBJECT_PROCESS	4F66A7D8-7695-7051-9576-684791704F29	FILE_OBJECT_FILE	EVENT_CLOSE	1523030697616115239
D3822AFC-39AF-11E8-BF66-D9AA8AFF4A69	SUBJECT_PROCESS	4F66A7D8-7695-7051-9576-684791704F29	FILE_OBJECT_FILE	EVENT_OPEN	1523030697616115239
D3822AFC-39AF-11E8-BF66-D9AA8AFF4A69	SUBJECT_PROCESS	4F66A7D8-7695-7051-9576-684791704F29	FILE_OBJECT_FILE	EVENT_LSEEK	1523030697616115239
D3822AFC-39AF-11E8-BF66-D9AA8AFF4A69	SUBJECT_PROCESS	4F66A7D8-7695-7051-9576-684791704F29	FILE_OBJECT_FILE	EVENT_LSEEK	1523030697616115239
D3822AFC-39AF-11E8-BF66-D9AA8AFF4A69	SUBJECT_PROCESS	4F66A7D8-7695-7051-9576-684791704F29	FILE_OBJECT_FILE	EVENT_READ	1523030697616115239
D3822AFC-39AF-11E8-BF66-D9AA8AFF4A69	SUBJECT_PROCESS	4F66A7D8-7695-7051-9576-684791704F29	FILE_OBJECT_FILE	EVENT_CLOSE	1523030697616115239
D3822AFC-39AF-11E8-BF66-D9AA8AFF4A69	SUBJECT_PROCESS	4F66A7D8-7695-7051-9576-684791704F29	FILE_OBJECT_FILE	EVENT_OPEN	1523030697616115239
D3822AFC-39AF-11E8-BF66-D9AA8AFF4A69	SUBJECT_PROCESS	4F66A7D8-7695-7051-9576-684791704F29	FILE_OBJECT_FILE	EVENT_LSEEK	1523030697616115239
D3822AFC-39AF-11E8-BF66-D9AA8AFF4A69	SUBJECT_PROCESS	4F66A7D8-7695-7051-9576-684791704F29	FILE_OBJECT_FILE	EVENT_LSEEK	1523030697616115239
D3822AFC-39AF-11E8-BF66-D9AA8AFF4A69	SUBJECT_PROCESS	4F66A7D8-7695-7051-9576-684791704F29	FILE_OBJECT_FILE	EVENT_READ	1523030697616115239
D3822AFC-39AF-11E8-BF66-D9AA8AFF4A69	SUBJECT_PROCESS	4F66A7D8-7695-7051-9576-684791704F29	FILE_OBJECT_FILE	EVENT_CLOSE	1523030697616115239
D3822AFC-39AF-11E8-BF66-D9AA8AFF4A69	SUBJECT_PROCESS	4F66A7D8-7695-7051-9576-684791704F29	FILE_OBJECT_FILE	EVENT_OPEN	1523030697616115239
D3822AFC-39AF-11E8-BF66-D9AA8AFF4A69	SUBJECT_PROCESS	4F66A7D8-7695-7051-9576-684791704F29	FILE_OBJECT_FILE	EVENT_LSEEK	1523030697616115239
D3822AFC-39AF-11E8-BF66-D9AA8AFF4A69	SUBJECT_PROCESS	4F66A7D8-7695-7051-9576-684791704F29	FILE_OBJECT_FILE	EVENT_LSEEK	1523030697616115239
D3822AFC-39AF-11E8-BF66-D9AA8AFF4A69	SUBJECT_PROCESS	4F66A7D8-7695-7051-9576-684791704F29	FILE_OBJECT_FILE	EVENT_READ	1523030697616115239
D3822AFC-39AF-11E8-BF66-D9AA8AFF4A69	SUBJECT_PROCESS	4F66A7D8-7695-7051-9576-684791704F29	FILE_OBJECT_FILE	EVENT_CLOSE	1523030697616115239
D3822AFC-39AF-11E8-BF66-D9AA8AFF4A69	SUBJECT_PROCESS	4F66A7D8-7695-7051-9576-684791704F29	FILE_OBJECT_FILE	EVENT_OPEN	1523030697616115239
D3822AFC-39AF-11E8-BF66-D9AA8AFF4A69	SUBJECT_PROCESS	4F66A7D8-7695-7051-9576-684791704F29	FILE_OBJECT_FILE	EVENT_LSEEK	1523030697616115239
D3822AFC-39AF-11E8-BF66-D9AA8AFF4A69	SUBJECT_PROCESS	4F66A7D8-7695-7051-9576-684791704F29	FILE_OBJECT_FILE	EVENT_LSEEK	1523030697616115239
D3822AFC-39AF-11E8-BF66-D9AA8AFF4A69	SUBJECT_PROCESS	4F66A7D8-7695-7051-9576-684791704F29	FILE_OBJECT_FILE	EVENT_READ	1523030697616115239
D3822AFC-39AF-11E8-BF66-D9AA8AFF4A69	SUBJECT_PROCESS	4F66A7D8-7695-7051-9576-684791704F29	FILE_OBJECT_FILE	EVENT_CLOSE	1523030697616115239
D3822AFC-39AF-11E8-BF66-D9AA8AFF4A69	SUBJECT_PROCESS	4F66A7D8-7695-7051-9576-684791704F29	FILE_OBJECT_FILE	EVENT_OPEN	1523030697616115239
D3822AFC-39AF-11E8-BF66-D9AA8AFF4A69	SUBJECT_PROCESS	4F66A7D8-7695-7051-9576-684791704F29	FILE_OBJECT_FILE	EVENT_LSEEK	1523030697616115239
D3822AFC-39AF-11E8-BF66-D9AA8AFF4A69	SUBJECT_PROCESS	4F66A7D8-7695-7051-9576-684791704F29	FILE_OBJECT_FILE	EVENT_LSEEK	1523030697616115239
D3822AFC-39AF-11E8-BF66-D9AA8AFF4A69	SUBJECT_PROCESS	4F66A7D8-7695-7051-9576-684791704F29	FILE_OBJECT_FILE	EVENT_READ	1523030697616115239
D3822AFC-39AF-11E8-BF66-D9AA8AFF4A69	SUBJECT_PROCESS	4F66A7D8-7695-7051-9576-684791704F29	FILE_OBJECT_FILE	EVENT_CLOSE	1523030697616115239
D3822AFC-39AF-11E8-BF66-D9AA8AFF4A69	SUBJECT_PROCESS	4F66A7D8-7695-7051-9576-684791704F29	FILE_OBJECT_FILE	EVENT_OPEN	1523030697616115239
D3822AFC-39AF-11E8-BF66-D9AA8AFF4A69	SUBJECT_PROCESS	4F66A7D8-7695-7051-9576-684791704F29	FILE_OBJECT_FILE	EVENT_LSEEK	1523030697616115239
D3822AFC-39AF-11E8-BF66-D9AA8AFF4A69	SUBJECT_PROCESS	4F66A7D8-7695-7051-9576-684791704F29	FILE_OBJECT_FILE	EVENT_LSEEK	1523030697626124460
D3822AFC-39AF-11E8-BF66-D9AA8AFF4A69	SUBJECT_PROCESS	4F66A7D8-7695-7051-9576-684791704F29	FILE_OBJECT_FILE	EVENT_READ	1523030697626124460
D3822AFC-39AF-11E8-BF66-D9AA8AFF4A69	SUBJECT_PROCESS	4F66A7D8-7695-7051-9576-684791704F29	FILE_OBJECT_FILE	EVENT_CLOSE	1523030697626124460
D3822AFC-39AF-11E8-BF66-D9AA8AFF4A69	SUBJECT_PROCESS	4F66A7D8-7695-7051-9576-684791704F29	FILE_OBJECT_FILE	EVENT_OPEN	1523030697626124460
D3822AFC-39AF-11E8-BF66-D9AA8AFF4A69	SUBJECT_PROCESS	4F66A7D8-7695-7051-9576-684791704F29	FILE_OBJECT_FILE	EVENT_LSEEK	1523030697626124460
D3822AFC-39AF-11E8-BF66-D9AA8AFF4A69	SUBJECT_PROCESS	4F66A7D8-7695-7051-9576-684791704F29	FILE_OBJECT_FILE	EVENT_LSEEK	1523030697626124460
D3822AFC-39AF-11E8-BF66-D9AA8AFF4A69	SUBJECT_PROCESS	4F66A7D8-7695-7051-9576-684791704F29	FILE_OBJECT_FILE	EVENT_READ	1523030697626124460
D3822AFC-39AF-11E8-BF66-D9AA8AFF4A69	SUBJECT_PROCESS	4F66A7D8-7695-7051-9576-684791704F29	FILE_OBJECT_FILE	EVENT_CLOSE	1523030697626124460
D3822AFC-39AF-11E8-BF66-D9AA8AFF4A69	SUBJECT_PROCESS	4F66A7D8-7695-7051-9576-684791704F29	FILE_OBJECT_FILE	EVENT_OPEN	1523030697626124460
D3822AFC-39AF-11E8-BF66-D9AA8AFF4A69	SUBJECT_PROCESS	4F66A7D8-7695-7051-9576-684791704F29	FILE_OBJECT_FILE	EVENT_LSEEK	1523030697626124460
D3822AFC-39AF-11E8-BF66-D9AA8AFF4A69	SUBJECT_PROCESS	4F66A7D8-7695-7051-9576-684791704F29	FILE_OBJECT_FILE	EVENT_LSEEK	1523030697626124460
D3822AFC-39AF-11E8-BF66-D9AA8AFF4A69	SUBJECT_PROCESS	4F66A7D8-7695-7051-9576-684791704F29	FILE_OBJECT_FILE	EVENT_READ	1523030697626124460
D3822AFC-39AF-11E8-BF66-D9AA8AFF4A69	SUBJECT_PROCESS	4F66A7D8-7695-7051-9576-684791704F29	FILE_OBJECT_FILE	EVENT_CLOSE	1523030697626124460
D3822AFC-39AF-11E8-BF66-D9AA8AFF4A69	SUBJECT_PROCESS	4F66A7D8-7695-7051-9576-684791704F29	FILE_OBJECT_FILE	EVENT_OPEN	1523030697626124460
D3822AFC-39AF-11E8-BF66-D9AA8AFF4A69	SUBJECT_PROCESS	4F66A7D8-7695-7051-9576-684791704F29	FILE_OBJECT_FILE	EVENT_LSEEK	1523030697626124460
D3822AFC-39AF-11E8-BF66-D9AA8AFF4A69	SUBJECT_PROCESS	4F66A7D8-7695-7051-9576-684791704F29	FILE_OBJECT_FILE	EVENT_LSEEK	1523030697626124460
D3822AFC-39AF-11E8-BF66-D9AA8AFF4A69	SUBJECT_PROCESS	4F66A7D8-7695-7051-9576-684791704F29	FILE_OBJECT_FILE	EVENT_READ	1523030697626124460
D3822AFC-39AF-11E8-BF66-D9AA8AFF4A69	SUBJECT_PROCESS	4F66A7D8-7695-7051-9576-684791704F29	FILE_OBJECT_FILE	EVENT_CLOSE	1523030697626124460
D3822AFC-39AF-11E8-BF66-D9AA8AFF4A69	SUBJECT_PROCESS	4F66A7D8-7695-7051-9576-684791704F29	FILE_OBJECT_FILE	EVENT_OPEN	1523030697626124460
D3822AFC-39AF-11E8-BF66-D9AA8AFF4A69	SUBJECT_PROCESS	4F66A7D8-7695-7051-9576-684791704F29	FILE_OBJECT_FILE	EVENT_LSEEK	1523030697626124460
D3822AFC-39AF-11E8-BF66-D9AA8AFF4A69	SUBJECT_PROCESS	4F66A7D8-7695-7051-9576-684791704F29	FILE_OBJECT_FILE	EVENT_LSEEK	1523030697626124460
D3822AFC-39AF-11E8-BF66-D9AA8AFF4A69	SUBJECT_PROCESS	4F66A7D8-7695-7051-9576-684791704F29	FILE_OBJECT_FILE	EVENT_READ	1523030697626124460
D3822AFC-39AF-11E8-BF66-D9AA8AFF4A69	SUBJECT_PROCESS	4F66A7D8-7695-7051-9576-684791704F29	FILE_OBJECT_FILE	EVENT_CLOSE	1523030697626124460
D3822AFC-39AF-11E8-BF66-D9AA8AFF4A69	SUBJECT_PROCESS	4F66A7D8-7695-7051-9576-684791704F29	FILE_OBJECT_FILE	EVENT_OPEN	1523030697626124460
D3822AFC-39AF-11E8-BF66-D9AA8AFF4A69	SUBJECT_PROCESS	4F66A7D8-7695-7051-9576-684791704F29	FILE_OBJECT_FILE	EVENT_LSEEK	1523030697626124460
D3822AFC-39AF-11E8-BF66-D9AA8AFF4A69	SUBJECT_PROCESS	4F66A7D8-7695-7051-9576-684791704F29	FILE_OBJECT_FILE	EVENT_LSEEK	1523030697626124460
D3822AFC-39AF-11E8-BF66-D9AA8AFF4A69	SUBJECT_PROCESS	4F66A7D8-7695-7051-9576-684791704F29	FILE_OBJECT_FILE	EVENT_READ	1523030697626124460
D3822AFC-39AF-11E8-BF66-D9AA8AFF4A69	SUBJECT_PROCESS	4F66A7D8-7695-7051-9576-684791704F29	FILE_OBJECT_FILE	EVENT_CLOSE	1523030697626124460
D3822AFC-39AF-11E8-BF66-D9AA8AFF4A69	SUBJECT_PROCESS	4F66A7D8-7695-7051-9576-684791704F29	FILE_OBJECT_FILE	EVENT_OPEN	1523030697626124460
D3822AFC-39AF-11E8-BF66-D9AA8AFF4A69	SUBJECT_PROCESS	4F66A7D8-7695-7051-9576-684791704F29	FILE_OBJECT_FILE	EVENT_LSEEK	1523030697636116161
D3822AFC-39AF-11E8-BF66-D9AA8AFF4A69	SUBJECT_PROCESS	4F66A7D8-7695-7051-9576-684791704F29	FILE_OBJECT_FILE	EVENT_LSEEK	1523030697636116161
D3822AFC-39AF-11E8-BF66-D9AA8AFF4A69	SUBJECT_PROCESS	4F66A7D8-7695-7051-9576-684791704F29	FILE_OBJECT_FILE	EVENT_READ	1523030697636116161
D3822AFC-39AF-11E8-BF66-D9AA8AFF4A69	SUBJECT_PROCESS	4F66A7D8-7695-7051-9576-684791704F29	FILE_OBJECT_FILE	EVENT_CLOSE	1523030697636116161
D3822AFC-39AF-11E8-BF66-D9AA8AFF4A69	SUBJECT_PROCESS	4F66A7D8-7695-7051-9576-684791704F29	FILE_OBJECT_FILE	EVENT_OPEN	1523030697636116161
D3822AFC-39AF-11E8-BF66-D9AA8AFF4A69	SUBJECT_PROCESS	4F66A7D8-7695-7051-9576-684791704F29	FILE_OBJECT_FILE	EVENT_LSEEK	1523030697636116161
D3822AFC-39AF-11E8-BF66-D9AA8AFF4A69	SUBJECT_PROCESS	4F66A7D8-7695-7051-9576-684791704F29	FILE_OBJECT_FILE	EVENT_LSEEK	1523030697636116161
D3822AFC-39AF-11E8-BF66-D9AA8AFF4A69	SUBJECT_PROCESS	4F66A7D8-7695-7051-9576-684791704F29	FILE_OBJECT_FILE	EVENT_READ	1523030697636116161
D3822AFC-39AF-11E8-BF66-D9AA8AFF4A69	SUBJECT_PROCESS	4F66A7D8-7695-7051-9576-684791704F29	FILE_OBJECT_FILE	EVENT_CLOSE	1523030697636116161
D3822AFC-39AF-11E8-BF66-D9AA8AFF4A69	SUBJECT_PROCESS	4F66A7D8-7695-7051-9576-684791704F29	FILE_OBJECT_FILE	EVENT_OPEN	1523030697636116161
D3822AFC-39AF-11E8-BF66-D9AA8AFF4A69	SUBJECT_PROCESS	4F66A7D8-7695-7051-9576-684791704F29	FILE_OBJECT_FILE	EVENT_LSEEK	1523030697636116161
D3822AFC-39AF-11E8-BF66-D9AA8AFF4A69	SUBJECT_PROCESS	4F66A7D8-7695-7051-9576-684791704F29	FILE_OBJECT_FILE	EVENT_LSEEK	1523030697636116161
D3822AFC-39AF-11E8-BF66-D9AA8AFF4A69	SUBJECT_PROCESS	4F66A7D8-7695-7051-9576-684791704F29	FILE_OBJECT_FILE	EVENT_READ	1523030697636116161
D3822AFC-39AF-11E8-BF66-D9AA8AFF4A69	SUBJECT_PROCESS	4F66A7D8-7695-7051-9576-684791704F29	FILE_OBJECT_FILE	EVENT_CLOSE	1523030697636116161
D3822AFC-39AF-11E8-BF66-D9AA8AFF4A69	SUBJECT_PROCESS	4F66A7D8-7695-7051-9576-684791704F29	FILE_OBJECT_FILE	EVENT_OPEN	1523030697636116161
D3822AFC-39AF-11E8-BF66-D9AA8AFF4A69	SUBJECT_PROCESS	4F66A7D8-7695-7051-9576-684791704F29	FILE_OBJECT_FILE	EVENT_LSEEK	1523030697636116161
D3822AFC-39AF-11E8-BF66-D9AA8AFF4A69	SUBJECT_PROCESS	4F66A7D8-7695-7051-9576-684791704F29	FILE_OBJECT_FILE	EVENT_LSEEK	1523030697636116161
D3822AFC-39AF-11E8-BF66-D9AA8AFF4A69	SUBJECT_PROCESS	4F66A7D8-7695-7051-9576-684791704F29	FILE_OBJECT_FILE	EVENT_READ	1523030697636116161
D3822AFC-39AF-11E8-BF66-D9AA8AFF4A69	SUBJECT_PROCESS	4F66A7D8-7695-7051-9576-684791704F29	FILE_OBJECT_FILE	EVENT_CLOSE	1523030697636116161
D3822AFC-39AF-11E8-BF66-D9AA8AFF4A69	SUBJECT_PROCESS	4F66A7D8-7695-7051-9576-684791704F29	FILE_OBJECT_FILE	EVENT_OPEN	1523030697636116161
D3822AFC-39AF-11E8-BF66-D9AA8AFF4A69	SUBJECT_PROCESS	4F66A7D8-7695-7051-9576-684791704F29	FILE_OBJECT_FILE	EVENT_LSEEK	1523030697636116161
D3822AFC-39AF-11E8-BF66-D9AA8AFF4A69	SUBJECT_PROCESS	4F66A7D8-7695-7051-9576-684791704F29	FILE_OBJECT_FILE	EVENT_LSEEK	1523030697636116161
D3822AFC-39AF-11E8-BF66-D9AA8AFF4A69	SUBJECT_PROCESS	4F66A7D8-7695-7051-9576-684791704F29	FILE_OBJECT_FILE	EVENT_READ	1523030697636116161
D3822AFC-39AF-11E8-BF66-D9AA8AFF4A69	SUBJECT_PROCESS	4F66A7D8-7695-7051-9576-684791704F29	FILE_OBJECT_FILE	EVENT_CLOSE	1523030697636116161
D3822AFC-39AF-11E8-BF66-D9AA8AFF4A69	SUBJECT_PROCESS	4F66A7D8-7695-7051-9576-684791704F29	FILE_OBJECT_FILE	EVENT_OPEN	1523030697636116161
D3822AFC-39AF-11E8-BF66-D9AA8AFF4A69	SUBJECT_PROCESS	4F66A7D8-7695-7051-9576-684791704F29	FILE_OBJECT_FILE	EVENT_LSEEK	1523030697636116161
D3822AFC-39AF-11E8-BF66-D9AA8AFF4A69	SUBJECT_PROCESS	4F66A7D8-7695-7051-9576-684791704F29	FILE_OBJECT_FILE	EVENT_LSEEK	1523030697636116161
D3822AFC-39AF-11E8-BF66-D9AA8AFF4A69	SUBJECT_PROCESS	4F66A7D8-7695-7051-9576-684791704F29	FILE_OBJECT_FILE	EVENT_READ	1523030697636116161
D3822AFC-39AF-11E8-BF66-D9AA8AFF4A69	SUBJECT_PROCESS	4F66A7D8-7695-7051-9576-684791704F29	FILE_OBJECT_FILE	EVENT_CLOSE	1523030697636116161
D3822AFC-39AF-11E8-BF66-D9AA8AFF4A69	SUBJECT_PROCESS	4F66A7D8-7695-7051-9576-684791704F29	FILE_OBJECT_FILE	EVENT_OPEN	1523030697636116161
D3822AFC-39AF-11E8-BF66-D9AA8AFF4A69	SUBJECT_PROCESS	4F66A7D8-7695-7051-9576-684791704F29	FILE_OBJECT_FILE	EVENT_LSEEK	1523030697636116161
D3822AFC-39AF-11E8-BF66-D9AA8AFF4A69	SUBJECT_PROCESS	4F66A7D8-7695-7051-9576-684791704F29	FILE_OBJECT_FILE	EVENT_LSEEK	1523030697646113662
D3822AFC-39AF-11E8-BF66-D9AA8AFF4A69	SUBJECT_PROCESS	4F66A7D8-7695-7051-9576-684791704F29	FILE_OBJECT_FILE	EVENT_READ	1523030697646113662
D3822AFC-39AF-11E8-BF66-D9AA8AFF4A69	SUBJECT_PROCESS	4F66A7D8-7695-7051-9576-684791704F29	FILE_OBJECT_FILE	EVENT_CLOSE	1523030697646113662
D3822AFC-39AF-11E8-BF66-D9AA8AFF4A69	SUBJECT_PROCESS	4F66A7D8-7695-7051-9576-684791704F29	FILE_OBJECT_FILE	EVENT_OPEN	1523030697646113662
D3822AFC-39AF-11E8-BF66-D9AA8AFF4A69	SUBJECT_PROCESS	4F66A7D8-7695-7051-9576-684791704F29	FILE_OBJECT_FILE	EVENT_LSEEK	1523030697646113662
D3822AFC-39AF-11E8-BF66-D9AA8AFF4A69	SUBJECT_PROCESS	4F66A7D8-7695-7051-9576-684791704F29	FILE_OBJECT_FILE	EVENT_LSEEK	1523030697646113662
D3822AFC-39AF-11E8-BF66-D9AA8AFF4A69	SUBJECT_PROCESS	4F66A7D8-7695-7051-9576-684791704F29	FILE_OBJECT_FILE	EVENT_READ	1523030697646113662
D3822AFC-39AF-11E8-BF66-D9AA8AFF4A69	SUBJECT_PROCESS	4F66A7D8-7695-7051-9576-684791704F29	FILE_OBJECT_FILE	EVENT_CLOSE	1523030697646113662
D3822AFC-39AF-11E8-BF66-D9AA8AFF4A69	SUBJECT_PROCESS	4F66A7D8-7695-7051-9576-684791704F29	FILE_OBJECT_FILE	EVENT_OPEN	1523030697646113662
D3822AFC-39AF-11E8-BF66-D9AA8AFF4A69	SUBJECT_PROCESS	4F66A7D8-7695-7051-9576-684791704F29	FILE_OBJECT_FILE	EVENT_LSEEK	1523030697646113662
D3822AFC-39AF-11E8-BF66-D9AA8AFF4A69	SUBJECT_PROCESS	4F66A7D8-7695-7051-9576-684791704F29	FILE_OBJECT_FILE	EVENT_LSEEK	1523030697646113662
D3822AFC-39AF-11E8-BF66-D9AA8AFF4A69	SUBJECT_PROCESS	4F66A7D8-7695-7051-9576-684791704F29	FILE_OBJECT_FILE	EVENT_READ	1523030697646113662
D3822AFC-39AF-11E8-BF66-D9AA8AFF4A69	SUBJECT_PROCESS	4F66A7D8-7695-7051-9576-684791704F29	FILE_OBJECT_FILE	EVENT_CLOSE	1523030697646113662
D3822AFC-39AF-11E8-BF66-D9AA8AFF4A69	SUBJECT_PROCESS	4F66A7D8-7695-7051-9576-684791704F29	FILE_OBJECT_FILE	EVENT_OPEN	1523030697646113662
D3822AFC-39AF-11E8-BF66-D9AA8AFF4A69	SUBJECT_PROCESS	4F66A7D8-7695-7051-9576-684791704F29	FILE_OBJECT_FILE	EVENT_LSEEK	1523030697646113662
D3822AFC-39AF-11E8-BF66-D9AA8AFF4A69	SUBJECT_PROCESS	4F66A7D8-7695-7051-9576-684791704F29	FILE_OBJECT_FILE	EVENT_LSEEK	1523030697646113662
D3822AFC-39AF-11E8-BF66-D9AA8AFF4A69	SUBJECT_PROCESS	4F66A7D8-7695-7051-9576-684791704F29	FILE_OBJECT_FILE	EVENT_READ	1523030697646113662
D3822AFC-39AF-11E8-BF66-D9AA8AFF4A69	SUBJECT_PROCESS	4F66A7D8-7695-7051-9576-684791704F29	FILE_OBJECT_FILE	EVENT_CLOSE	1523030697646113662
D3822AFC-39AF-11E8-BF66-D9AA8AFF4A69	SUBJECT_PROCESS	4F66A7D8-7695-7051-9576-684791704F29	FILE_OBJECT_FILE	EVENT_OPEN	1523030697646113662
D3822AFC-39AF-11E8-BF66-D9AA8AFF4A69	SUBJECT_PROCESS	4F66A7D8-7695-7051-9576-684791704F29	FILE_OBJECT_FILE	EVENT_LSEEK	1523030697646113662
D3822AFC-39AF-11E8-BF66-D9AA8AFF4A69	SUBJECT_PROCESS	4F66A7D8-7695-7051-9576-684791704F29	FILE_OBJECT_FILE	EVENT_LSEEK	1523030697646113662
D3822AFC-39AF-11E8-BF66-D9AA8AFF4A69	SUBJECT_PROCESS	4F66A7D8-7695-7051-9576-684791704F29	FILE_OBJECT_FILE	EVENT_READ	1523030697646113662
D3822AFC-39AF-11E8-BF66-D9AA8AFF4A69	SUBJECT_PROCESS	4F66A7D8-7695-7051-9576-684791704F29	FILE_OBJECT_FILE	EVENT_CLOSE	1523030697646113662
D3822AFC-39AF-11E8-BF66-D9AA8AFF4A69	SUBJECT_PROCESS	4F66A7D8-7695-7051-9576-684791704F29	FILE_OBJECT_FILE	EVENT_OPEN	1523030697646113662
D3822AFC-39AF-11E8-BF66-D9AA8AFF4A69	SUBJECT_PROCESS	4F66A7D8-7695-7051-9576-684791704F29	FILE_OBJECT_FILE	EVENT_LSEEK	1523030697646113662
D3822AFC-39AF-11E8-BF66-D9AA8AFF4A69	SUBJECT_PROCESS	4F66A7D8-7695-7051-9576-684791704F29	FILE_OBJECT_FILE	EVENT_LSEEK	1523030697646113662
D3822AFC-39AF-11E8-BF66-D9AA8AFF4A69	SUBJECT_PROCESS	4F66A7D8-7695-7051-9576-684791704F29	FILE_OBJECT_FILE	EVENT_READ	1523030697646113662
D3822AFC-39AF-11E8-BF66-D9AA8AFF4A69	SUBJECT_PROCESS	4F66A7D8-7695-7051-9576-684791704F29	FILE_OBJECT_FILE	EVENT_CLOSE	1523030697646113662
D3822AFC-39AF-11E8-BF66-D9AA8AFF4A69	SUBJECT_PROCESS	4F66A7D8-7695-7051-9576-684791704F29	FILE_OBJECT_FILE	EVENT_OPEN	1523030697646113662
D3822AFC-39AF-11E8-BF66-D9AA8AFF4A69	SUBJECT_PROCESS	4F66A7D8-7695-7051-9576-684791704F29	FILE_OBJECT_FILE	EVENT_LSEEK	1523030697646113662
D3822AFC-39AF-11E8-BF66-D9AA8AFF4A69	SUBJECT_PROCESS	4F66A7D8-7695-7051-9576-684791704F29	FILE_OBJECT_FILE	EVENT_LSEEK	1523030697646113662
D3822AFC-39AF-11E8-BF66-D9AA8AFF4A69	SUBJECT_PROCESS	4F66A7D8-7695-7051-9576-684791704F29	FILE_OBJECT_FILE	EVENT_READ	1523030697656112682
D3822AFC-39AF-11E8-BF66-D9AA8AFF4A69	SUBJECT_PROCESS	4F66A7D8-7695-7051-9576-684791704F29	FILE_OBJECT_FILE	EVENT_CLOSE	1523030697656112682
D3822AFC-39AF-11E8-BF66-D9AA8AFF4A69	SUBJECT_PROCESS	4F66A7D8-7695-7051-9576-684791704F29	FILE_OBJECT_FILE	EVENT_OPEN	1523030697656112682
D3822AFC-39AF-11E8-BF66-D9AA8AFF4A69	SUBJECT_PROCESS	4F66A7D8-7695-7051-9576-684791704F29	FILE_OBJECT_FILE	EVENT_LSEEK	1523030697656112682
D3822AFC-39AF-11E8-BF66-D9AA8AFF4A69	SUBJECT_PROCESS	4F66A7D8-7695-7051-9576-684791704F29	FILE_OBJECT_FILE	EVENT_LSEEK	1523030697656112682
D3822AFC-39AF-11E8-BF66-D9AA8AFF4A69	SUBJECT_PROCESS	4F66A7D8-7695-7051-9576-684791704F29	FILE_OBJECT_FILE	EVENT_READ	1523030697656112682
D3822AFC-39AF-11E8-BF66-D9AA8AFF4A69	SUBJECT_PROCESS	4F66A7D8-7695-7051-9576-684791704F29	FILE_OBJECT_FILE	EVENT_CLOSE	1523030697656112682
D3822AFC-39AF-11E8-BF66-D9AA8AFF4A69	SUBJECT_PROCESS	4F66A7D8-7695-7051-9576-684791704F29	FILE_OBJECT_FILE	EVENT_OPEN	1523030697656112682
D3822AFC-39AF-11E8-BF66-D9AA8AFF4A69	SUBJECT_PROCESS	4F66A7D8-7695-7051-9576-684791704F29	FILE_OBJECT_FILE	EVENT_LSEEK	1523030697656112682
D3822AFC-39AF-11E8-BF66-D9AA8AFF4A69	SUBJECT_PROCESS	4F66A7D8-7695-7051-9576-684791704F29	FILE_OBJECT_FILE	EVENT_LSEEK	1523030697656112682
D3822AFC-39AF-11E8-BF66-D9AA8AFF4A69	SUBJECT_PROCESS	4F66A7D8-7695-7051-9576-684791704F29	FILE_OBJECT_FILE	EVENT_READ	1523030697656112682
D3822AFC-39AF-11E8-BF66-D9AA8AFF4A69	SUBJECT_PROCESS	4F66A7D8-7695-7051-9576-684791704F29	FILE_OBJECT_FILE	EVENT_CLOSE	1523030697656112682
D3822AFC-39AF-11E8-BF66-D9AA8AFF4A69	SUBJECT_PROCESS	4F66A7D8-7695-7051-9576-684791704F29	FILE_OBJECT_FILE	EVENT_OPEN	1523030697656112682
D3822AFC-39AF-11E8-BF66-D9AA8AFF4A69	SUBJECT_PROCESS	4F66A7D8-7695-7051-9576-684791704F29	FILE_OBJECT_FILE	EVENT_LSEEK	1523030697656112682
D3822AFC-39AF-11E8-BF66-D9AA8AFF4A69	SUBJECT_PROCESS	4F66A7D8-7695-7051-9576-684791704F29	FILE_OBJECT_FILE	EVENT_LSEEK	1523030697656112682
D3822AFC-39AF-11E8-BF66-D9AA8AFF4A69	SUBJECT_PROCESS	4F66A7D8-7695-7051-9576-684791704F29	FILE_OBJECT_FILE	EVENT_READ	1523030697656112682
D3822AFC-39AF-11E8-BF66-D9AA8AFF4A69	SUBJECT_PROCESS	4F66A7D8-7695-7051-9576-684791704F29	FILE_OBJECT_FILE	EVENT_CLOSE	1523030697656112682
D3822AFC-39AF-11E8-BF66-D9AA8AFF4A69	SUBJECT_PROCESS	4F66A7D8-7695-7051-9576-684791704F29	FILE_OBJECT_FILE	EVENT_OPEN	1523030697656112682
D3822AFC-39AF-11E8-BF66-D9AA8AFF4A69	SUBJECT_PROCESS	4F66A7D8-7695-7051-9576-684791704F29	FILE_OBJECT_FILE	EVENT_LSEEK	1523030697656112682
D3822AFC-39AF-11E8-BF66-D9AA8AFF4A69	SUBJECT_PROCESS	4F66A7D8-7695-7051-9576-684791704F29	FILE_OBJECT_FILE	EVENT_LSEEK	1523030697656112682
D3822AFC-39AF-11E8-BF66-D9AA8AFF4A69	SUBJECT_PROCESS	4F66A7D8-7695-7051-9576-684791704F29	FILE_OBJECT_FILE	EVENT_READ	1523030697656112682
D3822AFC-39AF-11E8-BF66-D9AA8AFF4A69	SUBJECT_PROCESS	4F66A7D8-7695-7051-9576-684791704F29	FILE_OBJECT_FILE	EVENT_CLOSE	1523030697656112682
D3822AFC-39AF-11E8-BF66-D9AA8AFF4A69	SUBJECT_PROCESS	4F66A7D8-7695-7051-9576-684791704F29	FILE_OBJECT_FILE	EVENT_OPEN	1523030697656112682
D3822AFC-39AF-11E8-BF66-D9AA8AFF4A69	SUBJECT_PROCESS	4F66A7D8-7695-7051-9576-684791704F29	FILE_OBJECT_FILE	EVENT_LSEEK	1523030697656112682
D3822AFC-39AF-11E8-BF66-D9AA8AFF4A69	SUBJECT_PROCESS	4F66A7D8-7695-7051-9576-684791704F29	FILE_OBJECT_FILE	EVENT_LSEEK	1523030697656112682
D3822AFC-39AF-11E8-BF66-D9AA8AFF4A69	SUBJECT_PROCESS	4F66A7D8-7695-7051-9576-684791704F29	FILE_OBJECT_FILE	EVENT_READ	1523030697656112682
D3822AFC-39AF-11E8-BF66-D9AA8AFF4A69	SUBJECT_PROCESS	4F66A7D8-7695-7051-9576-684791704F29	FILE_OBJECT_FILE	EVENT_CLOSE	1523030697656112682
D3822AFC-39AF-11E8-BF66-D9AA8AFF4A69	SUBJECT_PROCESS	4F66A7D8-7695-7051-9576-684791704F29	FILE_OBJECT_FILE	EVENT_OPEN	1523030697656112682
D3822AFC-39AF-11E8-BF66-D9AA8AFF4A69	SUBJECT_PROCESS	4F66A7D8-7695-7051-9576-684791704F29	FILE_OBJECT_FILE	EVENT_LSEEK	1523030697656112682
D3822AFC-39AF-11E8-BF66-D9AA8AFF4A69	SUBJECT_PROCESS	4F66A7D8-7695-7051-9576-684791704F29	FILE_OBJECT_FILE	EVENT_LSEEK	1523030697656112682
D3822AFC-39AF-11E8-BF66-D9AA8AFF4A69	SUBJECT_PROCESS	4F66A7D8-7695-7051-9576-684791704F29	FILE_OBJECT_FILE	EVENT_READ	1523030697656112682
D3822AFC-39AF-11E8-BF66-D9AA8AFF4A69	SUBJECT_PROCESS	4F66A7D8-7695-7051-9576-684791704F29	FILE_OBJECT_FILE	EVENT_CLOSE	1523030697666115903
D3822AFC-39AF-11E8-BF66-D9AA8AFF4A69	SUBJECT_PROCESS	4F66A7D8-7695-7051-9576-684791704F29	FILE_OBJECT_FILE	EVENT_OPEN	1523030697666115903
D3822AFC-39AF-11E8-BF66-D9AA8AFF4A69	SUBJECT_PROCESS	4F66A7D8-7695-7051-9576-684791704F29	FILE_OBJECT_FILE	EVENT_LSEEK	1523030697666115903
D3822AFC-39AF-11E8-BF66-D9AA8AFF4A69	SUBJECT_PROCESS	4F66A7D8-7695-7051-9576-684791704F29	FILE_OBJECT_FILE	EVENT_LSEEK	1523030697666115903
D3822AFC-39AF-11E8-BF66-D9AA8AFF4A69	SUBJECT_PROCESS	4F66A7D8-7695-7051-9576-684791704F29	FILE_OBJECT_FILE	EVENT_READ	1523030697666115903
D3822AFC-39AF-11E8-BF66-D9AA8AFF4A69	SUBJECT_PROCESS	4F66A7D8-7695-7051-9576-684791704F29	FILE_OBJECT_FILE	EVENT_CLOSE	1523030697666115903
D3822AFC-39AF-11E8-BF66-D9AA8AFF4A69	SUBJECT_PROCESS	4F66A7D8-7695-7051-9576-684791704F29	FILE_OBJECT_FILE	EVENT_OPEN	1523030697666115903
D3822AFC-39AF-11E8-BF66-D9AA8AFF4A69	SUBJECT_PROCESS	4F66A7D8-7695-7051-9576-684791704F29	FILE_OBJECT_FILE	EVENT_LSEEK	1523030697666115903
D3822AFC-39AF-11E8-BF66-D9AA8AFF4A69	SUBJECT_PROCESS	4F66A7D8-7695-7051-9576-684791704F29	FILE_OBJECT_FILE	EVENT_LSEEK	1523030697666115903
D3822AFC-39AF-11E8-BF66-D9AA8AFF4A69	SUBJECT_PROCESS	4F66A7D8-7695-7051-9576-684791704F29	FILE_OBJECT_FILE	EVENT_READ	1523030697666115903
D3822AFC-39AF-11E8-BF66-D9AA8AFF4A69	SUBJECT_PROCESS	4F66A7D8-7695-7051-9576-684791704F29	FILE_OBJECT_FILE	EVENT_CLOSE	1523030697666115903
D3822AFC-39AF-11E8-BF66-D9AA8AFF4A69	SUBJECT_PROCESS	4F66A7D8-7695-7051-9576-684791704F29	FILE_OBJECT_FILE	EVENT_OPEN	1523030697666115903
D3822AFC-39AF-11E8-BF66-D9AA8AFF4A69	SUBJECT_PROCESS	4F66A7D8-7695-7051-9576-684791704F29	FILE_OBJECT_FILE	EVENT_LSEEK	1523030697666115903
D3822AFC-39AF-11E8-BF66-D9AA8AFF4A69	SUBJECT_PROCESS	4F66A7D8-7695-7051-9576-684791704F29	FILE_OBJECT_FILE	EVENT_LSEEK	1523030697666115903
D3822AFC-39AF-11E8-BF66-D9AA8AFF4A69	SUBJECT_PROCESS	4F66A7D8-7695-7051-9576-684791704F29	FILE_OBJECT_FILE	EVENT_READ	1523030697666115903
D3822AFC-39AF-11E8-BF66-D9AA8AFF4A69	SUBJECT_PROCESS	4F66A7D8-7695-7051-9576-684791704F29	FILE_OBJECT_FILE	EVENT_CLOSE	1523030697666115903
D3822AFC-39AF-11E8-BF66-D9AA8AFF4A69	SUBJECT_PROCESS	4F66A7D8-7695-7051-9576-684791704F29	FILE_OBJECT_FILE	EVENT_OPEN	1523030697666115903
D3822AFC-39AF-11E8-BF66-D9AA8AFF4A69	SUBJECT_PROCESS	4F66A7D8-7695-7051-9576-684791704F29	FILE_OBJECT_FILE	EVENT_LSEEK	1523030697666115903
D3822AFC-39AF-11E8-BF66-D9AA8AFF4A69	SUBJECT_PROCESS	4F66A7D8-7695-7051-9576-684791704F29	FILE_OBJECT_FILE	EVENT_LSEEK	1523030697666115903
D3822AFC-39AF-11E8-BF66-D9AA8AFF4A69	SUBJECT_PROCESS	4F66A7D8-7695-7051-9576-684791704F29	FILE_OBJECT_FILE	EVENT_READ	1523030697666115903
D3822AFC-39AF-11E8-BF66-D9AA8AFF4A69	SUBJECT_PROCESS	4F66A7D8-7695-7051-9576-684791704F29	FILE_OBJECT_FILE	EVENT_CLOSE	1523030697666115903
D3822AFC-39AF-11E8-BF66-D9AA8AFF4A69	SUBJECT_PROCESS	4F66A7D8-7695-7051-9576-684791704F29	FILE_OBJECT_FILE	EVENT_OPEN	1523030697666115903
D3822AFC-39AF-11E8-BF66-D9AA8AFF4A69	SUBJECT_PROCESS	4F66A7D8-7695-7051-9576-684791704F29	FILE_OBJECT_FILE	EVENT_LSEEK	1523030697666115903
D3822AFC-39AF-11E8-BF66-D9AA8AFF4A69	SUBJECT_PROCESS	4F66A7D8-7695-7051-9576-684791704F29	FILE_OBJECT_FILE	EVENT_LSEEK	1523030697666115903
D3822AFC-39AF-11E8-BF66-D9AA8AFF4A69	SUBJECT_PROCESS	4F66A7D8-7695-7051-9576-684791704F29	FILE_OBJECT_FILE	EVENT_READ	1523030697666115903
D3822AFC-39AF-11E8-BF66-D9AA8AFF4A69	SUBJECT_PROCESS	4F66A7D8-7695-7051-9576-684791704F29	FILE_OBJECT_FILE	EVENT_CLOSE	1523030697666115903
D3822AFC-39AF-11E8-BF66-D9AA8AFF4A69	SUBJECT_PROCESS	4F66A7D8-7695-7051-9576-684791704F29	FILE_OBJECT_FILE	EVENT_OPEN	1523030697666115903
D3822AFC-39AF-11E8-BF66-D9AA8AFF4A69	SUBJECT_PROCESS	4F66A7D8-7695-7051-9576-684791704F29	FILE_OBJECT_FILE	EVENT_LSEEK	1523030697666115903
D3822AFC-39AF-11E8-BF66-D9AA8AFF4A69	SUBJECT_PROCESS	4F66A7D8-7695-7051-9576-684791704F29	FILE_OBJECT_FILE	EVENT_LSEEK	1523030697666115903
D3822AFC-39AF-11E8-BF66-D9AA8AFF4A69	SUBJECT_PROCESS	4F66A7D8-7695-7051-9576-684791704F29	FILE_OBJECT_FILE	EVENT_READ	1523030697666115903
D3822AFC-39AF-11E8-BF66-D9AA8AFF4A69	SUBJECT_PROCESS	4F66A7D8-7695-7051-9576-684791704F29	FILE_OBJECT_FILE	EVENT_CLOSE	1523030697666115903
D3822AFC-39AF-11E8-BF66-D9AA8AFF4A69	SUBJECT_PROCESS	4F66A7D8-7695-7051-9576-684791704F29	FILE_OBJECT_FILE	EVENT_OPEN	1523030697676112954
D3822AFC-39AF-11E8-BF66-D9AA8AFF4A69	SUBJECT_PROCESS	4F66A7D8-7695-7051-9576-684791704F29	FILE_OBJECT_FILE	EVENT_LSEEK	1523030697676112954
D3822AFC-39AF-11E8-BF66-D9AA8AFF4A69	SUBJECT_PROCESS	4F66A7D8-7695-7051-9576-684791704F29	FILE_OBJECT_FILE	EVENT_LSEEK	1523030697676112954
D3822AFC-39AF-11E8-BF66-D9AA8AFF4A69	SUBJECT_PROCESS	4F66A7D8-7695-7051-9576-684791704F29	FILE_OBJECT_FILE	EVENT_READ	1523030697676112954
D3822AFC-39AF-11E8-BF66-D9AA8AFF4A69	SUBJECT_PROCESS	4F66A7D8-7695-7051-9576-684791704F29	FILE_OBJECT_FILE	EVENT_CLOSE	1523030697676112954
D3822AFC-39AF-11E8-BF66-D9AA8AFF4A69	SUBJECT_PROCESS	4F66A7D8-7695-7051-9576-684791704F29	FILE_OBJECT_FILE	EVENT_OPEN	1523030697676112954
D3822AFC-39AF-11E8-BF66-D9AA8AFF4A69	SUBJECT_PROCESS	4F66A7D8-7695-7051-9576-684791704F29	FILE_OBJECT_FILE	EVENT_LSEEK	1523030697676112954
D3822AFC-39AF-11E8-BF66-D9AA8AFF4A69	SUBJECT_PROCESS	4F66A7D8-7695-7051-9576-684791704F29	FILE_OBJECT_FILE	EVENT_LSEEK	1523030697676112954
D3822AFC-39AF-11E8-BF66-D9AA8AFF4A69	SUBJECT_PROCESS	4F66A7D8-7695-7051-9576-684791704F29	FILE_OBJECT_FILE	EVENT_READ	1523030697676112954
D3822AFC-39AF-11E8-BF66-D9AA8AFF4A69	SUBJECT_PROCESS	4F66A7D8-7695-7051-9576-684791704F29	FILE_OBJECT_FILE	EVENT_CLOSE	1523030697676112954
D3822AFC-39AF-11E8-BF66-D9AA8AFF4A69	SUBJECT_PROCESS	4F66A7D8-7695-7051-9576-684791704F29	FILE_OBJECT_FILE	EVENT_OPEN	1523030697676112954
D3822AFC-39AF-11E8-BF66-D9AA8AFF4A69	SUBJECT_PROCESS	4F66A7D8-7695-7051-9576-684791704F29	FILE_OBJECT_FILE	EVENT_LSEEK	1523030697676112954
D3822AFC-39AF-11E8-BF66-D9AA8AFF4A69	SUBJECT_PROCESS	4F66A7D8-7695-7051-9576-684791704F29	FILE_OBJECT_FILE	EVENT_LSEEK	1523030697676112954
D3822AFC-39AF-11E8-BF66-D9AA8AFF4A69	SUBJECT_PROCESS	4F66A7D8-7695-7051-9576-684791704F29	FILE_OBJECT_FILE	EVENT_READ	1523030697676112954
D3822AFC-39AF-11E8-BF66-D9AA8AFF4A69	SUBJECT_PROCESS	4F66A7D8-7695-7051-9576-684791704F29	FILE_OBJECT_FILE	EVENT_CLOSE	1523030697676112954
D3822AFC-39AF-11E8-BF66-D9AA8AFF4A69	SUBJECT_PROCESS	4F66A7D8-7695-7051-9576-684791704F29	FILE_OBJECT_FILE	EVENT_OPEN	1523030697676112954
D3822AFC-39AF-11E8-BF66-D9AA8AFF4A69	SUBJECT_PROCESS	4F66A7D8-7695-7051-9576-684791704F29	FILE_OBJECT_FILE	EVENT_LSEEK	1523030697676112954
D3822AFC-39AF-11E8-BF66-D9AA8AFF4A69	SUBJECT_PROCESS	4F66A7D8-7695-7051-9576-684791704F29	FILE_OBJECT_FILE	EVENT_LSEEK	1523030697676112954
D3822AFC-39AF-11E8-BF66-D9AA8AFF4A69	SUBJECT_PROCESS	4F66A7D8-7695-7051-9576-684791704F29	FILE_OBJECT_FILE	EVENT_READ	1523030697676112954
D3822AFC-39AF-11E8-BF66-D9AA8AFF4A69	SUBJECT_PROCESS	4F66A7D8-7695-7051-9576-684791704F29	FILE_OBJECT_FILE	EVENT_CLOSE	1523030697676112954
D3822AFC-39AF-11E8-BF66-D9AA8AFF4A69	SUBJECT_PROCESS	4F66A7D8-7695-7051-9576-684791704F29	FILE_OBJECT_FILE	EVENT_OPEN	1523030697676112954
D3822AFC-39AF-11E8-BF66-D9AA8AFF4A69	SUBJECT_PROCESS	4F66A7D8-7695-7051-9576-684791704F29	FILE_OBJECT_FILE	EVENT_LSEEK	1523030697676112954
D3822AFC-39AF-11E8-BF66-D9AA8AFF4A69	SUBJECT_PROCESS	4F66A7D8-7695-7051-9576-684791704F29	FILE_OBJECT_FILE	EVENT_LSEEK	1523030697676112954
D3822AFC-39AF-11E8-BF66-D9AA8AFF4A69	SUBJECT_PROCESS	4F66A7D8-7695-7051-9576-684791704F29	FILE_OBJECT_FILE	EVENT_READ	1523030697676112954
D3822AFC-39AF-11E8-BF66-D9AA8AFF4A69	SUBJECT_PROCESS	4F66A7D8-7695-7051-9576-684791704F29	FILE_OBJECT_FILE	EVENT_CLOSE	1523030697676112954
D3822AFC-39AF-11E8-BF66-D9AA8AFF4A69	SUBJECT_PROCESS	4F66A7D8-7695-7051-9576-684791704F29	FILE_OBJECT_FILE	EVENT_OPEN	1523030697676112954
D3822AFC-39AF-11E8-BF66-D9AA8AFF4A69	SUBJECT_PROCESS	4F66A7D8-7695-7051-9576-684791704F29	FILE_OBJECT_FILE	EVENT_LSEEK	1523030697676112954
D3822AFC-39AF-11E8-BF66-D9AA8AFF4A69	SUBJECT_PROCESS	4F66A7D8-7695-7051-9576-684791704F29	FILE_OBJECT_FILE	EVENT_LSEEK	1523030697676112954
D3822AFC-39AF-11E8-BF66-D9AA8AFF4A69	SUBJECT_PROCESS	4F66A7D8-7695-7051-9576-684791704F29	FILE_OBJECT_FILE	EVENT_READ	1523030697676112954
D3822AFC-39AF-11E8-BF66-D9AA8AFF4A69	SUBJECT_PROCESS	4F66A7D8-7695-7051-9576-684791704F29	FILE_OBJECT_FILE	EVENT_CLOSE	1523030697676112954
D3822AFC-39AF-11E8-BF66-D9AA8AFF4A69	SUBJECT_PROCESS	D384652A-39AF-11E8-BF66-D9AA8AFF4A69	NetFlowObject	EVENT_SENDTO	1523030697686113765
D3822AFC-39AF-11E8-BF66-D9AA8AFF4A69	SUBJECT_PROCESS	D384652A-39AF-11E8-BF66-D9AA8AFF4A69	NetFlowObject	EVENT_SENDTO	1523030697686113765
72FB0406-3678-11E8-BF66-D9AA8AFF4A69	SUBJECT_PROCESS	40286364-39B4-11E8-BF66-D9AA8AFF4A69	FILE_OBJECT_UNIX_SOCKET	EVENT_CLOSE	1523030697806112864
72FB0406-3678-11E8-BF66-D9AA8AFF4A69	SUBJECT_PROCESS	402863CB-39B4-11E8-BF66-D9AA8AFF4A69	FILE_OBJECT_UNIX_SOCKET	EVENT_CLOSE	1523030697806112864
72FB0406-3678-11E8-BF66-D9AA8AFF4A69	SUBJECT_PROCESS	40C0D0EF-39B4-11E8-BF66-D9AA8AFF4A69	FILE_OBJECT_UNIX_SOCKET	EVENT_CREATE_OBJECT	1523030697806112864
72FB0406-3678-11E8-BF66-D9AA8AFF4A69	SUBJECT_PROCESS	40C0D159-39B4-11E8-BF66-D9AA8AFF4A69	FILE_OBJECT_UNIX_SOCKET	EVENT_CREATE_OBJECT	1523030697806112864
72FB0406-3678-11E8-BF66-D9AA8AFF4A69	SUBJECT_PROCESS	40C0D0EF-39B4-11E8-BF66-D9AA8AFF4A69	FILE_OBJECT_UNIX_SOCKET	EVENT_CLOSE	1523030698816116005
72FB0406-3678-11E8-BF66-D9AA8AFF4A69	SUBJECT_PROCESS	40C0D159-39B4-11E8-BF66-D9AA8AFF4A69	FILE_OBJECT_UNIX_SOCKET	EVENT_CLOSE	1523030698816116005
72FB0406-3678-11E8-BF66-D9AA8AFF4A69	SUBJECT_PROCESS	415B0CC1-39B4-11E8-BF66-D9AA8AFF4A69	FILE_OBJECT_UNIX_SOCKET	EVENT_CREATE_OBJECT	1523030698816116005
72FB0406-3678-11E8-BF66-D9AA8AFF4A69	SUBJECT_PROCESS	415B0D27-39B4-11E8-BF66-D9AA8AFF4A69	FILE_OBJECT_UNIX_SOCKET	EVENT_CREATE_OBJECT	1523030698816116005
72FB0406-3678-11E8-BF66-D9AA8AFF4A69	SUBJECT_PROCESS	415B0CC1-39B4-11E8-BF66-D9AA8AFF4A69	FILE_OBJECT_UNIX_SOCKET	EVENT_CLOSE	1523030699846111287
72FB0406-3678-11E8-BF66-D9AA8AFF4A69	SUBJECT_PROCESS	415B0D27-39B4-11E8-BF66-D9AA8AFF4A69	FILE_OBJECT_UNIX_SOCKET	EVENT_CLOSE	1523030699846111287
72FB0406-3678-11E8-BF66-D9AA8AFF4A69	SUBJECT_PROCESS	41F847B5-39B4-11E8-BF66-D9AA8AFF4A69	FILE_OBJECT_UNIX_SOCKET	EVENT_CREATE_OBJECT	1523030699846111287
72FB0406-3678-11E8-BF66-D9AA8AFF4A69	SUBJECT_PROCESS	41F8481C-39B4-11E8-BF66-D9AA8AFF4A69	FILE_OBJECT_UNIX_SOCKET	EVENT_CREATE_OBJECT	1523030699846111287
7C4ADD36-3678-11E8-BF66-D9AA8AFF4A69	SUBJECT_PROCESS	4211F6CF-39B4-11E8-BF66-D9AA8AFF4A69	SUBJECT_PROCESS	EVENT_FORK	1523030700016115340
4211F6CF-39B4-11E8-BF66-D9AA8AFF4A69	SUBJECT_PROCESS	86884D50-8178-C85E-B881-DD1DBEC840E8	FILE_OBJECT_FILE	EVENT_CLOSE	1523030700016115340
4211F6CF-39B4-11E8-BF66-D9AA8AFF4A69	SUBJECT_PROCESS	B114913B-16CD-B458-8D16-B74788B45D44	FILE_OBJECT_FILE	EVENT_CLOSE	1523030700016115340
4211F6CF-39B4-11E8-BF66-D9AA8AFF4A69	SUBJECT_PROCESS	A31135B0-CA58-56BA-A080-74CCBE83CDBF	UnnamedPipeObject	EVENT_CREATE_OBJECT	1523030700016115340
4211F6CF-39B4-11E8-BF66-D9AA8AFF4A69	SUBJECT_PROCESS	E360C54A-22F1-529F-868F-669A737BD3F3	UnnamedPipeObject	EVENT_CREATE_OBJECT	1523030700016115340
4211F6CF-39B4-11E8-BF66-D9AA8AFF4A69	SUBJECT_PROCESS	42123485-39B4-11E8-BF66-D9AA8AFF4A69	SUBJECT_PROCESS	EVENT_FORK	1523030700016115340
42123485-39B4-11E8-BF66-D9AA8AFF4A69	SUBJECT_PROCESS	421248D7-39B4-11E8-BF66-D9AA8AFF4A69	FILE_OBJECT_UNIX_SOCKET	EVENT_CONNECT	1523030700016115340
42123485-39B4-11E8-BF66-D9AA8AFF4A69	SUBJECT_PROCESS	421248D7-39B4-11E8-BF66-D9AA8AFF4A69	FILE_OBJECT_UNIX_SOCKET	EVENT_SENDTO	1523030700016115340
70C1D4CB-3678-11E8-BF66-D9AA8AFF4A69	SUBJECT_PROCESS	70C1A076-3678-11E8-BF66-D9AA8AFF4A69	FILE_OBJECT_UNIX_SOCKET	EVENT_RECVFROM	1523030700016115340
70C1D4CB-3678-11E8-BF66-D9AA8AFF4A69	SUBJECT_PROCESS	FA57AA1F-F7AD-F658-ADF7-2F6018F6DE7C	FILE_OBJECT_FILE	EVENT_WRITE	1523030700016115340
42123485-39B4-11E8-BF66-D9AA8AFF4A69	SUBJECT_PROCESS	421248D7-39B4-11E8-BF66-D9AA8AFF4A69	FILE_OBJECT_UNIX_SOCKET	EVENT_CLOSE	1523030700016115340
42123485-39B4-11E8-BF66-D9AA8AFF4A69	SUBJECT_PROCESS	1633500B-D34B-8058-8BD3-ABB7D880915E	FILE_OBJECT_FILE	EVENT_CLOSE	1523030700016115340
42123485-39B4-11E8-BF66-D9AA8AFF4A69	SUBJECT_PROCESS	1633500B-D34B-8058-8BD3-ABB7D880915E	FILE_OBJECT_FILE	EVENT_CLOSE	1523030700016115340
42123485-39B4-11E8-BF66-D9AA8AFF4A69	SUBJECT_PROCESS	1633500B-D34B-8058-8BD3-ABB7D880915E	FILE_OBJECT_FILE	EVENT_CLOSE	1523030700016115340
42123485-39B4-11E8-BF66-D9AA8AFF4A69	SUBJECT_PROCESS	90139085-37D9-7553-9937-CFE3D375E971	FILE_OBJECT_FILE	EVENT_OPEN	1523030700016115340
42123485-39B4-11E8-BF66-D9AA8AFF4A69	SUBJECT_PROCESS	90139085-37D9-7553-9937-CFE3D375E971	FILE_OBJECT_FILE	EVENT_READ	1523030700026113551
42123485-39B4-11E8-BF66-D9AA8AFF4A69	SUBJECT_PROCESS	90139085-37D9-7553-9937-CFE3D375E971	FILE_OBJECT_FILE	EVENT_READ	1523030700026113551
42123485-39B4-11E8-BF66-D9AA8AFF4A69	SUBJECT_PROCESS	90139085-37D9-7553-9937-CFE3D375E971	FILE_OBJECT_FILE	EVENT_READ	1523030700026113551
42123485-39B4-11E8-BF66-D9AA8AFF4A69	SUBJECT_PROCESS	90139085-37D9-7553-9937-CFE3D375E971	FILE_OBJECT_FILE	EVENT_CLOSE	1523030700026113551
42123485-39B4-11E8-BF66-D9AA8AFF4A69	SUBJECT_PROCESS	9A717117-65ED-675C-AD65-38102C67C832	FILE_OBJECT_FILE	EVENT_OPEN	1523030700026113551
42123485-39B4-11E8-BF66-D9AA8AFF4A69	SUBJECT_PROCESS	9A717117-65ED-675C-AD65-38102C67C832	FILE_OBJECT_FILE	EVENT_READ	1523030700026113551
42123485-39B4-11E8-BF66-D9AA8AFF4A69	SUBJECT_PROCESS	9A717117-65ED-675C-AD65-38102C67C832	FILE_OBJECT_FILE	EVENT_READ	1523030700026113551
42123485-39B4-11E8-BF66-D9AA8AFF4A69	SUBJECT_PROCESS	9A717117-65ED-675C-AD65-38102C67C832	FILE_OBJECT_FILE	EVENT_LSEEK	1523030700026113551
42123485-39B4-11E8-BF66-D9AA8AFF4A69	SUBJECT_PROCESS	9A717117-65ED-675C-AD65-38102C67C832	FILE_OBJECT_FILE	EVENT_READ	1523030700026113551
42123485-39B4-11E8-BF66-D9AA8AFF4A69	SUBJECT_PROCESS	9A717117-65ED-675C-AD65-38102C67C832	FILE_OBJECT_FILE	EVENT_READ	1523030700026113551
42123485-39B4-11E8-BF66-D9AA8AFF4A69	SUBJECT_PROCESS	9A717117-65ED-675C-AD65-38102C67C832	FILE_OBJECT_FILE	EVENT_CLOSE	1523030700026113551
42123485-39B4-11E8-BF66-D9AA8AFF4A69	SUBJECT_PROCESS	42123485-39B4-11E8-BF66-D9AA8AFF4A69	SUBJECT_PROCESS	EVENT_CHANGE_PRINCIPAL	1523030700026113551
42123485-39B4-11E8-BF66-D9AA8AFF4A69	SUBJECT_PROCESS	308E149F-F225-9859-A5F2-8C9BB9983D48	FILE_OBJECT_FILE	EVENT_OPEN	1523030700026113551
42123485-39B4-11E8-BF66-D9AA8AFF4A69	SUBJECT_PROCESS	308E149F-F225-9859-A5F2-8C9BB9983D48	FILE_OBJECT_FILE	EVENT_LSEEK	1523030700026113551
42123485-39B4-11E8-BF66-D9AA8AFF4A69	SUBJECT_PROCESS	308E149F-F225-9859-A5F2-8C9BB9983D48	FILE_OBJECT_FILE	EVENT_READ	1523030700026113551
42123485-39B4-11E8-BF66-D9AA8AFF4A69	SUBJECT_PROCESS	308E149F-F225-9859-A5F2-8C9BB9983D48	FILE_OBJECT_FILE	EVENT_LSEEK	1523030700026113551
42123485-39B4-11E8-BF66-D9AA8AFF4A69	SUBJECT_PROCESS	308E149F-F225-9859-A5F2-8C9BB9983D48	FILE_OBJECT_FILE	EVENT_READ	1523030700026113551
42123485-39B4-11E8-BF66-D9AA8AFF4A69	SUBJECT_PROCESS	308E149F-F225-9859-A5F2-8C9BB9983D48	FILE_OBJECT_FILE	EVENT_CLOSE	1523030700026113551
42123485-39B4-11E8-BF66-D9AA8AFF4A69	SUBJECT_PROCESS	42123485-39B4-11E8-BF66-D9AA8AFF4A69	SUBJECT_PROCESS	EVENT_MODIFY_PROCESS	1523030700036113802
42123485-39B4-11E8-BF66-D9AA8AFF4A69	SUBJECT_PROCESS	42123485-39B4-11E8-BF66-D9AA8AFF4A69	SUBJECT_PROCESS	EVENT_CHANGE_PRINCIPAL	1523030700036113802
42123485-39B4-11E8-BF66-D9AA8AFF4A69	SUBJECT_PROCESS	42123485-39B4-11E8-BF66-D9AA8AFF4A69	SUBJECT_PROCESS	EVENT_CHANGE_PRINCIPAL	1523030700036113802
42123485-39B4-11E8-BF66-D9AA8AFF4A69	SUBJECT_PROCESS	42123485-39B4-11E8-BF66-D9AA8AFF4A69	SUBJECT_PROCESS	EVENT_CHANGE_PRINCIPAL	1523030700036113802
42123485-39B4-11E8-BF66-D9AA8AFF4A69	SUBJECT_PROCESS	9A717117-65ED-675C-AD65-38102C67C832	FILE_OBJECT_FILE	EVENT_OPEN	1523030700036113802
42123485-39B4-11E8-BF66-D9AA8AFF4A69	SUBJECT_PROCESS	9A717117-65ED-675C-AD65-38102C67C832	FILE_OBJECT_FILE	EVENT_READ	1523030700036113802
42123485-39B4-11E8-BF66-D9AA8AFF4A69	SUBJECT_PROCESS	9A717117-65ED-675C-AD65-38102C67C832	FILE_OBJECT_FILE	EVENT_READ	1523030700036113802
42123485-39B4-11E8-BF66-D9AA8AFF4A69	SUBJECT_PROCESS	9A717117-65ED-675C-AD65-38102C67C832	FILE_OBJECT_FILE	EVENT_READ	1523030700036113802
42123485-39B4-11E8-BF66-D9AA8AFF4A69	SUBJECT_PROCESS	9A717117-65ED-675C-AD65-38102C67C832	FILE_OBJECT_FILE	EVENT_READ	1523030700036113802
42123485-39B4-11E8-BF66-D9AA8AFF4A69	SUBJECT_PROCESS	9A717117-65ED-675C-AD65-38102C67C832	FILE_OBJECT_FILE	EVENT_READ	1523030700036113802
42123485-39B4-11E8-BF66-D9AA8AFF4A69	SUBJECT_PROCESS	9A717117-65ED-675C-AD65-38102C67C832	FILE_OBJECT_FILE	EVENT_READ	1523030700036113802
42123485-39B4-11E8-BF66-D9AA8AFF4A69	SUBJECT_PROCESS	9A717117-65ED-675C-AD65-38102C67C832	FILE_OBJECT_FILE	EVENT_READ	1523030700036113802
42123485-39B4-11E8-BF66-D9AA8AFF4A69	SUBJECT_PROCESS	9A717117-65ED-675C-AD65-38102C67C832	FILE_OBJECT_FILE	EVENT_READ	1523030700036113802
42123485-39B4-11E8-BF66-D9AA8AFF4A69	SUBJECT_PROCESS	9A717117-65ED-675C-AD65-38102C67C832	FILE_OBJECT_FILE	EVENT_CLOSE	1523030700036113802
42123485-39B4-11E8-BF66-D9AA8AFF4A69	SUBJECT_PROCESS	42123485-39B4-11E8-BF66-D9AA8AFF4A69	SUBJECT_PROCESS	EVENT_CHANGE_PRINCIPAL	1523030700036113802
42123485-39B4-11E8-BF66-D9AA8AFF4A69	SUBJECT_PROCESS	42123485-39B4-11E8-BF66-D9AA8AFF4A69	SUBJECT_PROCESS	EVENT_CHANGE_PRINCIPAL	1523030700036113802
42123485-39B4-11E8-BF66-D9AA8AFF4A69	SUBJECT_PROCESS	42123485-39B4-11E8-BF66-D9AA8AFF4A69	SUBJECT_PROCESS	EVENT_MODIFY_PROCESS	1523030700036113802
42123485-39B4-11E8-BF66-D9AA8AFF4A69	SUBJECT_PROCESS	42123485-39B4-11E8-BF66-D9AA8AFF4A69	SUBJECT_PROCESS	EVENT_MODIFY_PROCESS	1523030700036113802
42123485-39B4-11E8-BF66-D9AA8AFF4A69	SUBJECT_PROCESS	D4B12CCF-F4D2-A852-92F4-70EEE2A84FA3	FILE_OBJECT_DIR	EVENT_MODIFY_PROCESS	1523030700036113802
42123485-39B4-11E8-BF66-D9AA8AFF4A69	SUBJECT_PROCESS	74BBE554-23FD-D455-BD23-D32CC5D43B28	FILE_OBJECT_FILE	EVENT_EXECUTE	1523030700046115293
42123485-39B4-11E8-BF66-D9AA8AFF4A69	SUBJECT_PROCESS	7A350F75-9945-425D-8599-15CEBD426F06	FILE_OBJECT_FILE	EVENT_EXECUTE	1523030700046115293
42123485-39B4-11E8-BF66-D9AA8AFF4A69	SUBJECT_PROCESS	51110606-D232-9652-B2D2-3A7242968F8A	FILE_OBJECT_FILE	EVENT_OPEN	1523030700046115293
4211F6CF-39B4-11E8-BF66-D9AA8AFF4A69	SUBJECT_PROCESS	A31135B0-CA58-56BA-A080-74CCBE83CDBF	UnnamedPipeObject	EVENT_CLOSE	1523030700046115293
42123485-39B4-11E8-BF66-D9AA8AFF4A69	SUBJECT_PROCESS	51110606-D232-9652-B2D2-3A7242968F8A	FILE_OBJECT_FILE	EVENT_READ	1523030700046115293
42123485-39B4-11E8-BF66-D9AA8AFF4A69	SUBJECT_PROCESS	51110606-D232-9652-B2D2-3A7242968F8A	FILE_OBJECT_FILE	EVENT_CLOSE	1523030700046115293
42123485-39B4-11E8-BF66-D9AA8AFF4A69	SUBJECT_PROCESS	8A44F292-648B-7854-8B64-00F954785A79	FILE_OBJECT_FILE	EVENT_OPEN	1523030700046115293
42123485-39B4-11E8-BF66-D9AA8AFF4A69	SUBJECT_PROCESS	8A44F292-648B-7854-8B64-00F954785A79	FILE_OBJECT_FILE	EVENT_READ	1523030700046115293
42123485-39B4-11E8-BF66-D9AA8AFF4A69	SUBJECT_PROCESS	8A44F292-648B-7854-8B64-00F954785A79	FILE_OBJECT_FILE	EVENT_READ	1523030700046115293
42123485-39B4-11E8-BF66-D9AA8AFF4A69	SUBJECT_PROCESS	8A44F292-648B-7854-8B64-00F954785A79	FILE_OBJECT_FILE	EVENT_CLOSE	1523030700046115293
42123485-39B4-11E8-BF66-D9AA8AFF4A69	SUBJECT_PROCESS	198422DC-10D0-CE5E-9010-9A117ECE544A	FILE_OBJECT_FILE	EVENT_OPEN	1523030700046115293
42123485-39B4-11E8-BF66-D9AA8AFF4A69	SUBJECT_PROCESS	198422DC-10D0-CE5E-9010-9A117ECE544A	FILE_OBJECT_FILE	EVENT_MMAP	1523030700046115293
42123485-39B4-11E8-BF66-D9AA8AFF4A69	SUBJECT_PROCESS	198422DC-10D0-CE5E-9010-9A117ECE544A	FILE_OBJECT_FILE	EVENT_MMAP	1523030700046115293
42123485-39B4-11E8-BF66-D9AA8AFF4A69	SUBJECT_PROCESS	198422DC-10D0-CE5E-9010-9A117ECE544A	FILE_OBJECT_FILE	EVENT_MMAP	1523030700046115293
42123485-39B4-11E8-BF66-D9AA8AFF4A69	SUBJECT_PROCESS	198422DC-10D0-CE5E-9010-9A117ECE544A	FILE_OBJECT_FILE	EVENT_MMAP	1523030700046115293
42123485-39B4-11E8-BF66-D9AA8AFF4A69	SUBJECT_PROCESS	198422DC-10D0-CE5E-9010-9A117ECE544A	FILE_OBJECT_FILE	EVENT_MMAP	1523030700046115293
42123485-39B4-11E8-BF66-D9AA8AFF4A69	SUBJECT_PROCESS	198422DC-10D0-CE5E-9010-9A117ECE544A	FILE_OBJECT_FILE	EVENT_MMAP	1523030700046115293
42123485-39B4-11E8-BF66-D9AA8AFF4A69	SUBJECT_PROCESS	198422DC-10D0-CE5E-9010-9A117ECE544A	FILE_OBJECT_FILE	EVENT_CLOSE	1523030700046115293
42123485-39B4-11E8-BF66-D9AA8AFF4A69	SUBJECT_PROCESS	76A739B1-A13E-FD50-BEA1-B218A0FD0400	FILE_OBJECT_FILE	EVENT_OPEN	1523030700046115293
42123485-39B4-11E8-BF66-D9AA8AFF4A69	SUBJECT_PROCESS	76A739B1-A13E-FD50-BEA1-B218A0FD0400	FILE_OBJECT_FILE	EVENT_MMAP	1523030700046115293
42123485-39B4-11E8-BF66-D9AA8AFF4A69	SUBJECT_PROCESS	76A739B1-A13E-FD50-BEA1-B218A0FD0400	FILE_OBJECT_FILE	EVENT_MMAP	1523030700046115293
42123485-39B4-11E8-BF66-D9AA8AFF4A69	SUBJECT_PROCESS	76A739B1-A13E-FD50-BEA1-B218A0FD0400	FILE_OBJECT_FILE	EVENT_MMAP	1523030700046115293
42123485-39B4-11E8-BF66-D9AA8AFF4A69	SUBJECT_PROCESS	76A739B1-A13E-FD50-BEA1-B218A0FD0400	FILE_OBJECT_FILE	EVENT_MMAP	1523030700046115293
42123485-39B4-11E8-BF66-D9AA8AFF4A69	SUBJECT_PROCESS	76A739B1-A13E-FD50-BEA1-B218A0FD0400	FILE_OBJECT_FILE	EVENT_MMAP	1523030700056115074
42123485-39B4-11E8-BF66-D9AA8AFF4A69	SUBJECT_PROCESS	76A739B1-A13E-FD50-BEA1-B218A0FD0400	FILE_OBJECT_FILE	EVENT_MMAP	1523030700056115074
42123485-39B4-11E8-BF66-D9AA8AFF4A69	SUBJECT_PROCESS	76A739B1-A13E-FD50-BEA1-B218A0FD0400	FILE_OBJECT_FILE	EVENT_CLOSE	1523030700056115074
42123485-39B4-11E8-BF66-D9AA8AFF4A69	SUBJECT_PROCESS	7A1B4973-09E5-AA50-A509-1753C0AA87A1	FILE_OBJECT_FILE	EVENT_OPEN	1523030700056115074
42123485-39B4-11E8-BF66-D9AA8AFF4A69	SUBJECT_PROCESS	7A1B4973-09E5-AA50-A509-1753C0AA87A1	FILE_OBJECT_FILE	EVENT_MMAP	1523030700056115074
42123485-39B4-11E8-BF66-D9AA8AFF4A69	SUBJECT_PROCESS	7A1B4973-09E5-AA50-A509-1753C0AA87A1	FILE_OBJECT_FILE	EVENT_MMAP	1523030700056115074
42123485-39B4-11E8-BF66-D9AA8AFF4A69	SUBJECT_PROCESS	7A1B4973-09E5-AA50-A509-1753C0AA87A1	FILE_OBJECT_FILE	EVENT_MMAP	1523030700056115074
42123485-39B4-11E8-BF66-D9AA8AFF4A69	SUBJECT_PROCESS	7A1B4973-09E5-AA50-A509-1753C0AA87A1	FILE_OBJECT_FILE	EVENT_MMAP	1523030700056115074
42123485-39B4-11E8-BF66-D9AA8AFF4A69	SUBJECT_PROCESS	7A1B4973-09E5-AA50-A509-1753C0AA87A1	FILE_OBJECT_FILE	EVENT_MMAP	1523030700056115074
42123485-39B4-11E8-BF66-D9AA8AFF4A69	SUBJECT_PROCESS	7A1B4973-09E5-AA50-A509-1753C0AA87A1	FILE_OBJECT_FILE	EVENT_MMAP	1523030700056115074
42123485-39B4-11E8-BF66-D9AA8AFF4A69	SUBJECT_PROCESS	7A1B4973-09E5-AA50-A509-1753C0AA87A1	FILE_OBJECT_FILE	EVENT_CLOSE	1523030700056115074
42123485-39B4-11E8-BF66-D9AA8AFF4A69	SUBJECT_PROCESS	F410BE96-4C0C-765E-8C4C-6F0E2E760020	FILE_OBJECT_FILE	EVENT_OPEN	1523030700056115074
42123485-39B4-11E8-BF66-D9AA8AFF4A69	SUBJECT_PROCESS	F410BE96-4C0C-765E-8C4C-6F0E2E760020	FILE_OBJECT_FILE	EVENT_MMAP	1523030700056115074
42123485-39B4-11E8-BF66-D9AA8AFF4A69	SUBJECT_PROCESS	F410BE96-4C0C-765E-8C4C-6F0E2E760020	FILE_OBJECT_FILE	EVENT_MMAP	1523030700056115074
42123485-39B4-11E8-BF66-D9AA8AFF4A69	SUBJECT_PROCESS	F410BE96-4C0C-765E-8C4C-6F0E2E760020	FILE_OBJECT_FILE	EVENT_CLOSE	1523030700056115074
42123485-39B4-11E8-BF66-D9AA8AFF4A69	SUBJECT_PROCESS	E74CDE76-8695-C450-9586-73B620C491E4	FILE_OBJECT_FILE	EVENT_EXECUTE	1523030700056115074
42123485-39B4-11E8-BF66-D9AA8AFF4A69	SUBJECT_PROCESS	7A350F75-9945-425D-8599-15CEBD426F06	FILE_OBJECT_FILE	EVENT_EXECUTE	1523030700056115074
42123485-39B4-11E8-BF66-D9AA8AFF4A69	SUBJECT_PROCESS	51110606-D232-9652-B2D2-3A7242968F8A	FILE_OBJECT_FILE	EVENT_OPEN	1523030700066119804
42123485-39B4-11E8-BF66-D9AA8AFF4A69	SUBJECT_PROCESS	51110606-D232-9652-B2D2-3A7242968F8A	FILE_OBJECT_FILE	EVENT_READ	1523030700066119804
42123485-39B4-11E8-BF66-D9AA8AFF4A69	SUBJECT_PROCESS	51110606-D232-9652-B2D2-3A7242968F8A	FILE_OBJECT_FILE	EVENT_CLOSE	1523030700066119804
42123485-39B4-11E8-BF66-D9AA8AFF4A69	SUBJECT_PROCESS	8A44F292-648B-7854-8B64-00F954785A79	FILE_OBJECT_FILE	EVENT_OPEN	1523030700066119804
42123485-39B4-11E8-BF66-D9AA8AFF4A69	SUBJECT_PROCESS	8A44F292-648B-7854-8B64-00F954785A79	FILE_OBJECT_FILE	EVENT_READ	1523030700066119804
42123485-39B4-11E8-BF66-D9AA8AFF4A69	SUBJECT_PROCESS	8A44F292-648B-7854-8B64-00F954785A79	FILE_OBJECT_FILE	EVENT_READ	1523030700066119804
42123485-39B4-11E8-BF66-D9AA8AFF4A69	SUBJECT_PROCESS	8A44F292-648B-7854-8B64-00F954785A79	FILE_OBJECT_FILE	EVENT_CLOSE	1523030700066119804
42123485-39B4-11E8-BF66-D9AA8AFF4A69	SUBJECT_PROCESS	0BDFF2F1-558E-765C-8E55-BF7C8C76594B	FILE_OBJECT_FILE	EVENT_OPEN	1523030700066119804
42123485-39B4-11E8-BF66-D9AA8AFF4A69	SUBJECT_PROCESS	0BDFF2F1-558E-765C-8E55-BF7C8C76594B	FILE_OBJECT_FILE	EVENT_MMAP	1523030700066119804
42123485-39B4-11E8-BF66-D9AA8AFF4A69	SUBJECT_PROCESS	0BDFF2F1-558E-765C-8E55-BF7C8C76594B	FILE_OBJECT_FILE	EVENT_MMAP	1523030700066119804
42123485-39B4-11E8-BF66-D9AA8AFF4A69	SUBJECT_PROCESS	0BDFF2F1-558E-765C-8E55-BF7C8C76594B	FILE_OBJECT_FILE	EVENT_MMAP	1523030700066119804
42123485-39B4-11E8-BF66-D9AA8AFF4A69	SUBJECT_PROCESS	0BDFF2F1-558E-765C-8E55-BF7C8C76594B	FILE_OBJECT_FILE	EVENT_MMAP	1523030700066119804
42123485-39B4-11E8-BF66-D9AA8AFF4A69	SUBJECT_PROCESS	0BDFF2F1-558E-765C-8E55-BF7C8C76594B	FILE_OBJECT_FILE	EVENT_MMAP	1523030700066119804
42123485-39B4-11E8-BF66-D9AA8AFF4A69	SUBJECT_PROCESS	0BDFF2F1-558E-765C-8E55-BF7C8C76594B	FILE_OBJECT_FILE	EVENT_MMAP	1523030700066119804
42123485-39B4-11E8-BF66-D9AA8AFF4A69	SUBJECT_PROCESS	0BDFF2F1-558E-765C-8E55-BF7C8C76594B	FILE_OBJECT_FILE	EVENT_CLOSE	1523030700066119804
42123485-39B4-11E8-BF66-D9AA8AFF4A69	SUBJECT_PROCESS	9FF334BB-9072-D756-B290-556656D73728	FILE_OBJECT_FILE	EVENT_OPEN	1523030700066119804
42123485-39B4-11E8-BF66-D9AA8AFF4A69	SUBJECT_PROCESS	9FF334BB-9072-D756-B290-556656D73728	FILE_OBJECT_FILE	EVENT_MMAP	1523030700066119804
42123485-39B4-11E8-BF66-D9AA8AFF4A69	SUBJECT_PROCESS	9FF334BB-9072-D756-B290-556656D73728	FILE_OBJECT_FILE	EVENT_MMAP	1523030700066119804
42123485-39B4-11E8-BF66-D9AA8AFF4A69	SUBJECT_PROCESS	9FF334BB-9072-D756-B290-556656D73728	FILE_OBJECT_FILE	EVENT_MMAP	1523030700066119804
42123485-39B4-11E8-BF66-D9AA8AFF4A69	SUBJECT_PROCESS	9FF334BB-9072-D756-B290-556656D73728	FILE_OBJECT_FILE	EVENT_MMAP	1523030700066119804
42123485-39B4-11E8-BF66-D9AA8AFF4A69	SUBJECT_PROCESS	9FF334BB-9072-D756-B290-556656D73728	FILE_OBJECT_FILE	EVENT_MMAP	1523030700076116085
42123485-39B4-11E8-BF66-D9AA8AFF4A69	SUBJECT_PROCESS	9FF334BB-9072-D756-B290-556656D73728	FILE_OBJECT_FILE	EVENT_MMAP	1523030700076116085
42123485-39B4-11E8-BF66-D9AA8AFF4A69	SUBJECT_PROCESS	9FF334BB-9072-D756-B290-556656D73728	FILE_OBJECT_FILE	EVENT_CLOSE	1523030700076116085
42123485-39B4-11E8-BF66-D9AA8AFF4A69	SUBJECT_PROCESS	76A739B1-A13E-FD50-BEA1-B218A0FD0400	FILE_OBJECT_FILE	EVENT_OPEN	1523030700076116085
42123485-39B4-11E8-BF66-D9AA8AFF4A69	SUBJECT_PROCESS	76A739B1-A13E-FD50-BEA1-B218A0FD0400	FILE_OBJECT_FILE	EVENT_MMAP	1523030700076116085
42123485-39B4-11E8-BF66-D9AA8AFF4A69	SUBJECT_PROCESS	76A739B1-A13E-FD50-BEA1-B218A0FD0400	FILE_OBJECT_FILE	EVENT_MMAP	1523030700076116085
42123485-39B4-11E8-BF66-D9AA8AFF4A69	SUBJECT_PROCESS	76A739B1-A13E-FD50-BEA1-B218A0FD0400	FILE_OBJECT_FILE	EVENT_MMAP	1523030700076116085
42123485-39B4-11E8-BF66-D9AA8AFF4A69	SUBJECT_PROCESS	76A739B1-A13E-FD50-BEA1-B218A0FD0400	FILE_OBJECT_FILE	EVENT_MMAP	1523030700076116085
42123485-39B4-11E8-BF66-D9AA8AFF4A69	SUBJECT_PROCESS	76A739B1-A13E-FD50-BEA1-B218A0FD0400	FILE_OBJECT_FILE	EVENT_MMAP	1523030700076116085
42123485-39B4-11E8-BF66-D9AA8AFF4A69	SUBJECT_PROCESS	76A739B1-A13E-FD50-BEA1-B218A0FD0400	FILE_OBJECT_FILE	EVENT_MMAP	1523030700076116085
42123485-39B4-11E8-BF66-D9AA8AFF4A69	SUBJECT_PROCESS	76A739B1-A13E-FD50-BEA1-B218A0FD0400	FILE_OBJECT_FILE	EVENT_CLOSE	1523030700076116085
42123485-39B4-11E8-BF66-D9AA8AFF4A69	SUBJECT_PROCESS	F410BE96-4C0C-765E-8C4C-6F0E2E760020	FILE_OBJECT_FILE	EVENT_OPEN	1523030700076116085
42123485-39B4-11E8-BF66-D9AA8AFF4A69	SUBJECT_PROCESS	F410BE96-4C0C-765E-8C4C-6F0E2E760020	FILE_OBJECT_FILE	EVENT_MMAP	1523030700076116085
42123485-39B4-11E8-BF66-D9AA8AFF4A69	SUBJECT_PROCESS	F410BE96-4C0C-765E-8C4C-6F0E2E760020	FILE_OBJECT_FILE	EVENT_MMAP	1523030700076116085
42123485-39B4-11E8-BF66-D9AA8AFF4A69	SUBJECT_PROCESS	F410BE96-4C0C-765E-8C4C-6F0E2E760020	FILE_OBJECT_FILE	EVENT_CLOSE	1523030700076116085
42123485-39B4-11E8-BF66-D9AA8AFF4A69	SUBJECT_PROCESS	42123485-39B4-11E8-BF66-D9AA8AFF4A69	SUBJECT_PROCESS	EVENT_CHANGE_PRINCIPAL	1523030700076116085
42123485-39B4-11E8-BF66-D9AA8AFF4A69	SUBJECT_PROCESS	42123485-39B4-11E8-BF66-D9AA8AFF4A69	SUBJECT_PROCESS	EVENT_CHANGE_PRINCIPAL	1523030700076116085
42123485-39B4-11E8-BF66-D9AA8AFF4A69	SUBJECT_PROCESS	42123485-39B4-11E8-BF66-D9AA8AFF4A69	SUBJECT_PROCESS	EVENT_MODIFY_PROCESS	1523030700076116085
42123485-39B4-11E8-BF66-D9AA8AFF4A69	SUBJECT_PROCESS	5CD5DED0-2DB9-C95C-B92D-806E4CC9F132	FILE_OBJECT_DIR	EVENT_MODIFY_PROCESS	1523030700076116085
42123485-39B4-11E8-BF66-D9AA8AFF4A69	SUBJECT_PROCESS	5CD5DED0-2DB9-C95C-B92D-806E4CC9F132	FILE_OBJECT_DIR	EVENT_OPEN	1523030700076116085
42123485-39B4-11E8-BF66-D9AA8AFF4A69	SUBJECT_PROCESS	5CD5DED0-2DB9-C95C-B92D-806E4CC9F132	FILE_OBJECT_DIR	EVENT_CLOSE	1523030700086112246
42123485-39B4-11E8-BF66-D9AA8AFF4A69	SUBJECT_PROCESS	42123485-39B4-11E8-BF66-D9AA8AFF4A69	SUBJECT_PROCESS	EVENT_EXIT	1523030700086112246
4211F6CF-39B4-11E8-BF66-D9AA8AFF4A69	SUBJECT_PROCESS	E360C54A-22F1-529F-868F-669A737BD3F3	UnnamedPipeObject	EVENT_READ	1523030700086112246
4211F6CF-39B4-11E8-BF66-D9AA8AFF4A69	SUBJECT_PROCESS	E360C54A-22F1-529F-868F-669A737BD3F3	UnnamedPipeObject	EVENT_CLOSE	1523030700086112246
4211F6CF-39B4-11E8-BF66-D9AA8AFF4A69	SUBJECT_PROCESS	4211F6CF-39B4-11E8-BF66-D9AA8AFF4A69	SUBJECT_PROCESS	EVENT_EXIT	1523030700086112246
72FB0406-3678-11E8-BF66-D9AA8AFF4A69	SUBJECT_PROCESS	41F847B5-39B4-11E8-BF66-D9AA8AFF4A69	FILE_OBJECT_UNIX_SOCKET	EVENT_CLOSE	1523030700806112013
72FB0406-3678-11E8-BF66-D9AA8AFF4A69	SUBJECT_PROCESS	41F8481C-39B4-11E8-BF66-D9AA8AFF4A69	FILE_OBJECT_UNIX_SOCKET	EVENT_CLOSE	1523030700806112013
72FB0406-3678-11E8-BF66-D9AA8AFF4A69	SUBJECT_PROCESS	428AAF4E-39B4-11E8-BF66-D9AA8AFF4A69	FILE_OBJECT_UNIX_SOCKET	EVENT_CREATE_OBJECT	1523030700806112013
72FB0406-3678-11E8-BF66-D9AA8AFF4A69	SUBJECT_PROCESS	428AAFB8-39B4-11E8-BF66-D9AA8AFF4A69	FILE_OBJECT_UNIX_SOCKET	EVENT_CREATE_OBJECT	1523030700806112013
72FB0406-3678-11E8-BF66-D9AA8AFF4A69	SUBJECT_PROCESS	428AAF4E-39B4-11E8-BF66-D9AA8AFF4A69	FILE_OBJECT_UNIX_SOCKET	EVENT_CLOSE	1523030701816115944
72FB0406-3678-11E8-BF66-D9AA8AFF4A69	SUBJECT_PROCESS	428AAFB8-39B4-11E8-BF66-D9AA8AFF4A69	FILE_OBJECT_UNIX_SOCKET	EVENT_CLOSE	1523030701816115944
72FB0406-3678-11E8-BF66-D9AA8AFF4A69	SUBJECT_PROCESS	4324CAD9-39B4-11E8-BF66-D9AA8AFF4A69	FILE_OBJECT_UNIX_SOCKET	EVENT_CREATE_OBJECT	1523030701816115944
72FB0406-3678-11E8-BF66-D9AA8AFF4A69	SUBJECT_PROCESS	4324CB43-39B4-11E8-BF66-D9AA8AFF4A69	FILE_OBJECT_UNIX_SOCKET	EVENT_CREATE_OBJECT	1523030701816115944
72FB0406-3678-11E8-BF66-D9AA8AFF4A69	SUBJECT_PROCESS	4324CAD9-39B4-11E8-BF66-D9AA8AFF4A69	FILE_OBJECT_UNIX_SOCKET	EVENT_CLOSE	1523030702806113473
72FB0406-3678-11E8-BF66-D9AA8AFF4A69	SUBJECT_PROCESS	4324CB43-39B4-11E8-BF66-D9AA8AFF4A69	FILE_OBJECT_UNIX_SOCKET	EVENT_CLOSE	1523030702806113473
72FB0406-3678-11E8-BF66-D9AA8AFF4A69	SUBJECT_PROCESS	43BBE6F2-39B4-11E8-BF66-D9AA8AFF4A69	FILE_OBJECT_UNIX_SOCKET	EVENT_CREATE_OBJECT	1523030702806113473
72FB0406-3678-11E8-BF66-D9AA8AFF4A69	SUBJECT_PROCESS	43BBE787-39B4-11E8-BF66-D9AA8AFF4A69	FILE_OBJECT_UNIX_SOCKET	EVENT_CREATE_OBJECT	1523030702806113473
72FB0406-3678-11E8-BF66-D9AA8AFF4A69	SUBJECT_PROCESS	43BBE6F2-39B4-11E8-BF66-D9AA8AFF4A69	FILE_OBJECT_UNIX_SOCKET	EVENT_CLOSE	1523030703806114232
72FB0406-3678-11E8-BF66-D9AA8AFF4A69	SUBJECT_PROCESS	43BBE787-39B4-11E8-BF66-D9AA8AFF4A69	FILE_OBJECT_UNIX_SOCKET	EVENT_CLOSE	1523030703806114232
72FB0406-3678-11E8-BF66-D9AA8AFF4A69	SUBJECT_PROCESS	44548356-39B4-11E8-BF66-D9AA8AFF4A69	FILE_OBJECT_UNIX_SOCKET	EVENT_CREATE_OBJECT	1523030703806114232
72FB0406-3678-11E8-BF66-D9AA8AFF4A69	SUBJECT_PROCESS	445483BF-39B4-11E8-BF66-D9AA8AFF4A69	FILE_OBJECT_UNIX_SOCKET	EVENT_CREATE_OBJECT	1523030703806114232
72FB0406-3678-11E8-BF66-D9AA8AFF4A69	SUBJECT_PROCESS	44548356-39B4-11E8-BF66-D9AA8AFF4A69	FILE_OBJECT_UNIX_SOCKET	EVENT_CLOSE	1523030704816112963
72FB0406-3678-11E8-BF66-D9AA8AFF4A69	SUBJECT_PROCESS	445483BF-39B4-11E8-BF66-D9AA8AFF4A69	FILE_OBJECT_UNIX_SOCKET	EVENT_CLOSE	1523030704816112963
72FB0406-3678-11E8-BF66-D9AA8AFF4A69	SUBJECT_PROCESS	44EE9051-39B4-11E8-BF66-D9AA8AFF4A69	FILE_OBJECT_UNIX_SOCKET	EVENT_CREATE_OBJECT	1523030704816112963
72FB0406-3678-11E8-BF66-D9AA8AFF4A69	SUBJECT_PROCESS	44EE90BC-39B4-11E8-BF66-D9AA8AFF4A69	FILE_OBJECT_UNIX_SOCKET	EVENT_CREATE_OBJECT	1523030704816112963
72FB0406-3678-11E8-BF66-D9AA8AFF4A69	SUBJECT_PROCESS	44EE9051-39B4-11E8-BF66-D9AA8AFF4A69	FILE_OBJECT_UNIX_SOCKET	EVENT_CLOSE	1523030705816114522
72FB0406-3678-11E8-BF66-D9AA8AFF4A69	SUBJECT_PROCESS	44EE90BC-39B4-11E8-BF66-D9AA8AFF4A69	FILE_OBJECT_UNIX_SOCKET	EVENT_CLOSE	1523030705816114522
72FB0406-3678-11E8-BF66-D9AA8AFF4A69	SUBJECT_PROCESS	458736F4-39B4-11E8-BF66-D9AA8AFF4A69	FILE_OBJECT_UNIX_SOCKET	EVENT_CREATE_OBJECT	1523030705816114522
72FB0406-3678-11E8-BF66-D9AA8AFF4A69	SUBJECT_PROCESS	45873795-39B4-11E8-BF66-D9AA8AFF4A69	FILE_OBJECT_UNIX_SOCKET	EVENT_CREATE_OBJECT	1523030705816114522
72FB0406-3678-11E8-BF66-D9AA8AFF4A69	SUBJECT_PROCESS	458736F4-39B4-11E8-BF66-D9AA8AFF4A69	FILE_OBJECT_UNIX_SOCKET	EVENT_CLOSE	1523030706806113941
72FB0406-3678-11E8-BF66-D9AA8AFF4A69	SUBJECT_PROCESS	45873795-39B4-11E8-BF66-D9AA8AFF4A69	FILE_OBJECT_UNIX_SOCKET	EVENT_CLOSE	1523030706806113941
72FB0406-3678-11E8-BF66-D9AA8AFF4A69	SUBJECT_PROCESS	461E483B-39B4-11E8-BF66-D9AA8AFF4A69	FILE_OBJECT_UNIX_SOCKET	EVENT_CREATE_OBJECT	1523030706806113941
72FB0406-3678-11E8-BF66-D9AA8AFF4A69	SUBJECT_PROCESS	461E48DC-39B4-11E8-BF66-D9AA8AFF4A69	FILE_OBJECT_UNIX_SOCKET	EVENT_CREATE_OBJECT	1523030706806113941
72FB0406-3678-11E8-BF66-D9AA8AFF4A69	SUBJECT_PROCESS	461E483B-39B4-11E8-BF66-D9AA8AFF4A69	FILE_OBJECT_UNIX_SOCKET	EVENT_CLOSE	1523030707816113092
72FB0406-3678-11E8-BF66-D9AA8AFF4A69	SUBJECT_PROCESS	461E48DC-39B4-11E8-BF66-D9AA8AFF4A69	FILE_OBJECT_UNIX_SOCKET	EVENT_CLOSE	1523030707816113092
72FB0406-3678-11E8-BF66-D9AA8AFF4A69	SUBJECT_PROCESS	46B8689C-39B4-11E8-BF66-D9AA8AFF4A69	FILE_OBJECT_UNIX_SOCKET	EVENT_CREATE_OBJECT	1523030707816113092
72FB0406-3678-11E8-BF66-D9AA8AFF4A69	SUBJECT_PROCESS	46B8693A-39B4-11E8-BF66-D9AA8AFF4A69	FILE_OBJECT_UNIX_SOCKET	EVENT_CREATE_OBJECT	1523030707816113092
72FB0406-3678-11E8-BF66-D9AA8AFF4A69	SUBJECT_PROCESS	46B8689C-39B4-11E8-BF66-D9AA8AFF4A69	FILE_OBJECT_UNIX_SOCKET	EVENT_CLOSE	1523030708806114071
72FB0406-3678-11E8-BF66-D9AA8AFF4A69	SUBJECT_PROCESS	46B8693A-39B4-11E8-BF66-D9AA8AFF4A69	FILE_OBJECT_UNIX_SOCKET	EVENT_CLOSE	1523030708806114071
72FB0406-3678-11E8-BF66-D9AA8AFF4A69	SUBJECT_PROCESS	474F7528-39B4-11E8-BF66-D9AA8AFF4A69	FILE_OBJECT_UNIX_SOCKET	EVENT_CREATE_OBJECT	1523030708806114071
72FB0406-3678-11E8-BF66-D9AA8AFF4A69	SUBJECT_PROCESS	474F75FC-39B4-11E8-BF66-D9AA8AFF4A69	FILE_OBJECT_UNIX_SOCKET	EVENT_CREATE_OBJECT	1523030708806114071
0C0CC0C3-3680-11E8-BF66-D9AA8AFF4A69	SUBJECT_PROCESS	47B57F80-39B4-11E8-BF66-D9AA8AFF4A69	FILE_OBJECT_UNIX_SOCKET	EVENT_CONNECT	1523030709476110874
A2B6F917-39AA-11E8-BF66-D9AA8AFF4A69	SUBJECT_PROCESS	0C0D74DB-3680-11E8-BF66-D9AA8AFF4A69	FILE_OBJECT_UNIX_SOCKET	EVENT_ACCEPT	1523030709476110874
A2B6F917-39AA-11E8-BF66-D9AA8AFF4A69	SUBJECT_PROCESS	47B5A957-39B4-11E8-BF66-D9AA8AFF4A69	FILE_OBJECT_UNIX_SOCKET	EVENT_ACCEPT	1523030709476110874
0C0CC0C3-3680-11E8-BF66-D9AA8AFF4A69	SUBJECT_PROCESS	47B57F80-39B4-11E8-BF66-D9AA8AFF4A69	FILE_OBJECT_UNIX_SOCKET	EVENT_WRITE	1523030709476110874
A2B6F917-39AA-11E8-BF66-D9AA8AFF4A69	SUBJECT_PROCESS	0C0DB7A1-3680-11E8-BF66-D9AA8AFF4A69	FILE_OBJECT_FILE	EVENT_WRITE	1523030709476110874
0C0CC0C3-3680-11E8-BF66-D9AA8AFF4A69	SUBJECT_PROCESS	47B57F80-39B4-11E8-BF66-D9AA8AFF4A69	FILE_OBJECT_UNIX_SOCKET	EVENT_WRITE	1523030709476110874
A2B6F917-39AA-11E8-BF66-D9AA8AFF4A69	SUBJECT_PROCESS	47B5A957-39B4-11E8-BF66-D9AA8AFF4A69	FILE_OBJECT_UNIX_SOCKET	EVENT_READ	1523030709476110874
0C0CC0C3-3680-11E8-BF66-D9AA8AFF4A69	SUBJECT_PROCESS	0C0DB755-3680-11E8-BF66-D9AA8AFF4A69	FILE_OBJECT_FILE	EVENT_READ	1523030709476110874
A2B6F917-39AA-11E8-BF66-D9AA8AFF4A69	SUBJECT_PROCESS	586C56DA-CB56-745E-96CB-52069E742598	FILE_OBJECT_FILE	EVENT_OPEN	1523030709476110874
A2B6F917-39AA-11E8-BF66-D9AA8AFF4A69	SUBJECT_PROCESS	586C56DA-CB56-745E-96CB-52069E742598	FILE_OBJECT_FILE	EVENT_CLOSE	1523030709476110874
A2B6F917-39AA-11E8-BF66-D9AA8AFF4A69	SUBJECT_PROCESS	0C0DB7A1-3680-11E8-BF66-D9AA8AFF4A69	FILE_OBJECT_FILE	EVENT_WRITE	1523030709476110874
0C0CC0C3-3680-11E8-BF66-D9AA8AFF4A69	SUBJECT_PROCESS	0C0DB755-3680-11E8-BF66-D9AA8AFF4A69	FILE_OBJECT_FILE	EVENT_READ	1523030709476110874
A2B6F917-39AA-11E8-BF66-D9AA8AFF4A69	SUBJECT_PROCESS	47B5A957-39B4-11E8-BF66-D9AA8AFF4A69	FILE_OBJECT_UNIX_SOCKET	EVENT_CLOSE	1523030709476110874
0C0CC0C3-3680-11E8-BF66-D9AA8AFF4A69	SUBJECT_PROCESS	47B57F80-39B4-11E8-BF66-D9AA8AFF4A69	FILE_OBJECT_UNIX_SOCKET	EVENT_CLOSE	1523030709476110874
72FB0406-3678-11E8-BF66-D9AA8AFF4A69	SUBJECT_PROCESS	474F7528-39B4-11E8-BF66-D9AA8AFF4A69	FILE_OBJECT_UNIX_SOCKET	EVENT_CLOSE	1523030709816112311
72FB0406-3678-11E8-BF66-D9AA8AFF4A69	SUBJECT_PROCESS	474F75FC-39B4-11E8-BF66-D9AA8AFF4A69	FILE_OBJECT_UNIX_SOCKET	EVENT_CLOSE	1523030709816112311
72FB0406-3678-11E8-BF66-D9AA8AFF4A69	SUBJECT_PROCESS	47E99439-39B4-11E8-BF66-D9AA8AFF4A69	FILE_OBJECT_UNIX_SOCKET	EVENT_CREATE_OBJECT	1523030709816112311
72FB0406-3678-11E8-BF66-D9AA8AFF4A69	SUBJECT_PROCESS	47E994D9-39B4-11E8-BF66-D9AA8AFF4A69	FILE_OBJECT_UNIX_SOCKET	EVENT_CREATE_OBJECT	1523030709816112311
72FB0406-3678-11E8-BF66-D9AA8AFF4A69	SUBJECT_PROCESS	47E99439-39B4-11E8-BF66-D9AA8AFF4A69	FILE_OBJECT_UNIX_SOCKET	EVENT_CLOSE	1523030710806115630
72FB0406-3678-11E8-BF66-D9AA8AFF4A69	SUBJECT_PROCESS	47E994D9-39B4-11E8-BF66-D9AA8AFF4A69	FILE_OBJECT_UNIX_SOCKET	EVENT_CLOSE	1523030710806115630
72FB0406-3678-11E8-BF66-D9AA8AFF4A69	SUBJECT_PROCESS	4880A346-39B4-11E8-BF66-D9AA8AFF4A69	FILE_OBJECT_UNIX_SOCKET	EVENT_CREATE_OBJECT	1523030710806115630
72FB0406-3678-11E8-BF66-D9AA8AFF4A69	SUBJECT_PROCESS	4880A3F1-39B4-11E8-BF66-D9AA8AFF4A69	FILE_OBJECT_UNIX_SOCKET	EVENT_CREATE_OBJECT	1523030710806115630
72FB0406-3678-11E8-BF66-D9AA8AFF4A69	SUBJECT_PROCESS	4880A346-39B4-11E8-BF66-D9AA8AFF4A69	FILE_OBJECT_UNIX_SOCKET	EVENT_CLOSE	1523030711806111749
72FB0406-3678-11E8-BF66-D9AA8AFF4A69	SUBJECT_PROCESS	4880A3F1-39B4-11E8-BF66-D9AA8AFF4A69	FILE_OBJECT_UNIX_SOCKET	EVENT_CLOSE	1523030711806111749
72FB0406-3678-11E8-BF66-D9AA8AFF4A69	SUBJECT_PROCESS	49194879-39B4-11E8-BF66-D9AA8AFF4A69	FILE_OBJECT_UNIX_SOCKET	EVENT_CREATE_OBJECT	1523030711806111749
72FB0406-3678-11E8-BF66-D9AA8AFF4A69	SUBJECT_PROCESS	49194917-39B4-11E8-BF66-D9AA8AFF4A69	FILE_OBJECT_UNIX_SOCKET	EVENT_CREATE_OBJECT	1523030711806111749
72FB0406-3678-11E8-BF66-D9AA8AFF4A69	SUBJECT_PROCESS	49194879-39B4-11E8-BF66-D9AA8AFF4A69	FILE_OBJECT_UNIX_SOCKET	EVENT_CLOSE	1523030712816115370
72FB0406-3678-11E8-BF66-D9AA8AFF4A69	SUBJECT_PROCESS	49194917-39B4-11E8-BF66-D9AA8AFF4A69	FILE_OBJECT_UNIX_SOCKET	EVENT_CLOSE	1523030712816115370
72FB0406-3678-11E8-BF66-D9AA8AFF4A69	SUBJECT_PROCESS	49B35698-39B4-11E8-BF66-D9AA8AFF4A69	FILE_OBJECT_UNIX_SOCKET	EVENT_CREATE_OBJECT	1523030712816115370
72FB0406-3678-11E8-BF66-D9AA8AFF4A69	SUBJECT_PROCESS	49B357FA-39B4-11E8-BF66-D9AA8AFF4A69	FILE_OBJECT_UNIX_SOCKET	EVENT_CREATE_OBJECT	1523030712816115370
72FB0406-3678-11E8-BF66-D9AA8AFF4A69	SUBJECT_PROCESS	49B35698-39B4-11E8-BF66-D9AA8AFF4A69	FILE_OBJECT_UNIX_SOCKET	EVENT_CLOSE	1523030713806111689
72FB0406-3678-11E8-BF66-D9AA8AFF4A69	SUBJECT_PROCESS	49B357FA-39B4-11E8-BF66-D9AA8AFF4A69	FILE_OBJECT_UNIX_SOCKET	EVENT_CLOSE	1523030713806111689
72FB0406-3678-11E8-BF66-D9AA8AFF4A69	SUBJECT_PROCESS	4A4A646F-39B4-11E8-BF66-D9AA8AFF4A69	FILE_OBJECT_UNIX_SOCKET	EVENT_CREATE_OBJECT	1523030713806111689
72FB0406-3678-11E8-BF66-D9AA8AFF4A69	SUBJECT_PROCESS	4A4A6542-39B4-11E8-BF66-D9AA8AFF4A69	FILE_OBJECT_UNIX_SOCKET	EVENT_CREATE_OBJECT	1523030713806111689
72FB0406-3678-11E8-BF66-D9AA8AFF4A69	SUBJECT_PROCESS	4A4A646F-39B4-11E8-BF66-D9AA8AFF4A69	FILE_OBJECT_UNIX_SOCKET	EVENT_CLOSE	1523030714806111498
72FB0406-3678-11E8-BF66-D9AA8AFF4A69	SUBJECT_PROCESS	4A4A6542-39B4-11E8-BF66-D9AA8AFF4A69	FILE_OBJECT_UNIX_SOCKET	EVENT_CLOSE	1523030714806111498
72FB0406-3678-11E8-BF66-D9AA8AFF4A69	SUBJECT_PROCESS	4AE2C7AF-39B4-11E8-BF66-D9AA8AFF4A69	FILE_OBJECT_UNIX_SOCKET	EVENT_CREATE_OBJECT	1523030714806111498
72FB0406-3678-11E8-BF66-D9AA8AFF4A69	SUBJECT_PROCESS	4AE2C814-39B4-11E8-BF66-D9AA8AFF4A69	FILE_OBJECT_UNIX_SOCKET	EVENT_CREATE_OBJECT	1523030714806111498
72FB0406-3678-11E8-BF66-D9AA8AFF4A69	SUBJECT_PROCESS	4AE2C7AF-39B4-11E8-BF66-D9AA8AFF4A69	FILE_OBJECT_UNIX_SOCKET	EVENT_CLOSE	1523030715816112669
72FB0406-3678-11E8-BF66-D9AA8AFF4A69	SUBJECT_PROCESS	4AE2C814-39B4-11E8-BF66-D9AA8AFF4A69	FILE_OBJECT_UNIX_SOCKET	EVENT_CLOSE	1523030715816112669
72FB0406-3678-11E8-BF66-D9AA8AFF4A69	SUBJECT_PROCESS	4B7D04A8-39B4-11E8-BF66-D9AA8AFF4A69	FILE_OBJECT_UNIX_SOCKET	EVENT_CREATE_OBJECT	1523030715816112669
72FB0406-3678-11E8-BF66-D9AA8AFF4A69	SUBJECT_PROCESS	4B7D054C-39B4-11E8-BF66-D9AA8AFF4A69	FILE_OBJECT_UNIX_SOCKET	EVENT_CREATE_OBJECT	1523030715816112669
72FB0406-3678-11E8-BF66-D9AA8AFF4A69	SUBJECT_PROCESS	4B7D04A8-39B4-11E8-BF66-D9AA8AFF4A69	FILE_OBJECT_UNIX_SOCKET	EVENT_CLOSE	1523030716816112989
72FB0406-3678-11E8-BF66-D9AA8AFF4A69	SUBJECT_PROCESS	4B7D054C-39B4-11E8-BF66-D9AA8AFF4A69	FILE_OBJECT_UNIX_SOCKET	EVENT_CLOSE	1523030716816112989
72FB0406-3678-11E8-BF66-D9AA8AFF4A69	SUBJECT_PROCESS	4C15AC7E-39B4-11E8-BF66-D9AA8AFF4A69	FILE_OBJECT_UNIX_SOCKET	EVENT_CREATE_OBJECT	1523030716816112989
72FB0406-3678-11E8-BF66-D9AA8AFF4A69	SUBJECT_PROCESS	4C15AD22-39B4-11E8-BF66-D9AA8AFF4A69	FILE_OBJECT_UNIX_SOCKET	EVENT_CREATE_OBJECT	1523030716816112989
72FB0406-3678-11E8-BF66-D9AA8AFF4A69	SUBJECT_PROCESS	4C15AC7E-39B4-11E8-BF66-D9AA8AFF4A69	FILE_OBJECT_UNIX_SOCKET	EVENT_CLOSE	1523030717806111277
72FB0406-3678-11E8-BF66-D9AA8AFF4A69	SUBJECT_PROCESS	4C15AD22-39B4-11E8-BF66-D9AA8AFF4A69	FILE_OBJECT_UNIX_SOCKET	EVENT_CLOSE	1523030717806111277
72FB0406-3678-11E8-BF66-D9AA8AFF4A69	SUBJECT_PROCESS	4CACC1BD-39B4-11E8-BF66-D9AA8AFF4A69	FILE_OBJECT_UNIX_SOCKET	EVENT_CREATE_OBJECT	1523030717806111277
72FB0406-3678-11E8-BF66-D9AA8AFF4A69	SUBJECT_PROCESS	4CACC224-39B4-11E8-BF66-D9AA8AFF4A69	FILE_OBJECT_UNIX_SOCKET	EVENT_CREATE_OBJECT	1523030717806111277
72FB0406-3678-11E8-BF66-D9AA8AFF4A69	SUBJECT_PROCESS	4CACC1BD-39B4-11E8-BF66-D9AA8AFF4A69	FILE_OBJECT_UNIX_SOCKET	EVENT_CLOSE	1523030718816115238
72FB0406-3678-11E8-BF66-D9AA8AFF4A69	SUBJECT_PROCESS	4CACC224-39B4-11E8-BF66-D9AA8AFF4A69	FILE_OBJECT_UNIX_SOCKET	EVENT_CLOSE	1523030718816115238
72FB0406-3678-11E8-BF66-D9AA8AFF4A69	SUBJECT_PROCESS	4D46C6EB-39B4-11E8-BF66-D9AA8AFF4A69	FILE_OBJECT_UNIX_SOCKET	EVENT_CREATE_OBJECT	1523030718816115238
72FB0406-3678-11E8-BF66-D9AA8AFF4A69	SUBJECT_PROCESS	4D46C7AC-39B4-11E8-BF66-D9AA8AFF4A69	FILE_OBJECT_UNIX_SOCKET	EVENT_CREATE_OBJECT	1523030718816115238
72FB0406-3678-11E8-BF66-D9AA8AFF4A69	SUBJECT_PROCESS	4D46C6EB-39B4-11E8-BF66-D9AA8AFF4A69	FILE_OBJECT_UNIX_SOCKET	EVENT_CLOSE	1523030719806112907
72FB0406-3678-11E8-BF66-D9AA8AFF4A69	SUBJECT_PROCESS	4D46C7AC-39B4-11E8-BF66-D9AA8AFF4A69	FILE_OBJECT_UNIX_SOCKET	EVENT_CLOSE	1523030719806112907
72FB0406-3678-11E8-BF66-D9AA8AFF4A69	SUBJECT_PROCESS	4DDDD51A-39B4-11E8-BF66-D9AA8AFF4A69	FILE_OBJECT_UNIX_SOCKET	EVENT_CREATE_OBJECT	1523030719806112907
72FB0406-3678-11E8-BF66-D9AA8AFF4A69	SUBJECT_PROCESS	4DDDD580-39B4-11E8-BF66-D9AA8AFF4A69	FILE_OBJECT_UNIX_SOCKET	EVENT_CREATE_OBJECT	1523030719806112907
72FB0406-3678-11E8-BF66-D9AA8AFF4A69	SUBJECT_PROCESS	4DDDD51A-39B4-11E8-BF66-D9AA8AFF4A69	FILE_OBJECT_UNIX_SOCKET	EVENT_CLOSE	1523030720816112527
72FB0406-3678-11E8-BF66-D9AA8AFF4A69	SUBJECT_PROCESS	4DDDD580-39B4-11E8-BF66-D9AA8AFF4A69	FILE_OBJECT_UNIX_SOCKET	EVENT_CLOSE	1523030720816112527
72FB0406-3678-11E8-BF66-D9AA8AFF4A69	SUBJECT_PROCESS	4E77F76F-39B4-11E8-BF66-D9AA8AFF4A69	FILE_OBJECT_UNIX_SOCKET	EVENT_CREATE_OBJECT	1523030720816112527
72FB0406-3678-11E8-BF66-D9AA8AFF4A69	SUBJECT_PROCESS	4E77F7D6-39B4-11E8-BF66-D9AA8AFF4A69	FILE_OBJECT_UNIX_SOCKET	EVENT_CREATE_OBJECT	1523030720816112527
72FB0406-3678-11E8-BF66-D9AA8AFF4A69	SUBJECT_PROCESS	4E77F76F-39B4-11E8-BF66-D9AA8AFF4A69	FILE_OBJECT_UNIX_SOCKET	EVENT_CLOSE	1523030721806114616
72FB0406-3678-11E8-BF66-D9AA8AFF4A69	SUBJECT_PROCESS	4E77F7D6-39B4-11E8-BF66-D9AA8AFF4A69	FILE_OBJECT_UNIX_SOCKET	EVENT_CLOSE	1523030721806114616
72FB0406-3678-11E8-BF66-D9AA8AFF4A69	SUBJECT_PROCESS	4F0F06A3-39B4-11E8-BF66-D9AA8AFF4A69	FILE_OBJECT_UNIX_SOCKET	EVENT_CREATE_OBJECT	1523030721806114616
72FB0406-3678-11E8-BF66-D9AA8AFF4A69	SUBJECT_PROCESS	4F0F0709-39B4-11E8-BF66-D9AA8AFF4A69	FILE_OBJECT_UNIX_SOCKET	EVENT_CREATE_OBJECT	1523030721806114616
72FB0406-3678-11E8-BF66-D9AA8AFF4A69	SUBJECT_PROCESS	4F0F06A3-39B4-11E8-BF66-D9AA8AFF4A69	FILE_OBJECT_UNIX_SOCKET	EVENT_CLOSE	1523030722816110906
72FB0406-3678-11E8-BF66-D9AA8AFF4A69	SUBJECT_PROCESS	4F0F0709-39B4-11E8-BF66-D9AA8AFF4A69	FILE_OBJECT_UNIX_SOCKET	EVENT_CLOSE	1523030722816110906
72FB0406-3678-11E8-BF66-D9AA8AFF4A69	SUBJECT_PROCESS	4FA92343-39B4-11E8-BF66-D9AA8AFF4A69	FILE_OBJECT_UNIX_SOCKET	EVENT_CREATE_OBJECT	1523030722816110906
72FB0406-3678-11E8-BF66-D9AA8AFF4A69	SUBJECT_PROCESS	4FA923BF-39B4-11E8-BF66-D9AA8AFF4A69	FILE_OBJECT_UNIX_SOCKET	EVENT_CREATE_OBJECT	1523030722816110906
72FB0406-3678-11E8-BF66-D9AA8AFF4A69	SUBJECT_PROCESS	4FA92343-39B4-11E8-BF66-D9AA8AFF4A69	FILE_OBJECT_UNIX_SOCKET	EVENT_CLOSE	1523030723806112645
72FB0406-3678-11E8-BF66-D9AA8AFF4A69	SUBJECT_PROCESS	4FA923BF-39B4-11E8-BF66-D9AA8AFF4A69	FILE_OBJECT_UNIX_SOCKET	EVENT_CLOSE	1523030723806112645
72FB0406-3678-11E8-BF66-D9AA8AFF4A69	SUBJECT_PROCESS	504030A4-39B4-11E8-BF66-D9AA8AFF4A69	FILE_OBJECT_UNIX_SOCKET	EVENT_CREATE_OBJECT	1523030723806112645
72FB0406-3678-11E8-BF66-D9AA8AFF4A69	SUBJECT_PROCESS	5040310C-39B4-11E8-BF66-D9AA8AFF4A69	FILE_OBJECT_UNIX_SOCKET	EVENT_CREATE_OBJECT	1523030723806112645
72FB0406-3678-11E8-BF66-D9AA8AFF4A69	SUBJECT_PROCESS	504030A4-39B4-11E8-BF66-D9AA8AFF4A69	FILE_OBJECT_UNIX_SOCKET	EVENT_CLOSE	1523030724816111476
72FB0406-3678-11E8-BF66-D9AA8AFF4A69	SUBJECT_PROCESS	5040310C-39B4-11E8-BF66-D9AA8AFF4A69	FILE_OBJECT_UNIX_SOCKET	EVENT_CLOSE	1523030724816111476
72FB0406-3678-11E8-BF66-D9AA8AFF4A69	SUBJECT_PROCESS	50DA62D4-39B4-11E8-BF66-D9AA8AFF4A69	FILE_OBJECT_UNIX_SOCKET	EVENT_CREATE_OBJECT	1523030724816111476
72FB0406-3678-11E8-BF66-D9AA8AFF4A69	SUBJECT_PROCESS	50DA636E-39B4-11E8-BF66-D9AA8AFF4A69	FILE_OBJECT_UNIX_SOCKET	EVENT_CREATE_OBJECT	1523030724816111476
72FB0406-3678-11E8-BF66-D9AA8AFF4A69	SUBJECT_PROCESS	50DA62D4-39B4-11E8-BF66-D9AA8AFF4A69	FILE_OBJECT_UNIX_SOCKET	EVENT_CLOSE	1523030725806113024
72FB0406-3678-11E8-BF66-D9AA8AFF4A69	SUBJECT_PROCESS	50DA636E-39B4-11E8-BF66-D9AA8AFF4A69	FILE_OBJECT_UNIX_SOCKET	EVENT_CLOSE	1523030725806113024
72FB0406-3678-11E8-BF66-D9AA8AFF4A69	SUBJECT_PROCESS	51717038-39B4-11E8-BF66-D9AA8AFF4A69	FILE_OBJECT_UNIX_SOCKET	EVENT_CREATE_OBJECT	1523030725806113024
72FB0406-3678-11E8-BF66-D9AA8AFF4A69	SUBJECT_PROCESS	517170D6-39B4-11E8-BF66-D9AA8AFF4A69	FILE_OBJECT_UNIX_SOCKET	EVENT_CREATE_OBJECT	1523030725806113024
72FB0406-3678-11E8-BF66-D9AA8AFF4A69	SUBJECT_PROCESS	51717038-39B4-11E8-BF66-D9AA8AFF4A69	FILE_OBJECT_UNIX_SOCKET	EVENT_CLOSE	1523030726816112485
72FB0406-3678-11E8-BF66-D9AA8AFF4A69	SUBJECT_PROCESS	517170D6-39B4-11E8-BF66-D9AA8AFF4A69	FILE_OBJECT_UNIX_SOCKET	EVENT_CLOSE	1523030726816112485
72FB0406-3678-11E8-BF66-D9AA8AFF4A69	SUBJECT_PROCESS	520B8B04-39B4-11E8-BF66-D9AA8AFF4A69	FILE_OBJECT_UNIX_SOCKET	EVENT_CREATE_OBJECT	1523030726816112485
72FB0406-3678-11E8-BF66-D9AA8AFF4A69	SUBJECT_PROCESS	520B8BA6-39B4-11E8-BF66-D9AA8AFF4A69	FILE_OBJECT_UNIX_SOCKET	EVENT_CREATE_OBJECT	1523030726816112485
72FB0406-3678-11E8-BF66-D9AA8AFF4A69	SUBJECT_PROCESS	520B8B04-39B4-11E8-BF66-D9AA8AFF4A69	FILE_OBJECT_UNIX_SOCKET	EVENT_CLOSE	1523030727806115024
72FB0406-3678-11E8-BF66-D9AA8AFF4A69	SUBJECT_PROCESS	520B8BA6-39B4-11E8-BF66-D9AA8AFF4A69	FILE_OBJECT_UNIX_SOCKET	EVENT_CLOSE	1523030727806115024
72FB0406-3678-11E8-BF66-D9AA8AFF4A69	SUBJECT_PROCESS	52A29A0B-39B4-11E8-BF66-D9AA8AFF4A69	FILE_OBJECT_UNIX_SOCKET	EVENT_CREATE_OBJECT	1523030727806115024
72FB0406-3678-11E8-BF66-D9AA8AFF4A69	SUBJECT_PROCESS	52A29AA5-39B4-11E8-BF66-D9AA8AFF4A69	FILE_OBJECT_UNIX_SOCKET	EVENT_CREATE_OBJECT	1523030727806115024
7C568948-3678-11E8-BF66-D9AA8AFF4A69	SUBJECT_PROCESS	7C56EE34-3678-11E8-BF66-D9AA8AFF4A69	NetFlowObject	EVENT_ACCEPT	1523030728006115180
7C568948-3678-11E8-BF66-D9AA8AFF4A69	SUBJECT_PROCESS	52C215DE-39B4-11E8-BF66-D9AA8AFF4A69	NetFlowObject	EVENT_ACCEPT	1523030728006115180
7C568948-3678-11E8-BF66-D9AA8AFF4A69	SUBJECT_PROCESS	52C2356B-39B4-11E8-BF66-D9AA8AFF4A69	SUBJECT_PROCESS	EVENT_FORK	1523030728006115180
52C2356B-39B4-11E8-BF66-D9AA8AFF4A69	SUBJECT_PROCESS	4A3E9EAC-CBB1-9E55-B1CB-6D25959EA0D7	FILE_OBJECT_FILE	EVENT_CLOSE	1523030728006115180
52C2356B-39B4-11E8-BF66-D9AA8AFF4A69	SUBJECT_PROCESS	B114913B-16CD-B458-8D16-B74788B45D44	FILE_OBJECT_FILE	EVENT_CLOSE	1523030728016116750
52C2356B-39B4-11E8-BF66-D9AA8AFF4A69	SUBJECT_PROCESS	CEE6589C-8C59-1556-998C-BCE606155D40	FILE_OBJECT_FILE	EVENT_OPEN	1523030728016116750
52C2356B-39B4-11E8-BF66-D9AA8AFF4A69	SUBJECT_PROCESS	CEE6589C-8C59-1556-998C-BCE606155D40	FILE_OBJECT_FILE	EVENT_READ	1523030728016116750
52C2356B-39B4-11E8-BF66-D9AA8AFF4A69	SUBJECT_PROCESS	CEE6589C-8C59-1556-998C-BCE606155D40	FILE_OBJECT_FILE	EVENT_CLOSE	1523030728016116750
52C2356B-39B4-11E8-BF66-D9AA8AFF4A69	SUBJECT_PROCESS	90139085-37D9-7553-9937-CFE3D375E971	FILE_OBJECT_FILE	EVENT_OPEN	1523030728016116750
52C2356B-39B4-11E8-BF66-D9AA8AFF4A69	SUBJECT_PROCESS	90139085-37D9-7553-9937-CFE3D375E971	FILE_OBJECT_FILE	EVENT_READ	1523030728016116750
52C2356B-39B4-11E8-BF66-D9AA8AFF4A69	SUBJECT_PROCESS	90139085-37D9-7553-9937-CFE3D375E971	FILE_OBJECT_FILE	EVENT_READ	1523030728016116750
52C2356B-39B4-11E8-BF66-D9AA8AFF4A69	SUBJECT_PROCESS	90139085-37D9-7553-9937-CFE3D375E971	FILE_OBJECT_FILE	EVENT_READ	1523030728016116750
52C2356B-39B4-11E8-BF66-D9AA8AFF4A69	SUBJECT_PROCESS	90139085-37D9-7553-9937-CFE3D375E971	FILE_OBJECT_FILE	EVENT_CLOSE	1523030728016116750
52C2356B-39B4-11E8-BF66-D9AA8AFF4A69	SUBJECT_PROCESS	9A717117-65ED-675C-AD65-38102C67C832	FILE_OBJECT_FILE	EVENT_OPEN	1523030728016116750
52C2356B-39B4-11E8-BF66-D9AA8AFF4A69	SUBJECT_PROCESS	9A717117-65ED-675C-AD65-38102C67C832	FILE_OBJECT_FILE	EVENT_READ	1523030728016116750
52C2356B-39B4-11E8-BF66-D9AA8AFF4A69	SUBJECT_PROCESS	9A717117-65ED-675C-AD65-38102C67C832	FILE_OBJECT_FILE	EVENT_READ	1523030728016116750
52C2356B-39B4-11E8-BF66-D9AA8AFF4A69	SUBJECT_PROCESS	9A717117-65ED-675C-AD65-38102C67C832	FILE_OBJECT_FILE	EVENT_LSEEK	1523030728016116750
52C2356B-39B4-11E8-BF66-D9AA8AFF4A69	SUBJECT_PROCESS	9A717117-65ED-675C-AD65-38102C67C832	FILE_OBJECT_FILE	EVENT_READ	1523030728016116750
52C2356B-39B4-11E8-BF66-D9AA8AFF4A69	SUBJECT_PROCESS	9A717117-65ED-675C-AD65-38102C67C832	FILE_OBJECT_FILE	EVENT_READ	1523030728016116750
52C2356B-39B4-11E8-BF66-D9AA8AFF4A69	SUBJECT_PROCESS	9A717117-65ED-675C-AD65-38102C67C832	FILE_OBJECT_FILE	EVENT_CLOSE	1523030728016116750
52C2356B-39B4-11E8-BF66-D9AA8AFF4A69	SUBJECT_PROCESS	52C2356B-39B4-11E8-BF66-D9AA8AFF4A69	SUBJECT_PROCESS	EVENT_CHANGE_PRINCIPAL	1523030728016116750
52C2356B-39B4-11E8-BF66-D9AA8AFF4A69	SUBJECT_PROCESS	308E149F-F225-9859-A5F2-8C9BB9983D48	FILE_OBJECT_FILE	EVENT_OPEN	1523030728016116750
52C2356B-39B4-11E8-BF66-D9AA8AFF4A69	SUBJECT_PROCESS	308E149F-F225-9859-A5F2-8C9BB9983D48	FILE_OBJECT_FILE	EVENT_LSEEK	1523030728016116750
52C2356B-39B4-11E8-BF66-D9AA8AFF4A69	SUBJECT_PROCESS	308E149F-F225-9859-A5F2-8C9BB9983D48	FILE_OBJECT_FILE	EVENT_READ	1523030728016116750
52C2356B-39B4-11E8-BF66-D9AA8AFF4A69	SUBJECT_PROCESS	308E149F-F225-9859-A5F2-8C9BB9983D48	FILE_OBJECT_FILE	EVENT_LSEEK	1523030728016116750
52C2356B-39B4-11E8-BF66-D9AA8AFF4A69	SUBJECT_PROCESS	308E149F-F225-9859-A5F2-8C9BB9983D48	FILE_OBJECT_FILE	EVENT_READ	1523030728016116750
52C2356B-39B4-11E8-BF66-D9AA8AFF4A69	SUBJECT_PROCESS	308E149F-F225-9859-A5F2-8C9BB9983D48	FILE_OBJECT_FILE	EVENT_CLOSE	1523030728016116750
52C2356B-39B4-11E8-BF66-D9AA8AFF4A69	SUBJECT_PROCESS	52C2356B-39B4-11E8-BF66-D9AA8AFF4A69	SUBJECT_PROCESS	EVENT_MODIFY_PROCESS	1523030728026118911
52C2356B-39B4-11E8-BF66-D9AA8AFF4A69	SUBJECT_PROCESS	52C2356B-39B4-11E8-BF66-D9AA8AFF4A69	SUBJECT_PROCESS	EVENT_CHANGE_PRINCIPAL	1523030728026118911
52C2356B-39B4-11E8-BF66-D9AA8AFF4A69	SUBJECT_PROCESS	52C2356B-39B4-11E8-BF66-D9AA8AFF4A69	SUBJECT_PROCESS	EVENT_CHANGE_PRINCIPAL	1523030728026118911
52C2356B-39B4-11E8-BF66-D9AA8AFF4A69	SUBJECT_PROCESS	52C2356B-39B4-11E8-BF66-D9AA8AFF4A69	SUBJECT_PROCESS	EVENT_CHANGE_PRINCIPAL	1523030728026118911
52C2356B-39B4-11E8-BF66-D9AA8AFF4A69	SUBJECT_PROCESS	9A717117-65ED-675C-AD65-38102C67C832	FILE_OBJECT_FILE	EVENT_OPEN	1523030728026118911
52C2356B-39B4-11E8-BF66-D9AA8AFF4A69	SUBJECT_PROCESS	9A717117-65ED-675C-AD65-38102C67C832	FILE_OBJECT_FILE	EVENT_READ	1523030728026118911
52C2356B-39B4-11E8-BF66-D9AA8AFF4A69	SUBJECT_PROCESS	9A717117-65ED-675C-AD65-38102C67C832	FILE_OBJECT_FILE	EVENT_READ	1523030728026118911
52C2356B-39B4-11E8-BF66-D9AA8AFF4A69	SUBJECT_PROCESS	9A717117-65ED-675C-AD65-38102C67C832	FILE_OBJECT_FILE	EVENT_READ	1523030728026118911
52C2356B-39B4-11E8-BF66-D9AA8AFF4A69	SUBJECT_PROCESS	9A717117-65ED-675C-AD65-38102C67C832	FILE_OBJECT_FILE	EVENT_READ	1523030728026118911
52C2356B-39B4-11E8-BF66-D9AA8AFF4A69	SUBJECT_PROCESS	9A717117-65ED-675C-AD65-38102C67C832	FILE_OBJECT_FILE	EVENT_READ	1523030728026118911
52C2356B-39B4-11E8-BF66-D9AA8AFF4A69	SUBJECT_PROCESS	9A717117-65ED-675C-AD65-38102C67C832	FILE_OBJECT_FILE	EVENT_READ	1523030728026118911
52C2356B-39B4-11E8-BF66-D9AA8AFF4A69	SUBJECT_PROCESS	9A717117-65ED-675C-AD65-38102C67C832	FILE_OBJECT_FILE	EVENT_READ	1523030728026118911
52C2356B-39B4-11E8-BF66-D9AA8AFF4A69	SUBJECT_PROCESS	9A717117-65ED-675C-AD65-38102C67C832	FILE_OBJECT_FILE	EVENT_READ	1523030728026118911
52C2356B-39B4-11E8-BF66-D9AA8AFF4A69	SUBJECT_PROCESS	9A717117-65ED-675C-AD65-38102C67C832	FILE_OBJECT_FILE	EVENT_CLOSE	1523030728026118911
52C2356B-39B4-11E8-BF66-D9AA8AFF4A69	SUBJECT_PROCESS	52C2356B-39B4-11E8-BF66-D9AA8AFF4A69	SUBJECT_PROCESS	EVENT_CHANGE_PRINCIPAL	1523030728026118911
52C2356B-39B4-11E8-BF66-D9AA8AFF4A69	SUBJECT_PROCESS	52C2356B-39B4-11E8-BF66-D9AA8AFF4A69	SUBJECT_PROCESS	EVENT_CHANGE_PRINCIPAL	1523030728026118911
52C2356B-39B4-11E8-BF66-D9AA8AFF4A69	SUBJECT_PROCESS	52C2356B-39B4-11E8-BF66-D9AA8AFF4A69	SUBJECT_PROCESS	EVENT_MODIFY_PROCESS	1523030728026118911
52C2356B-39B4-11E8-BF66-D9AA8AFF4A69	SUBJECT_PROCESS	23DB7793-0FE5-8E5A-A50F-DA502A8E4AC0	FILE_OBJECT_FILE	EVENT_EXECUTE	1523030728026118911
52C2356B-39B4-11E8-BF66-D9AA8AFF4A69	SUBJECT_PROCESS	7A350F75-9945-425D-8599-15CEBD426F06	FILE_OBJECT_FILE	EVENT_EXECUTE	1523030728026118911
52C2356B-39B4-11E8-BF66-D9AA8AFF4A69	SUBJECT_PROCESS	51110606-D232-9652-B2D2-3A7242968F8A	FILE_OBJECT_FILE	EVENT_OPEN	1523030728026118911
52C2356B-39B4-11E8-BF66-D9AA8AFF4A69	SUBJECT_PROCESS	51110606-D232-9652-B2D2-3A7242968F8A	FILE_OBJECT_FILE	EVENT_READ	1523030728026118911
52C2356B-39B4-11E8-BF66-D9AA8AFF4A69	SUBJECT_PROCESS	51110606-D232-9652-B2D2-3A7242968F8A	FILE_OBJECT_FILE	EVENT_CLOSE	1523030728026118911
52C2356B-39B4-11E8-BF66-D9AA8AFF4A69	SUBJECT_PROCESS	8A44F292-648B-7854-8B64-00F954785A79	FILE_OBJECT_FILE	EVENT_OPEN	1523030728026118911
52C2356B-39B4-11E8-BF66-D9AA8AFF4A69	SUBJECT_PROCESS	8A44F292-648B-7854-8B64-00F954785A79	FILE_OBJECT_FILE	EVENT_READ	1523030728026118911
52C2356B-39B4-11E8-BF66-D9AA8AFF4A69	SUBJECT_PROCESS	8A44F292-648B-7854-8B64-00F954785A79	FILE_OBJECT_FILE	EVENT_READ	1523030728026118911
52C2356B-39B4-11E8-BF66-D9AA8AFF4A69	SUBJECT_PROCESS	8A44F292-648B-7854-8B64-00F954785A79	FILE_OBJECT_FILE	EVENT_CLOSE	1523030728026118911
52C2356B-39B4-11E8-BF66-D9AA8AFF4A69	SUBJECT_PROCESS	81E948F9-155B-FE52-9B15-E39CA2FEB54F	FILE_OBJECT_FILE	EVENT_OPEN	1523030728026118911
52C2356B-39B4-11E8-BF66-D9AA8AFF4A69	SUBJECT_PROCESS	81E948F9-155B-FE52-9B15-E39CA2FEB54F	FILE_OBJECT_FILE	EVENT_MMAP	1523030728026118911
52C2356B-39B4-11E8-BF66-D9AA8AFF4A69	SUBJECT_PROCESS	81E948F9-155B-FE52-9B15-E39CA2FEB54F	FILE_OBJECT_FILE	EVENT_MMAP	1523030728036112902
52C2356B-39B4-11E8-BF66-D9AA8AFF4A69	SUBJECT_PROCESS	81E948F9-155B-FE52-9B15-E39CA2FEB54F	FILE_OBJECT_FILE	EVENT_MMAP	1523030728036112902
52C2356B-39B4-11E8-BF66-D9AA8AFF4A69	SUBJECT_PROCESS	81E948F9-155B-FE52-9B15-E39CA2FEB54F	FILE_OBJECT_FILE	EVENT_MMAP	1523030728036112902
52C2356B-39B4-11E8-BF66-D9AA8AFF4A69	SUBJECT_PROCESS	81E948F9-155B-FE52-9B15-E39CA2FEB54F	FILE_OBJECT_FILE	EVENT_MMAP	1523030728036112902
52C2356B-39B4-11E8-BF66-D9AA8AFF4A69	SUBJECT_PROCESS	81E948F9-155B-FE52-9B15-E39CA2FEB54F	FILE_OBJECT_FILE	EVENT_MMAP	1523030728036112902
52C2356B-39B4-11E8-BF66-D9AA8AFF4A69	SUBJECT_PROCESS	81E948F9-155B-FE52-9B15-E39CA2FEB54F	FILE_OBJECT_FILE	EVENT_CLOSE	1523030728036112902
52C2356B-39B4-11E8-BF66-D9AA8AFF4A69	SUBJECT_PROCESS	76A739B1-A13E-FD50-BEA1-B218A0FD0400	FILE_OBJECT_FILE	EVENT_OPEN	1523030728036112902
52C2356B-39B4-11E8-BF66-D9AA8AFF4A69	SUBJECT_PROCESS	76A739B1-A13E-FD50-BEA1-B218A0FD0400	FILE_OBJECT_FILE	EVENT_MMAP	1523030728036112902
52C2356B-39B4-11E8-BF66-D9AA8AFF4A69	SUBJECT_PROCESS	76A739B1-A13E-FD50-BEA1-B218A0FD0400	FILE_OBJECT_FILE	EVENT_MMAP	1523030728036112902
52C2356B-39B4-11E8-BF66-D9AA8AFF4A69	SUBJECT_PROCESS	76A739B1-A13E-FD50-BEA1-B218A0FD0400	FILE_OBJECT_FILE	EVENT_MMAP	1523030728036112902
52C2356B-39B4-11E8-BF66-D9AA8AFF4A69	SUBJECT_PROCESS	76A739B1-A13E-FD50-BEA1-B218A0FD0400	FILE_OBJECT_FILE	EVENT_MMAP	1523030728036112902
52C2356B-39B4-11E8-BF66-D9AA8AFF4A69	SUBJECT_PROCESS	76A739B1-A13E-FD50-BEA1-B218A0FD0400	FILE_OBJECT_FILE	EVENT_MMAP	1523030728036112902
52C2356B-39B4-11E8-BF66-D9AA8AFF4A69	SUBJECT_PROCESS	76A739B1-A13E-FD50-BEA1-B218A0FD0400	FILE_OBJECT_FILE	EVENT_MMAP	1523030728036112902
52C2356B-39B4-11E8-BF66-D9AA8AFF4A69	SUBJECT_PROCESS	76A739B1-A13E-FD50-BEA1-B218A0FD0400	FILE_OBJECT_FILE	EVENT_CLOSE	1523030728036112902
52C2356B-39B4-11E8-BF66-D9AA8AFF4A69	SUBJECT_PROCESS	0BDFF2F1-558E-765C-8E55-BF7C8C76594B	FILE_OBJECT_FILE	EVENT_OPEN	1523030728036112902
52C2356B-39B4-11E8-BF66-D9AA8AFF4A69	SUBJECT_PROCESS	0BDFF2F1-558E-765C-8E55-BF7C8C76594B	FILE_OBJECT_FILE	EVENT_MMAP	1523030728036112902
52C2356B-39B4-11E8-BF66-D9AA8AFF4A69	SUBJECT_PROCESS	0BDFF2F1-558E-765C-8E55-BF7C8C76594B	FILE_OBJECT_FILE	EVENT_MMAP	1523030728036112902
52C2356B-39B4-11E8-BF66-D9AA8AFF4A69	SUBJECT_PROCESS	0BDFF2F1-558E-765C-8E55-BF7C8C76594B	FILE_OBJECT_FILE	EVENT_MMAP	1523030728036112902
52C2356B-39B4-11E8-BF66-D9AA8AFF4A69	SUBJECT_PROCESS	0BDFF2F1-558E-765C-8E55-BF7C8C76594B	FILE_OBJECT_FILE	EVENT_MMAP	1523030728036112902
52C2356B-39B4-11E8-BF66-D9AA8AFF4A69	SUBJECT_PROCESS	0BDFF2F1-558E-765C-8E55-BF7C8C76594B	FILE_OBJECT_FILE	EVENT_MMAP	1523030728036112902
52C2356B-39B4-11E8-BF66-D9AA8AFF4A69	SUBJECT_PROCESS	0BDFF2F1-558E-765C-8E55-BF7C8C76594B	FILE_OBJECT_FILE	EVENT_MMAP	1523030728036112902
52C2356B-39B4-11E8-BF66-D9AA8AFF4A69	SUBJECT_PROCESS	0BDFF2F1-558E-765C-8E55-BF7C8C76594B	FILE_OBJECT_FILE	EVENT_CLOSE	1523030728036112902
52C2356B-39B4-11E8-BF66-D9AA8AFF4A69	SUBJECT_PROCESS	A4BAD1A7-0998-E25F-9809-6976BFE2D62B	FILE_OBJECT_FILE	EVENT_OPEN	1523030728036112902
52C2356B-39B4-11E8-BF66-D9AA8AFF4A69	SUBJECT_PROCESS	A4BAD1A7-0998-E25F-9809-6976BFE2D62B	FILE_OBJECT_FILE	EVENT_MMAP	1523030728036112902
52C2356B-39B4-11E8-BF66-D9AA8AFF4A69	SUBJECT_PROCESS	A4BAD1A7-0998-E25F-9809-6976BFE2D62B	FILE_OBJECT_FILE	EVENT_MMAP	1523030728036112902
52C2356B-39B4-11E8-BF66-D9AA8AFF4A69	SUBJECT_PROCESS	A4BAD1A7-0998-E25F-9809-6976BFE2D62B	FILE_OBJECT_FILE	EVENT_MMAP	1523030728036112902
52C2356B-39B4-11E8-BF66-D9AA8AFF4A69	SUBJECT_PROCESS	A4BAD1A7-0998-E25F-9809-6976BFE2D62B	FILE_OBJECT_FILE	EVENT_MMAP	1523030728036112902
52C2356B-39B4-11E8-BF66-D9AA8AFF4A69	SUBJECT_PROCESS	A4BAD1A7-0998-E25F-9809-6976BFE2D62B	FILE_OBJECT_FILE	EVENT_MMAP	1523030728036112902
52C2356B-39B4-11E8-BF66-D9AA8AFF4A69	SUBJECT_PROCESS	A4BAD1A7-0998-E25F-9809-6976BFE2D62B	FILE_OBJECT_FILE	EVENT_MMAP	1523030728036112902
52C2356B-39B4-11E8-BF66-D9AA8AFF4A69	SUBJECT_PROCESS	A4BAD1A7-0998-E25F-9809-6976BFE2D62B	FILE_OBJECT_FILE	EVENT_CLOSE	1523030728036112902
52C2356B-39B4-11E8-BF66-D9AA8AFF4A69	SUBJECT_PROCESS	B7F97F36-D8FD-1B5F-BDD8-81B94F1B0F75	FILE_OBJECT_FILE	EVENT_OPEN	1523030728036112902
52C2356B-39B4-11E8-BF66-D9AA8AFF4A69	SUBJECT_PROCESS	B7F97F36-D8FD-1B5F-BDD8-81B94F1B0F75	FILE_OBJECT_FILE	EVENT_MMAP	1523030728046111213
52C2356B-39B4-11E8-BF66-D9AA8AFF4A69	SUBJECT_PROCESS	B7F97F36-D8FD-1B5F-BDD8-81B94F1B0F75	FILE_OBJECT_FILE	EVENT_MMAP	1523030728046111213
52C2356B-39B4-11E8-BF66-D9AA8AFF4A69	SUBJECT_PROCESS	B7F97F36-D8FD-1B5F-BDD8-81B94F1B0F75	FILE_OBJECT_FILE	EVENT_MMAP	1523030728046111213
52C2356B-39B4-11E8-BF66-D9AA8AFF4A69	SUBJECT_PROCESS	B7F97F36-D8FD-1B5F-BDD8-81B94F1B0F75	FILE_OBJECT_FILE	EVENT_MMAP	1523030728046111213
52C2356B-39B4-11E8-BF66-D9AA8AFF4A69	SUBJECT_PROCESS	B7F97F36-D8FD-1B5F-BDD8-81B94F1B0F75	FILE_OBJECT_FILE	EVENT_MMAP	1523030728046111213
52C2356B-39B4-11E8-BF66-D9AA8AFF4A69	SUBJECT_PROCESS	B7F97F36-D8FD-1B5F-BDD8-81B94F1B0F75	FILE_OBJECT_FILE	EVENT_MMAP	1523030728046111213
52C2356B-39B4-11E8-BF66-D9AA8AFF4A69	SUBJECT_PROCESS	B7F97F36-D8FD-1B5F-BDD8-81B94F1B0F75	FILE_OBJECT_FILE	EVENT_CLOSE	1523030728046111213
52C2356B-39B4-11E8-BF66-D9AA8AFF4A69	SUBJECT_PROCESS	3D97AF44-5626-6855-A656-4616B5688F7E	FILE_OBJECT_FILE	EVENT_OPEN	1523030728046111213
52C2356B-39B4-11E8-BF66-D9AA8AFF4A69	SUBJECT_PROCESS	3D97AF44-5626-6855-A656-4616B5688F7E	FILE_OBJECT_FILE	EVENT_MMAP	1523030728046111213
52C2356B-39B4-11E8-BF66-D9AA8AFF4A69	SUBJECT_PROCESS	3D97AF44-5626-6855-A656-4616B5688F7E	FILE_OBJECT_FILE	EVENT_MMAP	1523030728046111213
52C2356B-39B4-11E8-BF66-D9AA8AFF4A69	SUBJECT_PROCESS	3D97AF44-5626-6855-A656-4616B5688F7E	FILE_OBJECT_FILE	EVENT_MMAP	1523030728046111213
52C2356B-39B4-11E8-BF66-D9AA8AFF4A69	SUBJECT_PROCESS	3D97AF44-5626-6855-A656-4616B5688F7E	FILE_OBJECT_FILE	EVENT_MMAP	1523030728046111213
52C2356B-39B4-11E8-BF66-D9AA8AFF4A69	SUBJECT_PROCESS	3D97AF44-5626-6855-A656-4616B5688F7E	FILE_OBJECT_FILE	EVENT_MMAP	1523030728046111213
52C2356B-39B4-11E8-BF66-D9AA8AFF4A69	SUBJECT_PROCESS	3D97AF44-5626-6855-A656-4616B5688F7E	FILE_OBJECT_FILE	EVENT_MMAP	1523030728046111213
52C2356B-39B4-11E8-BF66-D9AA8AFF4A69	SUBJECT_PROCESS	3D97AF44-5626-6855-A656-4616B5688F7E	FILE_OBJECT_FILE	EVENT_CLOSE	1523030728046111213
52C2356B-39B4-11E8-BF66-D9AA8AFF4A69	SUBJECT_PROCESS	F410BE96-4C0C-765E-8C4C-6F0E2E760020	FILE_OBJECT_FILE	EVENT_OPEN	1523030728046111213
52C2356B-39B4-11E8-BF66-D9AA8AFF4A69	SUBJECT_PROCESS	F410BE96-4C0C-765E-8C4C-6F0E2E760020	FILE_OBJECT_FILE	EVENT_MMAP	1523030728046111213
52C2356B-39B4-11E8-BF66-D9AA8AFF4A69	SUBJECT_PROCESS	F410BE96-4C0C-765E-8C4C-6F0E2E760020	FILE_OBJECT_FILE	EVENT_MMAP	1523030728046111213
52C2356B-39B4-11E8-BF66-D9AA8AFF4A69	SUBJECT_PROCESS	F410BE96-4C0C-765E-8C4C-6F0E2E760020	FILE_OBJECT_FILE	EVENT_CLOSE	1523030728046111213
52C2356B-39B4-11E8-BF66-D9AA8AFF4A69	SUBJECT_PROCESS	AE441C70-DEC0-BD5F-80DE-3DE4DFBDF253	FILE_OBJECT_FILE	EVENT_OPEN	1523030728046111213
52C2356B-39B4-11E8-BF66-D9AA8AFF4A69	SUBJECT_PROCESS	AE441C70-DEC0-BD5F-80DE-3DE4DFBDF253	FILE_OBJECT_FILE	EVENT_READ	1523030728046111213
52C2356B-39B4-11E8-BF66-D9AA8AFF4A69	SUBJECT_PROCESS	AE441C70-DEC0-BD5F-80DE-3DE4DFBDF253	FILE_OBJECT_FILE	EVENT_CLOSE	1523030728046111213
52C2356B-39B4-11E8-BF66-D9AA8AFF4A69	SUBJECT_PROCESS	104A8C35-2200-3156-8022-4129E631EA52	FILE_OBJECT_FILE	EVENT_OPEN	1523030728046111213
52C2356B-39B4-11E8-BF66-D9AA8AFF4A69	SUBJECT_PROCESS	104A8C35-2200-3156-8022-4129E631EA52	FILE_OBJECT_FILE	EVENT_READ	1523030728056124314
52C2356B-39B4-11E8-BF66-D9AA8AFF4A69	SUBJECT_PROCESS	104A8C35-2200-3156-8022-4129E631EA52	FILE_OBJECT_FILE	EVENT_CLOSE	1523030728056124314
52C2356B-39B4-11E8-BF66-D9AA8AFF4A69	SUBJECT_PROCESS	AE441C70-DEC0-BD5F-80DE-3DE4DFBDF253	FILE_OBJECT_FILE	EVENT_OPEN	1523030728056124314
52C2356B-39B4-11E8-BF66-D9AA8AFF4A69	SUBJECT_PROCESS	AE441C70-DEC0-BD5F-80DE-3DE4DFBDF253	FILE_OBJECT_FILE	EVENT_READ	1523030728056124314
52C2356B-39B4-11E8-BF66-D9AA8AFF4A69	SUBJECT_PROCESS	AE441C70-DEC0-BD5F-80DE-3DE4DFBDF253	FILE_OBJECT_FILE	EVENT_CLOSE	1523030728056124314
52C2356B-39B4-11E8-BF66-D9AA8AFF4A69	SUBJECT_PROCESS	104A8C35-2200-3156-8022-4129E631EA52	FILE_OBJECT_FILE	EVENT_OPEN	1523030728056124314
52C2356B-39B4-11E8-BF66-D9AA8AFF4A69	SUBJECT_PROCESS	104A8C35-2200-3156-8022-4129E631EA52	FILE_OBJECT_FILE	EVENT_READ	1523030728056124314
52C2356B-39B4-11E8-BF66-D9AA8AFF4A69	SUBJECT_PROCESS	104A8C35-2200-3156-8022-4129E631EA52	FILE_OBJECT_FILE	EVENT_CLOSE	1523030728056124314
52C2356B-39B4-11E8-BF66-D9AA8AFF4A69	SUBJECT_PROCESS	A35A5036-6FC3-705F-836F-E8E2CF700D63	FILE_OBJECT_FILE	EVENT_OPEN	1523030728056124314
52C2356B-39B4-11E8-BF66-D9AA8AFF4A69	SUBJECT_PROCESS	A35A5036-6FC3-705F-836F-E8E2CF700D63	FILE_OBJECT_FILE	EVENT_READ	1523030728056124314
52C2356B-39B4-11E8-BF66-D9AA8AFF4A69	SUBJECT_PROCESS	A35A5036-6FC3-705F-836F-E8E2CF700D63	FILE_OBJECT_FILE	EVENT_READ	1523030728056124314
52C2356B-39B4-11E8-BF66-D9AA8AFF4A69	SUBJECT_PROCESS	A35A5036-6FC3-705F-836F-E8E2CF700D63	FILE_OBJECT_FILE	EVENT_CLOSE	1523030728056124314
52C2356B-39B4-11E8-BF66-D9AA8AFF4A69	SUBJECT_PROCESS	52C2356B-39B4-11E8-BF66-D9AA8AFF4A69	SUBJECT_PROCESS	EVENT_MODIFY_PROCESS	1523030728056124314
52C2356B-39B4-11E8-BF66-D9AA8AFF4A69	SUBJECT_PROCESS	BCDBE64D-1703-005A-8317-44DD6A00589D	FILE_OBJECT_FILE	EVENT_OPEN	1523030728056124314
52C2356B-39B4-11E8-BF66-D9AA8AFF4A69	SUBJECT_PROCESS	BCDBE64D-1703-005A-8317-44DD6A00589D	FILE_OBJECT_FILE	EVENT_READ	1523030728056124314
52C2356B-39B4-11E8-BF66-D9AA8AFF4A69	SUBJECT_PROCESS	BCDBE64D-1703-005A-8317-44DD6A00589D	FILE_OBJECT_FILE	EVENT_READ	1523030728056124314
52C2356B-39B4-11E8-BF66-D9AA8AFF4A69	SUBJECT_PROCESS	BCDBE64D-1703-005A-8317-44DD6A00589D	FILE_OBJECT_FILE	EVENT_CLOSE	1523030728056124314
52C2356B-39B4-11E8-BF66-D9AA8AFF4A69	SUBJECT_PROCESS	2F088072-F622-7354-A2F6-2AA974734AA9	FILE_OBJECT_FILE	EVENT_OPEN	1523030728056124314
52C2356B-39B4-11E8-BF66-D9AA8AFF4A69	SUBJECT_PROCESS	2F088072-F622-7354-A2F6-2AA974734AA9	FILE_OBJECT_FILE	EVENT_LSEEK	1523030728056124314
52C2356B-39B4-11E8-BF66-D9AA8AFF4A69	SUBJECT_PROCESS	2F088072-F622-7354-A2F6-2AA974734AA9	FILE_OBJECT_FILE	EVENT_LSEEK	1523030728056124314
52C2356B-39B4-11E8-BF66-D9AA8AFF4A69	SUBJECT_PROCESS	2F088072-F622-7354-A2F6-2AA974734AA9	FILE_OBJECT_FILE	EVENT_READ	1523030728056124314
52C2356B-39B4-11E8-BF66-D9AA8AFF4A69	SUBJECT_PROCESS	2F088072-F622-7354-A2F6-2AA974734AA9	FILE_OBJECT_FILE	EVENT_CLOSE	1523030728056124314
52C2356B-39B4-11E8-BF66-D9AA8AFF4A69	SUBJECT_PROCESS	52C9D256-39B4-11E8-BF66-D9AA8AFF4A69	FILE_OBJECT_UNIX_SOCKET	EVENT_CONNECT	1523030728056124314
52C2356B-39B4-11E8-BF66-D9AA8AFF4A69	SUBJECT_PROCESS	52C9D256-39B4-11E8-BF66-D9AA8AFF4A69	FILE_OBJECT_UNIX_SOCKET	EVENT_SENDTO	1523030728066115534
70C1D4CB-3678-11E8-BF66-D9AA8AFF4A69	SUBJECT_PROCESS	70C1A076-3678-11E8-BF66-D9AA8AFF4A69	FILE_OBJECT_UNIX_SOCKET	EVENT_RECVFROM	1523030728066115534
52C2356B-39B4-11E8-BF66-D9AA8AFF4A69	SUBJECT_PROCESS	9F924E33-11DC-C954-9C11-ABA0F4C94D90	FILE_OBJECT_FILE	EVENT_OPEN	1523030728066115534
52C2356B-39B4-11E8-BF66-D9AA8AFF4A69	SUBJECT_PROCESS	9F924E33-11DC-C954-9C11-ABA0F4C94D90	FILE_OBJECT_FILE	EVENT_READ	1523030728066115534
52C2356B-39B4-11E8-BF66-D9AA8AFF4A69	SUBJECT_PROCESS	9F924E33-11DC-C954-9C11-ABA0F4C94D90	FILE_OBJECT_FILE	EVENT_READ	1523030728066115534
52C2356B-39B4-11E8-BF66-D9AA8AFF4A69	SUBJECT_PROCESS	9F924E33-11DC-C954-9C11-ABA0F4C94D90	FILE_OBJECT_FILE	EVENT_CLOSE	1523030728066115534
52C2356B-39B4-11E8-BF66-D9AA8AFF4A69	SUBJECT_PROCESS	C6372CCF-39E0-835A-A039-155BFA837272	FILE_OBJECT_FILE	EVENT_OPEN	1523030728066115534
52C2356B-39B4-11E8-BF66-D9AA8AFF4A69	SUBJECT_PROCESS	C6372CCF-39E0-835A-A039-155BFA837272	FILE_OBJECT_FILE	EVENT_READ	1523030728066115534
52C2356B-39B4-11E8-BF66-D9AA8AFF4A69	SUBJECT_PROCESS	C6372CCF-39E0-835A-A039-155BFA837272	FILE_OBJECT_FILE	EVENT_READ	1523030728066115534
52C2356B-39B4-11E8-BF66-D9AA8AFF4A69	SUBJECT_PROCESS	C6372CCF-39E0-835A-A039-155BFA837272	FILE_OBJECT_FILE	EVENT_CLOSE	1523030728066115534
52C2356B-39B4-11E8-BF66-D9AA8AFF4A69	SUBJECT_PROCESS	52CA6D8E-39B4-11E8-BF66-D9AA8AFF4A69	NetFlowObject	EVENT_CONNECT	1523030728066115534
52C2356B-39B4-11E8-BF66-D9AA8AFF4A69	SUBJECT_PROCESS	52CA6D8E-39B4-11E8-BF66-D9AA8AFF4A69	NetFlowObject	EVENT_SENDTO	1523030728066115534
52C2356B-39B4-11E8-BF66-D9AA8AFF4A69	SUBJECT_PROCESS	52CA6D8E-39B4-11E8-BF66-D9AA8AFF4A69	NetFlowObject	EVENT_RECVFROM	1523030728066115534
52C2356B-39B4-11E8-BF66-D9AA8AFF4A69	SUBJECT_PROCESS	52CA6D8E-39B4-11E8-BF66-D9AA8AFF4A69	NetFlowObject	EVENT_CLOSE	1523030728066115534
52C2356B-39B4-11E8-BF66-D9AA8AFF4A69	SUBJECT_PROCESS	52C215DE-39B4-11E8-BF66-D9AA8AFF4A69	NetFlowObject	EVENT_WRITE	1523030728066115534
52C2356B-39B4-11E8-BF66-D9AA8AFF4A69	SUBJECT_PROCESS	52C215DE-39B4-11E8-BF66-D9AA8AFF4A69	NetFlowObject	EVENT_READ	1523030728066115534
52C2356B-39B4-11E8-BF66-D9AA8AFF4A69	SUBJECT_PROCESS	90139085-37D9-7553-9937-CFE3D375E971	FILE_OBJECT_FILE	EVENT_OPEN	1523030728066115534
52C2356B-39B4-11E8-BF66-D9AA8AFF4A69	SUBJECT_PROCESS	90139085-37D9-7553-9937-CFE3D375E971	FILE_OBJECT_FILE	EVENT_READ	1523030728066115534
52C2356B-39B4-11E8-BF66-D9AA8AFF4A69	SUBJECT_PROCESS	90139085-37D9-7553-9937-CFE3D375E971	FILE_OBJECT_FILE	EVENT_READ	1523030728066115534
52C2356B-39B4-11E8-BF66-D9AA8AFF4A69	SUBJECT_PROCESS	90139085-37D9-7553-9937-CFE3D375E971	FILE_OBJECT_FILE	EVENT_READ	1523030728076115225
52C2356B-39B4-11E8-BF66-D9AA8AFF4A69	SUBJECT_PROCESS	90139085-37D9-7553-9937-CFE3D375E971	FILE_OBJECT_FILE	EVENT_READ	1523030728076115225
52C2356B-39B4-11E8-BF66-D9AA8AFF4A69	SUBJECT_PROCESS	90139085-37D9-7553-9937-CFE3D375E971	FILE_OBJECT_FILE	EVENT_READ	1523030728076115225
52C2356B-39B4-11E8-BF66-D9AA8AFF4A69	SUBJECT_PROCESS	90139085-37D9-7553-9937-CFE3D375E971	FILE_OBJECT_FILE	EVENT_READ	1523030728076115225
52C2356B-39B4-11E8-BF66-D9AA8AFF4A69	SUBJECT_PROCESS	90139085-37D9-7553-9937-CFE3D375E971	FILE_OBJECT_FILE	EVENT_READ	1523030728076115225
52C2356B-39B4-11E8-BF66-D9AA8AFF4A69	SUBJECT_PROCESS	90139085-37D9-7553-9937-CFE3D375E971	FILE_OBJECT_FILE	EVENT_READ	1523030728076115225
52C2356B-39B4-11E8-BF66-D9AA8AFF4A69	SUBJECT_PROCESS	90139085-37D9-7553-9937-CFE3D375E971	FILE_OBJECT_FILE	EVENT_READ	1523030728076115225
52C2356B-39B4-11E8-BF66-D9AA8AFF4A69	SUBJECT_PROCESS	90139085-37D9-7553-9937-CFE3D375E971	FILE_OBJECT_FILE	EVENT_CLOSE	1523030728076115225
52C2356B-39B4-11E8-BF66-D9AA8AFF4A69	SUBJECT_PROCESS	AAB2E17F-C945-7655-85C9-8003C5763C5B	FILE_OBJECT_FILE	EVENT_OPEN	1523030728076115225
52C2356B-39B4-11E8-BF66-D9AA8AFF4A69	SUBJECT_PROCESS	AAB2E17F-C945-7655-85C9-8003C5763C5B	FILE_OBJECT_FILE	EVENT_READ	1523030728076115225
52C2356B-39B4-11E8-BF66-D9AA8AFF4A69	SUBJECT_PROCESS	CF1CFFEE-DF5A-7256-9ADF-2A4636725BAD	FILE_OBJECT_FILE	EVENT_OPEN	1523030728076115225
52C2356B-39B4-11E8-BF66-D9AA8AFF4A69	SUBJECT_PROCESS	CF1CFFEE-DF5A-7256-9ADF-2A4636725BAD	FILE_OBJECT_FILE	EVENT_MMAP	1523030728076115225
52C2356B-39B4-11E8-BF66-D9AA8AFF4A69	SUBJECT_PROCESS	CF1CFFEE-DF5A-7256-9ADF-2A4636725BAD	FILE_OBJECT_FILE	EVENT_MMAP	1523030728076115225
52C2356B-39B4-11E8-BF66-D9AA8AFF4A69	SUBJECT_PROCESS	CF1CFFEE-DF5A-7256-9ADF-2A4636725BAD	FILE_OBJECT_FILE	EVENT_MMAP	1523030728076115225
52C2356B-39B4-11E8-BF66-D9AA8AFF4A69	SUBJECT_PROCESS	CF1CFFEE-DF5A-7256-9ADF-2A4636725BAD	FILE_OBJECT_FILE	EVENT_MMAP	1523030728076115225
52C2356B-39B4-11E8-BF66-D9AA8AFF4A69	SUBJECT_PROCESS	CF1CFFEE-DF5A-7256-9ADF-2A4636725BAD	FILE_OBJECT_FILE	EVENT_MMAP	1523030728076115225
52C2356B-39B4-11E8-BF66-D9AA8AFF4A69	SUBJECT_PROCESS	CF1CFFEE-DF5A-7256-9ADF-2A4636725BAD	FILE_OBJECT_FILE	EVENT_MMAP	1523030728076115225
52C2356B-39B4-11E8-BF66-D9AA8AFF4A69	SUBJECT_PROCESS	CF1CFFEE-DF5A-7256-9ADF-2A4636725BAD	FILE_OBJECT_FILE	EVENT_CLOSE	1523030728076115225
52C2356B-39B4-11E8-BF66-D9AA8AFF4A69	SUBJECT_PROCESS	9FF334BB-9072-D756-B290-556656D73728	FILE_OBJECT_FILE	EVENT_OPEN	1523030728076115225
52C2356B-39B4-11E8-BF66-D9AA8AFF4A69	SUBJECT_PROCESS	9FF334BB-9072-D756-B290-556656D73728	FILE_OBJECT_FILE	EVENT_MMAP	1523030728086113336
52C2356B-39B4-11E8-BF66-D9AA8AFF4A69	SUBJECT_PROCESS	9FF334BB-9072-D756-B290-556656D73728	FILE_OBJECT_FILE	EVENT_MMAP	1523030728086113336
52C2356B-39B4-11E8-BF66-D9AA8AFF4A69	SUBJECT_PROCESS	9FF334BB-9072-D756-B290-556656D73728	FILE_OBJECT_FILE	EVENT_MMAP	1523030728086113336
52C2356B-39B4-11E8-BF66-D9AA8AFF4A69	SUBJECT_PROCESS	9FF334BB-9072-D756-B290-556656D73728	FILE_OBJECT_FILE	EVENT_MMAP	1523030728086113336
52C2356B-39B4-11E8-BF66-D9AA8AFF4A69	SUBJECT_PROCESS	9FF334BB-9072-D756-B290-556656D73728	FILE_OBJECT_FILE	EVENT_MMAP	1523030728086113336
52C2356B-39B4-11E8-BF66-D9AA8AFF4A69	SUBJECT_PROCESS	9FF334BB-9072-D756-B290-556656D73728	FILE_OBJECT_FILE	EVENT_MMAP	1523030728086113336
52C2356B-39B4-11E8-BF66-D9AA8AFF4A69	SUBJECT_PROCESS	9FF334BB-9072-D756-B290-556656D73728	FILE_OBJECT_FILE	EVENT_CLOSE	1523030728086113336
52C2356B-39B4-11E8-BF66-D9AA8AFF4A69	SUBJECT_PROCESS	96FEA8F0-71C6-475F-8671-74C50F475F59	FILE_OBJECT_FILE	EVENT_OPEN	1523030728086113336
52C2356B-39B4-11E8-BF66-D9AA8AFF4A69	SUBJECT_PROCESS	96FEA8F0-71C6-475F-8671-74C50F475F59	FILE_OBJECT_FILE	EVENT_MMAP	1523030728086113336
52C2356B-39B4-11E8-BF66-D9AA8AFF4A69	SUBJECT_PROCESS	96FEA8F0-71C6-475F-8671-74C50F475F59	FILE_OBJECT_FILE	EVENT_MMAP	1523030728086113336
52C2356B-39B4-11E8-BF66-D9AA8AFF4A69	SUBJECT_PROCESS	96FEA8F0-71C6-475F-8671-74C50F475F59	FILE_OBJECT_FILE	EVENT_MMAP	1523030728086113336
52C2356B-39B4-11E8-BF66-D9AA8AFF4A69	SUBJECT_PROCESS	96FEA8F0-71C6-475F-8671-74C50F475F59	FILE_OBJECT_FILE	EVENT_MMAP	1523030728086113336
52C2356B-39B4-11E8-BF66-D9AA8AFF4A69	SUBJECT_PROCESS	96FEA8F0-71C6-475F-8671-74C50F475F59	FILE_OBJECT_FILE	EVENT_MMAP	1523030728086113336
52C2356B-39B4-11E8-BF66-D9AA8AFF4A69	SUBJECT_PROCESS	96FEA8F0-71C6-475F-8671-74C50F475F59	FILE_OBJECT_FILE	EVENT_MMAP	1523030728086113336
52C2356B-39B4-11E8-BF66-D9AA8AFF4A69	SUBJECT_PROCESS	96FEA8F0-71C6-475F-8671-74C50F475F59	FILE_OBJECT_FILE	EVENT_CLOSE	1523030728086113336
52C2356B-39B4-11E8-BF66-D9AA8AFF4A69	SUBJECT_PROCESS	CF1CFFEE-DF5A-7256-9ADF-2A4636725BAD	FILE_OBJECT_FILE	EVENT_CLOSE	1523030728086113336
52C2356B-39B4-11E8-BF66-D9AA8AFF4A69	SUBJECT_PROCESS	CF1CFFEE-DF5A-7256-9ADF-2A4636725BAD	FILE_OBJECT_FILE	EVENT_OPEN	1523030728086113336
52C2356B-39B4-11E8-BF66-D9AA8AFF4A69	SUBJECT_PROCESS	CF1CFFEE-DF5A-7256-9ADF-2A4636725BAD	FILE_OBJECT_FILE	EVENT_MMAP	1523030728086113336
52C2356B-39B4-11E8-BF66-D9AA8AFF4A69	SUBJECT_PROCESS	CF1CFFEE-DF5A-7256-9ADF-2A4636725BAD	FILE_OBJECT_FILE	EVENT_MMAP	1523030728086113336
52C2356B-39B4-11E8-BF66-D9AA8AFF4A69	SUBJECT_PROCESS	CF1CFFEE-DF5A-7256-9ADF-2A4636725BAD	FILE_OBJECT_FILE	EVENT_MMAP	1523030728086113336
52C2356B-39B4-11E8-BF66-D9AA8AFF4A69	SUBJECT_PROCESS	CF1CFFEE-DF5A-7256-9ADF-2A4636725BAD	FILE_OBJECT_FILE	EVENT_MMAP	1523030728096115337
52C2356B-39B4-11E8-BF66-D9AA8AFF4A69	SUBJECT_PROCESS	CF1CFFEE-DF5A-7256-9ADF-2A4636725BAD	FILE_OBJECT_FILE	EVENT_MMAP	1523030728096115337
52C2356B-39B4-11E8-BF66-D9AA8AFF4A69	SUBJECT_PROCESS	CF1CFFEE-DF5A-7256-9ADF-2A4636725BAD	FILE_OBJECT_FILE	EVENT_MMAP	1523030728096115337
52C2356B-39B4-11E8-BF66-D9AA8AFF4A69	SUBJECT_PROCESS	CF1CFFEE-DF5A-7256-9ADF-2A4636725BAD	FILE_OBJECT_FILE	EVENT_CLOSE	1523030728096115337
52C2356B-39B4-11E8-BF66-D9AA8AFF4A69	SUBJECT_PROCESS	CF1CFFEE-DF5A-7256-9ADF-2A4636725BAD	FILE_OBJECT_FILE	EVENT_CLOSE	1523030728096115337
52C2356B-39B4-11E8-BF66-D9AA8AFF4A69	SUBJECT_PROCESS	AAB2E17F-C945-7655-85C9-8003C5763C5B	FILE_OBJECT_FILE	EVENT_READ	1523030728096115337
52C2356B-39B4-11E8-BF66-D9AA8AFF4A69	SUBJECT_PROCESS	AAB2E17F-C945-7655-85C9-8003C5763C5B	FILE_OBJECT_FILE	EVENT_CLOSE	1523030728096115337
52C2356B-39B4-11E8-BF66-D9AA8AFF4A69	SUBJECT_PROCESS	6CF90254-3967-AE51-A739-A48641AEB4A8	FILE_OBJECT_FILE	EVENT_OPEN	1523030728096115337
52C2356B-39B4-11E8-BF66-D9AA8AFF4A69	SUBJECT_PROCESS	6CF90254-3967-AE51-A739-A48641AEB4A8	FILE_OBJECT_FILE	EVENT_READ	1523030728096115337
52C2356B-39B4-11E8-BF66-D9AA8AFF4A69	SUBJECT_PROCESS	138A32A2-DAFE-1D55-BEDA-6867451D60C4	FILE_OBJECT_FILE	EVENT_OPEN	1523030728096115337
52C2356B-39B4-11E8-BF66-D9AA8AFF4A69	SUBJECT_PROCESS	138A32A2-DAFE-1D55-BEDA-6867451D60C4	FILE_OBJECT_FILE	EVENT_MMAP	1523030728096115337
52C2356B-39B4-11E8-BF66-D9AA8AFF4A69	SUBJECT_PROCESS	138A32A2-DAFE-1D55-BEDA-6867451D60C4	FILE_OBJECT_FILE	EVENT_MMAP	1523030728096115337
52C2356B-39B4-11E8-BF66-D9AA8AFF4A69	SUBJECT_PROCESS	138A32A2-DAFE-1D55-BEDA-6867451D60C4	FILE_OBJECT_FILE	EVENT_MMAP	1523030728096115337
52C2356B-39B4-11E8-BF66-D9AA8AFF4A69	SUBJECT_PROCESS	138A32A2-DAFE-1D55-BEDA-6867451D60C4	FILE_OBJECT_FILE	EVENT_MMAP	1523030728096115337
52C2356B-39B4-11E8-BF66-D9AA8AFF4A69	SUBJECT_PROCESS	138A32A2-DAFE-1D55-BEDA-6867451D60C4	FILE_OBJECT_FILE	EVENT_MMAP	1523030728096115337
52C2356B-39B4-11E8-BF66-D9AA8AFF4A69	SUBJECT_PROCESS	138A32A2-DAFE-1D55-BEDA-6867451D60C4	FILE_OBJECT_FILE	EVENT_MMAP	1523030728096115337
52C2356B-39B4-11E8-BF66-D9AA8AFF4A69	SUBJECT_PROCESS	138A32A2-DAFE-1D55-BEDA-6867451D60C4	FILE_OBJECT_FILE	EVENT_CLOSE	1523030728096115337
52C2356B-39B4-11E8-BF66-D9AA8AFF4A69	SUBJECT_PROCESS	138A32A2-DAFE-1D55-BEDA-6867451D60C4	FILE_OBJECT_FILE	EVENT_CLOSE	1523030728096115337
52C2356B-39B4-11E8-BF66-D9AA8AFF4A69	SUBJECT_PROCESS	6CF90254-3967-AE51-A739-A48641AEB4A8	FILE_OBJECT_FILE	EVENT_READ	1523030728096115337
52C2356B-39B4-11E8-BF66-D9AA8AFF4A69	SUBJECT_PROCESS	6CF90254-3967-AE51-A739-A48641AEB4A8	FILE_OBJECT_FILE	EVENT_CLOSE	1523030728096115337
52C2356B-39B4-11E8-BF66-D9AA8AFF4A69	SUBJECT_PROCESS	6CF90254-3967-AE51-A739-A48641AEB4A8	FILE_OBJECT_FILE	EVENT_OPEN	1523030728106116768
52C2356B-39B4-11E8-BF66-D9AA8AFF4A69	SUBJECT_PROCESS	6CF90254-3967-AE51-A739-A48641AEB4A8	FILE_OBJECT_FILE	EVENT_READ	1523030728106116768
52C2356B-39B4-11E8-BF66-D9AA8AFF4A69	SUBJECT_PROCESS	138A32A2-DAFE-1D55-BEDA-6867451D60C4	FILE_OBJECT_FILE	EVENT_OPEN	1523030728106116768
52C2356B-39B4-11E8-BF66-D9AA8AFF4A69	SUBJECT_PROCESS	138A32A2-DAFE-1D55-BEDA-6867451D60C4	FILE_OBJECT_FILE	EVENT_MMAP	1523030728106116768
52C2356B-39B4-11E8-BF66-D9AA8AFF4A69	SUBJECT_PROCESS	138A32A2-DAFE-1D55-BEDA-6867451D60C4	FILE_OBJECT_FILE	EVENT_MMAP	1523030728106116768
52C2356B-39B4-11E8-BF66-D9AA8AFF4A69	SUBJECT_PROCESS	138A32A2-DAFE-1D55-BEDA-6867451D60C4	FILE_OBJECT_FILE	EVENT_MMAP	1523030728106116768
52C2356B-39B4-11E8-BF66-D9AA8AFF4A69	SUBJECT_PROCESS	138A32A2-DAFE-1D55-BEDA-6867451D60C4	FILE_OBJECT_FILE	EVENT_MMAP	1523030728106116768
52C2356B-39B4-11E8-BF66-D9AA8AFF4A69	SUBJECT_PROCESS	138A32A2-DAFE-1D55-BEDA-6867451D60C4	FILE_OBJECT_FILE	EVENT_MMAP	1523030728106116768
52C2356B-39B4-11E8-BF66-D9AA8AFF4A69	SUBJECT_PROCESS	138A32A2-DAFE-1D55-BEDA-6867451D60C4	FILE_OBJECT_FILE	EVENT_MMAP	1523030728106116768
52C2356B-39B4-11E8-BF66-D9AA8AFF4A69	SUBJECT_PROCESS	138A32A2-DAFE-1D55-BEDA-6867451D60C4	FILE_OBJECT_FILE	EVENT_CLOSE	1523030728106116768
52C2356B-39B4-11E8-BF66-D9AA8AFF4A69	SUBJECT_PROCESS	138A32A2-DAFE-1D55-BEDA-6867451D60C4	FILE_OBJECT_FILE	EVENT_CLOSE	1523030728106116768
52C2356B-39B4-11E8-BF66-D9AA8AFF4A69	SUBJECT_PROCESS	6CF90254-3967-AE51-A739-A48641AEB4A8	FILE_OBJECT_FILE	EVENT_READ	1523030728106116768
52C2356B-39B4-11E8-BF66-D9AA8AFF4A69	SUBJECT_PROCESS	6CF90254-3967-AE51-A739-A48641AEB4A8	FILE_OBJECT_FILE	EVENT_CLOSE	1523030728106116768
52C2356B-39B4-11E8-BF66-D9AA8AFF4A69	SUBJECT_PROCESS	90139085-37D9-7553-9937-CFE3D375E971	FILE_OBJECT_FILE	EVENT_OPEN	1523030728106116768
52C2356B-39B4-11E8-BF66-D9AA8AFF4A69	SUBJECT_PROCESS	90139085-37D9-7553-9937-CFE3D375E971	FILE_OBJECT_FILE	EVENT_READ	1523030728106116768
52C2356B-39B4-11E8-BF66-D9AA8AFF4A69	SUBJECT_PROCESS	90139085-37D9-7553-9937-CFE3D375E971	FILE_OBJECT_FILE	EVENT_READ	1523030728106116768
52C2356B-39B4-11E8-BF66-D9AA8AFF4A69	SUBJECT_PROCESS	90139085-37D9-7553-9937-CFE3D375E971	FILE_OBJECT_FILE	EVENT_READ	1523030728106116768
52C2356B-39B4-11E8-BF66-D9AA8AFF4A69	SUBJECT_PROCESS	90139085-37D9-7553-9937-CFE3D375E971	FILE_OBJECT_FILE	EVENT_READ	1523030728106116768
52C2356B-39B4-11E8-BF66-D9AA8AFF4A69	SUBJECT_PROCESS	90139085-37D9-7553-9937-CFE3D375E971	FILE_OBJECT_FILE	EVENT_READ	1523030728106116768
52C2356B-39B4-11E8-BF66-D9AA8AFF4A69	SUBJECT_PROCESS	90139085-37D9-7553-9937-CFE3D375E971	FILE_OBJECT_FILE	EVENT_READ	1523030728106116768
52C2356B-39B4-11E8-BF66-D9AA8AFF4A69	SUBJECT_PROCESS	90139085-37D9-7553-9937-CFE3D375E971	FILE_OBJECT_FILE	EVENT_READ	1523030728116114289
52C2356B-39B4-11E8-BF66-D9AA8AFF4A69	SUBJECT_PROCESS	90139085-37D9-7553-9937-CFE3D375E971	FILE_OBJECT_FILE	EVENT_READ	1523030728116114289
52C2356B-39B4-11E8-BF66-D9AA8AFF4A69	SUBJECT_PROCESS	90139085-37D9-7553-9937-CFE3D375E971	FILE_OBJECT_FILE	EVENT_READ	1523030728116114289
52C2356B-39B4-11E8-BF66-D9AA8AFF4A69	SUBJECT_PROCESS	90139085-37D9-7553-9937-CFE3D375E971	FILE_OBJECT_FILE	EVENT_CLOSE	1523030728116114289
52C2356B-39B4-11E8-BF66-D9AA8AFF4A69	SUBJECT_PROCESS	9A717117-65ED-675C-AD65-38102C67C832	FILE_OBJECT_FILE	EVENT_OPEN	1523030728116114289
52C2356B-39B4-11E8-BF66-D9AA8AFF4A69	SUBJECT_PROCESS	9A717117-65ED-675C-AD65-38102C67C832	FILE_OBJECT_FILE	EVENT_READ	1523030728116114289
52C2356B-39B4-11E8-BF66-D9AA8AFF4A69	SUBJECT_PROCESS	9A717117-65ED-675C-AD65-38102C67C832	FILE_OBJECT_FILE	EVENT_READ	1523030728116114289
52C2356B-39B4-11E8-BF66-D9AA8AFF4A69	SUBJECT_PROCESS	9A717117-65ED-675C-AD65-38102C67C832	FILE_OBJECT_FILE	EVENT_CLOSE	1523030728116114289
52C2356B-39B4-11E8-BF66-D9AA8AFF4A69	SUBJECT_PROCESS	90139085-37D9-7553-9937-CFE3D375E971	FILE_OBJECT_FILE	EVENT_OPEN	1523030728116114289
52C2356B-39B4-11E8-BF66-D9AA8AFF4A69	SUBJECT_PROCESS	90139085-37D9-7553-9937-CFE3D375E971	FILE_OBJECT_FILE	EVENT_READ	1523030728126112279
52C2356B-39B4-11E8-BF66-D9AA8AFF4A69	SUBJECT_PROCESS	90139085-37D9-7553-9937-CFE3D375E971	FILE_OBJECT_FILE	EVENT_READ	1523030728126112279
52C2356B-39B4-11E8-BF66-D9AA8AFF4A69	SUBJECT_PROCESS	90139085-37D9-7553-9937-CFE3D375E971	FILE_OBJECT_FILE	EVENT_READ	1523030728126112279
52C2356B-39B4-11E8-BF66-D9AA8AFF4A69	SUBJECT_PROCESS	90139085-37D9-7553-9937-CFE3D375E971	FILE_OBJECT_FILE	EVENT_READ	1523030728126112279
52C2356B-39B4-11E8-BF66-D9AA8AFF4A69	SUBJECT_PROCESS	90139085-37D9-7553-9937-CFE3D375E971	FILE_OBJECT_FILE	EVENT_READ	1523030728126112279
52C2356B-39B4-11E8-BF66-D9AA8AFF4A69	SUBJECT_PROCESS	90139085-37D9-7553-9937-CFE3D375E971	FILE_OBJECT_FILE	EVENT_READ	1523030728126112279
52C2356B-39B4-11E8-BF66-D9AA8AFF4A69	SUBJECT_PROCESS	90139085-37D9-7553-9937-CFE3D375E971	FILE_OBJECT_FILE	EVENT_READ	1523030728126112279
52C2356B-39B4-11E8-BF66-D9AA8AFF4A69	SUBJECT_PROCESS	90139085-37D9-7553-9937-CFE3D375E971	FILE_OBJECT_FILE	EVENT_READ	1523030728126112279
52C2356B-39B4-11E8-BF66-D9AA8AFF4A69	SUBJECT_PROCESS	90139085-37D9-7553-9937-CFE3D375E971	FILE_OBJECT_FILE	EVENT_READ	1523030728126112279
52C2356B-39B4-11E8-BF66-D9AA8AFF4A69	SUBJECT_PROCESS	90139085-37D9-7553-9937-CFE3D375E971	FILE_OBJECT_FILE	EVENT_CLOSE	1523030728126112279
52C2356B-39B4-11E8-BF66-D9AA8AFF4A69	SUBJECT_PROCESS	9A717117-65ED-675C-AD65-38102C67C832	FILE_OBJECT_FILE	EVENT_OPEN	1523030728126112279
52C2356B-39B4-11E8-BF66-D9AA8AFF4A69	SUBJECT_PROCESS	9A717117-65ED-675C-AD65-38102C67C832	FILE_OBJECT_FILE	EVENT_READ	1523030728126112279
52C2356B-39B4-11E8-BF66-D9AA8AFF4A69	SUBJECT_PROCESS	9A717117-65ED-675C-AD65-38102C67C832	FILE_OBJECT_FILE	EVENT_READ	1523030728126112279
52C2356B-39B4-11E8-BF66-D9AA8AFF4A69	SUBJECT_PROCESS	9A717117-65ED-675C-AD65-38102C67C832	FILE_OBJECT_FILE	EVENT_CLOSE	1523030728126112279
52C2356B-39B4-11E8-BF66-D9AA8AFF4A69	SUBJECT_PROCESS	90139085-37D9-7553-9937-CFE3D375E971	FILE_OBJECT_FILE	EVENT_OPEN	1523030728126112279
52C2356B-39B4-11E8-BF66-D9AA8AFF4A69	SUBJECT_PROCESS	90139085-37D9-7553-9937-CFE3D375E971	FILE_OBJECT_FILE	EVENT_READ	1523030728126112279
52C2356B-39B4-11E8-BF66-D9AA8AFF4A69	SUBJECT_PROCESS	90139085-37D9-7553-9937-CFE3D375E971	FILE_OBJECT_FILE	EVENT_READ	1523030728126112279
52C2356B-39B4-11E8-BF66-D9AA8AFF4A69	SUBJECT_PROCESS	90139085-37D9-7553-9937-CFE3D375E971	FILE_OBJECT_FILE	EVENT_READ	1523030728126112279
52C2356B-39B4-11E8-BF66-D9AA8AFF4A69	SUBJECT_PROCESS	90139085-37D9-7553-9937-CFE3D375E971	FILE_OBJECT_FILE	EVENT_READ	1523030728126112279
52C2356B-39B4-11E8-BF66-D9AA8AFF4A69	SUBJECT_PROCESS	90139085-37D9-7553-9937-CFE3D375E971	FILE_OBJECT_FILE	EVENT_READ	1523030728126112279
52C2356B-39B4-11E8-BF66-D9AA8AFF4A69	SUBJECT_PROCESS	90139085-37D9-7553-9937-CFE3D375E971	FILE_OBJECT_FILE	EVENT_READ	1523030728126112279
52C2356B-39B4-11E8-BF66-D9AA8AFF4A69	SUBJECT_PROCESS	90139085-37D9-7553-9937-CFE3D375E971	FILE_OBJECT_FILE	EVENT_READ	1523030728126112279
52C2356B-39B4-11E8-BF66-D9AA8AFF4A69	SUBJECT_PROCESS	90139085-37D9-7553-9937-CFE3D375E971	FILE_OBJECT_FILE	EVENT_READ	1523030728126112279
52C2356B-39B4-11E8-BF66-D9AA8AFF4A69	SUBJECT_PROCESS	90139085-37D9-7553-9937-CFE3D375E971	FILE_OBJECT_FILE	EVENT_READ	1523030728126112279
52C2356B-39B4-11E8-BF66-D9AA8AFF4A69	SUBJECT_PROCESS	90139085-37D9-7553-9937-CFE3D375E971	FILE_OBJECT_FILE	EVENT_CLOSE	1523030728126112279
52C2356B-39B4-11E8-BF66-D9AA8AFF4A69	SUBJECT_PROCESS	52C2356B-39B4-11E8-BF66-D9AA8AFF4A69	SUBJECT_PROCESS	EVENT_CHANGE_PRINCIPAL	1523030728126112279
52C2356B-39B4-11E8-BF66-D9AA8AFF4A69	SUBJECT_PROCESS	308E149F-F225-9859-A5F2-8C9BB9983D48	FILE_OBJECT_FILE	EVENT_OPEN	1523030728126112279
52C2356B-39B4-11E8-BF66-D9AA8AFF4A69	SUBJECT_PROCESS	308E149F-F225-9859-A5F2-8C9BB9983D48	FILE_OBJECT_FILE	EVENT_LSEEK	1523030728126112279
52C2356B-39B4-11E8-BF66-D9AA8AFF4A69	SUBJECT_PROCESS	308E149F-F225-9859-A5F2-8C9BB9983D48	FILE_OBJECT_FILE	EVENT_READ	1523030728126112279
52C2356B-39B4-11E8-BF66-D9AA8AFF4A69	SUBJECT_PROCESS	308E149F-F225-9859-A5F2-8C9BB9983D48	FILE_OBJECT_FILE	EVENT_LSEEK	1523030728126112279
52C2356B-39B4-11E8-BF66-D9AA8AFF4A69	SUBJECT_PROCESS	308E149F-F225-9859-A5F2-8C9BB9983D48	FILE_OBJECT_FILE	EVENT_READ	1523030728136113980
52C2356B-39B4-11E8-BF66-D9AA8AFF4A69	SUBJECT_PROCESS	308E149F-F225-9859-A5F2-8C9BB9983D48	FILE_OBJECT_FILE	EVENT_CLOSE	1523030728136113980
52C2356B-39B4-11E8-BF66-D9AA8AFF4A69	SUBJECT_PROCESS	52C2356B-39B4-11E8-BF66-D9AA8AFF4A69	SUBJECT_PROCESS	EVENT_CHANGE_PRINCIPAL	1523030728136113980
52C2356B-39B4-11E8-BF66-D9AA8AFF4A69	SUBJECT_PROCESS	A35A5036-6FC3-705F-836F-E8E2CF700D63	FILE_OBJECT_FILE	EVENT_OPEN	1523030728136113980
52C2356B-39B4-11E8-BF66-D9AA8AFF4A69	SUBJECT_PROCESS	A35A5036-6FC3-705F-836F-E8E2CF700D63	FILE_OBJECT_FILE	EVENT_READ	1523030728136113980
52C2356B-39B4-11E8-BF66-D9AA8AFF4A69	SUBJECT_PROCESS	A35A5036-6FC3-705F-836F-E8E2CF700D63	FILE_OBJECT_FILE	EVENT_READ	1523030728136113980
52C2356B-39B4-11E8-BF66-D9AA8AFF4A69	SUBJECT_PROCESS	A35A5036-6FC3-705F-836F-E8E2CF700D63	FILE_OBJECT_FILE	EVENT_CLOSE	1523030728136113980
52C2356B-39B4-11E8-BF66-D9AA8AFF4A69	SUBJECT_PROCESS	C53609B6-A912-B65B-92A9-B89E0BB6C2E1	FILE_OBJECT_FILE	EVENT_OPEN	1523030728136113980
52C2356B-39B4-11E8-BF66-D9AA8AFF4A69	SUBJECT_PROCESS	C53609B6-A912-B65B-92A9-B89E0BB6C2E1	FILE_OBJECT_FILE	EVENT_READ	1523030728136113980
52C2356B-39B4-11E8-BF66-D9AA8AFF4A69	SUBJECT_PROCESS	C53609B6-A912-B65B-92A9-B89E0BB6C2E1	FILE_OBJECT_FILE	EVENT_READ	1523030728136113980
52C2356B-39B4-11E8-BF66-D9AA8AFF4A69	SUBJECT_PROCESS	C53609B6-A912-B65B-92A9-B89E0BB6C2E1	FILE_OBJECT_FILE	EVENT_READ	1523030728136113980
52C2356B-39B4-11E8-BF66-D9AA8AFF4A69	SUBJECT_PROCESS	C53609B6-A912-B65B-92A9-B89E0BB6C2E1	FILE_OBJECT_FILE	EVENT_READ	1523030728136113980
52C2356B-39B4-11E8-BF66-D9AA8AFF4A69	SUBJECT_PROCESS	C53609B6-A912-B65B-92A9-B89E0BB6C2E1	FILE_OBJECT_FILE	EVENT_READ	1523030728136113980
52C2356B-39B4-11E8-BF66-D9AA8AFF4A69	SUBJECT_PROCESS	C53609B6-A912-B65B-92A9-B89E0BB6C2E1	FILE_OBJECT_FILE	EVENT_READ	1523030728136113980
52C2356B-39B4-11E8-BF66-D9AA8AFF4A69	SUBJECT_PROCESS	C53609B6-A912-B65B-92A9-B89E0BB6C2E1	FILE_OBJECT_FILE	EVENT_READ	1523030728136113980
52C2356B-39B4-11E8-BF66-D9AA8AFF4A69	SUBJECT_PROCESS	C53609B6-A912-B65B-92A9-B89E0BB6C2E1	FILE_OBJECT_FILE	EVENT_READ	1523030728136113980
52C2356B-39B4-11E8-BF66-D9AA8AFF4A69	SUBJECT_PROCESS	C53609B6-A912-B65B-92A9-B89E0BB6C2E1	FILE_OBJECT_FILE	EVENT_READ	1523030728136113980
52C2356B-39B4-11E8-BF66-D9AA8AFF4A69	SUBJECT_PROCESS	C53609B6-A912-B65B-92A9-B89E0BB6C2E1	FILE_OBJECT_FILE	EVENT_CLOSE	1523030728136113980
52C2356B-39B4-11E8-BF66-D9AA8AFF4A69	SUBJECT_PROCESS	C53609B6-A912-B65B-92A9-B89E0BB6C2E1	FILE_OBJECT_FILE	EVENT_OPEN	1523030728136113980
52C2356B-39B4-11E8-BF66-D9AA8AFF4A69	SUBJECT_PROCESS	C53609B6-A912-B65B-92A9-B89E0BB6C2E1	FILE_OBJECT_FILE	EVENT_READ	1523030728136113980
52C2356B-39B4-11E8-BF66-D9AA8AFF4A69	SUBJECT_PROCESS	C53609B6-A912-B65B-92A9-B89E0BB6C2E1	FILE_OBJECT_FILE	EVENT_READ	1523030728136113980
52C2356B-39B4-11E8-BF66-D9AA8AFF4A69	SUBJECT_PROCESS	C53609B6-A912-B65B-92A9-B89E0BB6C2E1	FILE_OBJECT_FILE	EVENT_READ	1523030728136113980
52C2356B-39B4-11E8-BF66-D9AA8AFF4A69	SUBJECT_PROCESS	C53609B6-A912-B65B-92A9-B89E0BB6C2E1	FILE_OBJECT_FILE	EVENT_READ	1523030728136113980
52C2356B-39B4-11E8-BF66-D9AA8AFF4A69	SUBJECT_PROCESS	C53609B6-A912-B65B-92A9-B89E0BB6C2E1	FILE_OBJECT_FILE	EVENT_READ	1523030728136113980
52C2356B-39B4-11E8-BF66-D9AA8AFF4A69	SUBJECT_PROCESS	C53609B6-A912-B65B-92A9-B89E0BB6C2E1	FILE_OBJECT_FILE	EVENT_READ	1523030728136113980
52C2356B-39B4-11E8-BF66-D9AA8AFF4A69	SUBJECT_PROCESS	C53609B6-A912-B65B-92A9-B89E0BB6C2E1	FILE_OBJECT_FILE	EVENT_READ	1523030728136113980
52C2356B-39B4-11E8-BF66-D9AA8AFF4A69	SUBJECT_PROCESS	C53609B6-A912-B65B-92A9-B89E0BB6C2E1	FILE_OBJECT_FILE	EVENT_READ	1523030728136113980
52C2356B-39B4-11E8-BF66-D9AA8AFF4A69	SUBJECT_PROCESS	C53609B6-A912-B65B-92A9-B89E0BB6C2E1	FILE_OBJECT_FILE	EVENT_READ	1523030728136113980
52C2356B-39B4-11E8-BF66-D9AA8AFF4A69	SUBJECT_PROCESS	C53609B6-A912-B65B-92A9-B89E0BB6C2E1	FILE_OBJECT_FILE	EVENT_CLOSE	1523030728136113980
52C2356B-39B4-11E8-BF66-D9AA8AFF4A69	SUBJECT_PROCESS	C53609B6-A912-B65B-92A9-B89E0BB6C2E1	FILE_OBJECT_FILE	EVENT_OPEN	1523030728146112951
52C2356B-39B4-11E8-BF66-D9AA8AFF4A69	SUBJECT_PROCESS	C53609B6-A912-B65B-92A9-B89E0BB6C2E1	FILE_OBJECT_FILE	EVENT_READ	1523030728146112951
52C2356B-39B4-11E8-BF66-D9AA8AFF4A69	SUBJECT_PROCESS	C53609B6-A912-B65B-92A9-B89E0BB6C2E1	FILE_OBJECT_FILE	EVENT_READ	1523030728146112951
52C2356B-39B4-11E8-BF66-D9AA8AFF4A69	SUBJECT_PROCESS	C53609B6-A912-B65B-92A9-B89E0BB6C2E1	FILE_OBJECT_FILE	EVENT_READ	1523030728146112951
52C2356B-39B4-11E8-BF66-D9AA8AFF4A69	SUBJECT_PROCESS	C53609B6-A912-B65B-92A9-B89E0BB6C2E1	FILE_OBJECT_FILE	EVENT_READ	1523030728146112951
52C2356B-39B4-11E8-BF66-D9AA8AFF4A69	SUBJECT_PROCESS	C53609B6-A912-B65B-92A9-B89E0BB6C2E1	FILE_OBJECT_FILE	EVENT_READ	1523030728146112951
52C2356B-39B4-11E8-BF66-D9AA8AFF4A69	SUBJECT_PROCESS	C53609B6-A912-B65B-92A9-B89E0BB6C2E1	FILE_OBJECT_FILE	EVENT_READ	1523030728146112951
52C2356B-39B4-11E8-BF66-D9AA8AFF4A69	SUBJECT_PROCESS	C53609B6-A912-B65B-92A9-B89E0BB6C2E1	FILE_OBJECT_FILE	EVENT_READ	1523030728146112951
52C2356B-39B4-11E8-BF66-D9AA8AFF4A69	SUBJECT_PROCESS	C53609B6-A912-B65B-92A9-B89E0BB6C2E1	FILE_OBJECT_FILE	EVENT_READ	1523030728146112951
52C2356B-39B4-11E8-BF66-D9AA8AFF4A69	SUBJECT_PROCESS	C53609B6-A912-B65B-92A9-B89E0BB6C2E1	FILE_OBJECT_FILE	EVENT_READ	1523030728146112951
52C2356B-39B4-11E8-BF66-D9AA8AFF4A69	SUBJECT_PROCESS	C53609B6-A912-B65B-92A9-B89E0BB6C2E1	FILE_OBJECT_FILE	EVENT_CLOSE	1523030728146112951
52C2356B-39B4-11E8-BF66-D9AA8AFF4A69	SUBJECT_PROCESS	C6372CCF-39E0-835A-A039-155BFA837272	FILE_OBJECT_FILE	EVENT_OPEN	1523030728146112951
52C2356B-39B4-11E8-BF66-D9AA8AFF4A69	SUBJECT_PROCESS	C6372CCF-39E0-835A-A039-155BFA837272	FILE_OBJECT_FILE	EVENT_READ	1523030728146112951
52C2356B-39B4-11E8-BF66-D9AA8AFF4A69	SUBJECT_PROCESS	C6372CCF-39E0-835A-A039-155BFA837272	FILE_OBJECT_FILE	EVENT_READ	1523030728146112951
52C2356B-39B4-11E8-BF66-D9AA8AFF4A69	SUBJECT_PROCESS	C6372CCF-39E0-835A-A039-155BFA837272	FILE_OBJECT_FILE	EVENT_CLOSE	1523030728146112951
52C2356B-39B4-11E8-BF66-D9AA8AFF4A69	SUBJECT_PROCESS	52C2356B-39B4-11E8-BF66-D9AA8AFF4A69	SUBJECT_PROCESS	EVENT_MODIFY_PROCESS	1523030728146112951
52C2356B-39B4-11E8-BF66-D9AA8AFF4A69	SUBJECT_PROCESS	CDCC3B47-0499-AF5C-9904-5D2FBCAFBD4B	FILE_OBJECT_FILE	EVENT_MODIFY_PROCESS	1523030728146112951
52C2356B-39B4-11E8-BF66-D9AA8AFF4A69	SUBJECT_PROCESS	C6372CCF-39E0-835A-A039-155BFA837272	FILE_OBJECT_FILE	EVENT_OPEN	1523030728146112951
52C2356B-39B4-11E8-BF66-D9AA8AFF4A69	SUBJECT_PROCESS	C6372CCF-39E0-835A-A039-155BFA837272	FILE_OBJECT_FILE	EVENT_READ	1523030728146112951
52C2356B-39B4-11E8-BF66-D9AA8AFF4A69	SUBJECT_PROCESS	C6372CCF-39E0-835A-A039-155BFA837272	FILE_OBJECT_FILE	EVENT_READ	1523030728146112951
52C2356B-39B4-11E8-BF66-D9AA8AFF4A69	SUBJECT_PROCESS	C6372CCF-39E0-835A-A039-155BFA837272	FILE_OBJECT_FILE	EVENT_CLOSE	1523030728146112951
52C2356B-39B4-11E8-BF66-D9AA8AFF4A69	SUBJECT_PROCESS	52D72D63-39B4-11E8-BF66-D9AA8AFF4A69	NetFlowObject	EVENT_CONNECT	1523030728146112951
52C2356B-39B4-11E8-BF66-D9AA8AFF4A69	SUBJECT_PROCESS	52D72D63-39B4-11E8-BF66-D9AA8AFF4A69	NetFlowObject	EVENT_SENDTO	1523030728146112951
52C2356B-39B4-11E8-BF66-D9AA8AFF4A69	SUBJECT_PROCESS	52D72D63-39B4-11E8-BF66-D9AA8AFF4A69	NetFlowObject	EVENT_RECVFROM	1523030728146112951
52C2356B-39B4-11E8-BF66-D9AA8AFF4A69	SUBJECT_PROCESS	52D72D63-39B4-11E8-BF66-D9AA8AFF4A69	NetFlowObject	EVENT_CLOSE	1523030728146112951
52C2356B-39B4-11E8-BF66-D9AA8AFF4A69	SUBJECT_PROCESS	52C9D256-39B4-11E8-BF66-D9AA8AFF4A69	FILE_OBJECT_UNIX_SOCKET	EVENT_SENDTO	1523030728146112951
70C1D4CB-3678-11E8-BF66-D9AA8AFF4A69	SUBJECT_PROCESS	70C1A076-3678-11E8-BF66-D9AA8AFF4A69	FILE_OBJECT_UNIX_SOCKET	EVENT_RECVFROM	1523030728146112951
52C2356B-39B4-11E8-BF66-D9AA8AFF4A69	SUBJECT_PROCESS	52C215DE-39B4-11E8-BF66-D9AA8AFF4A69	NetFlowObject	EVENT_WRITE	1523030728146112951
70C1D4CB-3678-11E8-BF66-D9AA8AFF4A69	SUBJECT_PROCESS	62E1F4F9-4D62-6559-A24D-8D38D9658215	FILE_OBJECT_FILE	EVENT_WRITE	1523030728146112951
52C2356B-39B4-11E8-BF66-D9AA8AFF4A69	SUBJECT_PROCESS	52C215DE-39B4-11E8-BF66-D9AA8AFF4A69	NetFlowObject	EVENT_READ	1523030728156122302
52C2356B-39B4-11E8-BF66-D9AA8AFF4A69	SUBJECT_PROCESS	234D9DA9-A60B-2A52-8BA6-FAF9C22A33EA	FILE_OBJECT_FILE	EVENT_OPEN	1523030728156122302
52C2356B-39B4-11E8-BF66-D9AA8AFF4A69	SUBJECT_PROCESS	234D9DA9-A60B-2A52-8BA6-FAF9C22A33EA	FILE_OBJECT_FILE	EVENT_READ	1523030728156122302
52C2356B-39B4-11E8-BF66-D9AA8AFF4A69	SUBJECT_PROCESS	234D9DA9-A60B-2A52-8BA6-FAF9C22A33EA	FILE_OBJECT_FILE	EVENT_CLOSE	1523030728156122302
52C2356B-39B4-11E8-BF66-D9AA8AFF4A69	SUBJECT_PROCESS	234D9DA9-A60B-2A52-8BA6-FAF9C22A33EA	FILE_OBJECT_FILE	EVENT_OPEN	1523030728156122302
52C2356B-39B4-11E8-BF66-D9AA8AFF4A69	SUBJECT_PROCESS	234D9DA9-A60B-2A52-8BA6-FAF9C22A33EA	FILE_OBJECT_FILE	EVENT_READ	1523030728156122302
52C2356B-39B4-11E8-BF66-D9AA8AFF4A69	SUBJECT_PROCESS	234D9DA9-A60B-2A52-8BA6-FAF9C22A33EA	FILE_OBJECT_FILE	EVENT_CLOSE	1523030728156122302
52C2356B-39B4-11E8-BF66-D9AA8AFF4A69	SUBJECT_PROCESS	234D9DA9-A60B-2A52-8BA6-FAF9C22A33EA	FILE_OBJECT_FILE	EVENT_OPEN	1523030728156122302
52C2356B-39B4-11E8-BF66-D9AA8AFF4A69	SUBJECT_PROCESS	234D9DA9-A60B-2A52-8BA6-FAF9C22A33EA	FILE_OBJECT_FILE	EVENT_READ	1523030728156122302
52C2356B-39B4-11E8-BF66-D9AA8AFF4A69	SUBJECT_PROCESS	234D9DA9-A60B-2A52-8BA6-FAF9C22A33EA	FILE_OBJECT_FILE	EVENT_CLOSE	1523030728156122302
52C2356B-39B4-11E8-BF66-D9AA8AFF4A69	SUBJECT_PROCESS	234D9DA9-A60B-2A52-8BA6-FAF9C22A33EA	FILE_OBJECT_FILE	EVENT_OPEN	1523030728156122302
52C2356B-39B4-11E8-BF66-D9AA8AFF4A69	SUBJECT_PROCESS	234D9DA9-A60B-2A52-8BA6-FAF9C22A33EA	FILE_OBJECT_FILE	EVENT_READ	1523030728156122302
52C2356B-39B4-11E8-BF66-D9AA8AFF4A69	SUBJECT_PROCESS	234D9DA9-A60B-2A52-8BA6-FAF9C22A33EA	FILE_OBJECT_FILE	EVENT_CLOSE	1523030728156122302
52C2356B-39B4-11E8-BF66-D9AA8AFF4A69	SUBJECT_PROCESS	52C2356B-39B4-11E8-BF66-D9AA8AFF4A69	SUBJECT_PROCESS	EVENT_MODIFY_PROCESS	1523030728156122302
52C2356B-39B4-11E8-BF66-D9AA8AFF4A69	SUBJECT_PROCESS	81DAF7B7-424F-425C-8F42-2A642C4278EA	FILE_OBJECT_FILE	EVENT_OPEN	1523030728156122302
52C2356B-39B4-11E8-BF66-D9AA8AFF4A69	SUBJECT_PROCESS	81DAF7B7-424F-425C-8F42-2A642C4278EA	FILE_OBJECT_FILE	EVENT_MODIFY_FILE_ATTRIBUTES	1523030728156122302
52C2356B-39B4-11E8-BF66-D9AA8AFF4A69	SUBJECT_PROCESS	52C2356B-39B4-11E8-BF66-D9AA8AFF4A69	SUBJECT_PROCESS	EVENT_MODIFY_PROCESS	1523030728156122302
52C2356B-39B4-11E8-BF66-D9AA8AFF4A69	SUBJECT_PROCESS	81DAF7B7-424F-425C-8F42-2A642C4278EA	FILE_OBJECT_FILE	EVENT_MODIFY_FILE_ATTRIBUTES	1523030728156122302
52C2356B-39B4-11E8-BF66-D9AA8AFF4A69	SUBJECT_PROCESS	81DAF7B7-424F-425C-8F42-2A642C4278EA	FILE_OBJECT_FILE	EVENT_WRITE	1523030728156122302
52C2356B-39B4-11E8-BF66-D9AA8AFF4A69	SUBJECT_PROCESS	81DAF7B7-424F-425C-8F42-2A642C4278EA	FILE_OBJECT_FILE	EVENT_TRUNCATE	1523030728166192142
52C2356B-39B4-11E8-BF66-D9AA8AFF4A69	SUBJECT_PROCESS	52C2356B-39B4-11E8-BF66-D9AA8AFF4A69	SUBJECT_PROCESS	EVENT_MODIFY_PROCESS	1523030728166192142
52C2356B-39B4-11E8-BF66-D9AA8AFF4A69	SUBJECT_PROCESS	52C2356B-39B4-11E8-BF66-D9AA8AFF4A69	SUBJECT_PROCESS	EVENT_MODIFY_PROCESS	1523030728166192142
52C2356B-39B4-11E8-BF66-D9AA8AFF4A69	SUBJECT_PROCESS	234D9DA9-A60B-2A52-8BA6-FAF9C22A33EA	FILE_OBJECT_FILE	EVENT_OPEN	1523030728166192142
52C2356B-39B4-11E8-BF66-D9AA8AFF4A69	SUBJECT_PROCESS	52C2356B-39B4-11E8-BF66-D9AA8AFF4A69	SUBJECT_PROCESS	EVENT_MODIFY_PROCESS	1523030728166192142
52C2356B-39B4-11E8-BF66-D9AA8AFF4A69	SUBJECT_PROCESS	52C2356B-39B4-11E8-BF66-D9AA8AFF4A69	SUBJECT_PROCESS	EVENT_MODIFY_PROCESS	1523030728166192142
52C2356B-39B4-11E8-BF66-D9AA8AFF4A69	SUBJECT_PROCESS	FDA8A820-DC63-5A46-8144-A5A7CDCD7BD1	UnnamedPipeObject	EVENT_CREATE_OBJECT	1523030728166192142
52C2356B-39B4-11E8-BF66-D9AA8AFF4A69	SUBJECT_PROCESS	2B399426-9644-5EA4-A16D-F39E4F93827A	UnnamedPipeObject	EVENT_CREATE_OBJECT	1523030728166192142
52C2356B-39B4-11E8-BF66-D9AA8AFF4A69	SUBJECT_PROCESS	52D9D7CD-39B4-11E8-BF66-D9AA8AFF4A69	SUBJECT_PROCESS	EVENT_FORK	1523030728166192142
52D9D7CD-39B4-11E8-BF66-D9AA8AFF4A69	SUBJECT_PROCESS	52D9E533-39B4-11E8-BF66-D9AA8AFF4A69	SUBJECT_PROCESS	EVENT_FORK	1523030728166192142
52D9D7CD-39B4-11E8-BF66-D9AA8AFF4A69	SUBJECT_PROCESS	52D9D7CD-39B4-11E8-BF66-D9AA8AFF4A69	SUBJECT_PROCESS	EVENT_EXIT	1523030728166192142
52D9E533-39B4-11E8-BF66-D9AA8AFF4A69	SUBJECT_PROCESS	81DAF7B7-424F-425C-8F42-2A642C4278EA	FILE_OBJECT_FILE	EVENT_CLOSE	1523030728166192142
52D9E533-39B4-11E8-BF66-D9AA8AFF4A69	SUBJECT_PROCESS	0C491249-5928-4859-A859-F894F9484580	FILE_OBJECT_FILE	EVENT_EXECUTE	1523030728166192142
52D9E533-39B4-11E8-BF66-D9AA8AFF4A69	SUBJECT_PROCESS	7A350F75-9945-425D-8599-15CEBD426F06	FILE_OBJECT_FILE	EVENT_EXECUTE	1523030728166192142
52D9E533-39B4-11E8-BF66-D9AA8AFF4A69	SUBJECT_PROCESS	51110606-D232-9652-B2D2-3A7242968F8A	FILE_OBJECT_FILE	EVENT_OPEN	1523030728176123593
52D9E533-39B4-11E8-BF66-D9AA8AFF4A69	SUBJECT_PROCESS	51110606-D232-9652-B2D2-3A7242968F8A	FILE_OBJECT_FILE	EVENT_READ	1523030728176123593
52D9E533-39B4-11E8-BF66-D9AA8AFF4A69	SUBJECT_PROCESS	51110606-D232-9652-B2D2-3A7242968F8A	FILE_OBJECT_FILE	EVENT_CLOSE	1523030728176123593
52D9E533-39B4-11E8-BF66-D9AA8AFF4A69	SUBJECT_PROCESS	8A44F292-648B-7854-8B64-00F954785A79	FILE_OBJECT_FILE	EVENT_OPEN	1523030728176123593
52D9E533-39B4-11E8-BF66-D9AA8AFF4A69	SUBJECT_PROCESS	8A44F292-648B-7854-8B64-00F954785A79	FILE_OBJECT_FILE	EVENT_READ	1523030728176123593
52D9E533-39B4-11E8-BF66-D9AA8AFF4A69	SUBJECT_PROCESS	8A44F292-648B-7854-8B64-00F954785A79	FILE_OBJECT_FILE	EVENT_READ	1523030728176123593
52D9E533-39B4-11E8-BF66-D9AA8AFF4A69	SUBJECT_PROCESS	8A44F292-648B-7854-8B64-00F954785A79	FILE_OBJECT_FILE	EVENT_CLOSE	1523030728176123593
52D9E533-39B4-11E8-BF66-D9AA8AFF4A69	SUBJECT_PROCESS	76A739B1-A13E-FD50-BEA1-B218A0FD0400	FILE_OBJECT_FILE	EVENT_OPEN	1523030728176123593
52D9E533-39B4-11E8-BF66-D9AA8AFF4A69	SUBJECT_PROCESS	76A739B1-A13E-FD50-BEA1-B218A0FD0400	FILE_OBJECT_FILE	EVENT_MMAP	1523030728176123593
52D9E533-39B4-11E8-BF66-D9AA8AFF4A69	SUBJECT_PROCESS	76A739B1-A13E-FD50-BEA1-B218A0FD0400	FILE_OBJECT_FILE	EVENT_MMAP	1523030728176123593
52D9E533-39B4-11E8-BF66-D9AA8AFF4A69	SUBJECT_PROCESS	76A739B1-A13E-FD50-BEA1-B218A0FD0400	FILE_OBJECT_FILE	EVENT_MMAP	1523030728176123593
52D9E533-39B4-11E8-BF66-D9AA8AFF4A69	SUBJECT_PROCESS	76A739B1-A13E-FD50-BEA1-B218A0FD0400	FILE_OBJECT_FILE	EVENT_MMAP	1523030728176123593
52D9E533-39B4-11E8-BF66-D9AA8AFF4A69	SUBJECT_PROCESS	76A739B1-A13E-FD50-BEA1-B218A0FD0400	FILE_OBJECT_FILE	EVENT_MMAP	1523030728176123593
52D9E533-39B4-11E8-BF66-D9AA8AFF4A69	SUBJECT_PROCESS	76A739B1-A13E-FD50-BEA1-B218A0FD0400	FILE_OBJECT_FILE	EVENT_MMAP	1523030728176123593
52D9E533-39B4-11E8-BF66-D9AA8AFF4A69	SUBJECT_PROCESS	76A739B1-A13E-FD50-BEA1-B218A0FD0400	FILE_OBJECT_FILE	EVENT_CLOSE	1523030728176123593
52D9E533-39B4-11E8-BF66-D9AA8AFF4A69	SUBJECT_PROCESS	F410BE96-4C0C-765E-8C4C-6F0E2E760020	FILE_OBJECT_FILE	EVENT_OPEN	1523030728176123593
52D9E533-39B4-11E8-BF66-D9AA8AFF4A69	SUBJECT_PROCESS	F410BE96-4C0C-765E-8C4C-6F0E2E760020	FILE_OBJECT_FILE	EVENT_MMAP	1523030728176123593
52D9E533-39B4-11E8-BF66-D9AA8AFF4A69	SUBJECT_PROCESS	F410BE96-4C0C-765E-8C4C-6F0E2E760020	FILE_OBJECT_FILE	EVENT_MMAP	1523030728176123593
52D9E533-39B4-11E8-BF66-D9AA8AFF4A69	SUBJECT_PROCESS	F410BE96-4C0C-765E-8C4C-6F0E2E760020	FILE_OBJECT_FILE	EVENT_CLOSE	1523030728176123593
52D9E533-39B4-11E8-BF66-D9AA8AFF4A69	SUBJECT_PROCESS	BCDBE64D-1703-005A-8317-44DD6A00589D	FILE_OBJECT_FILE	EVENT_OPEN	1523030728186113194
52D9E533-39B4-11E8-BF66-D9AA8AFF4A69	SUBJECT_PROCESS	BCDBE64D-1703-005A-8317-44DD6A00589D	FILE_OBJECT_FILE	EVENT_READ	1523030728186113194
52D9E533-39B4-11E8-BF66-D9AA8AFF4A69	SUBJECT_PROCESS	BCDBE64D-1703-005A-8317-44DD6A00589D	FILE_OBJECT_FILE	EVENT_READ	1523030728186113194
52D9E533-39B4-11E8-BF66-D9AA8AFF4A69	SUBJECT_PROCESS	BCDBE64D-1703-005A-8317-44DD6A00589D	FILE_OBJECT_FILE	EVENT_CLOSE	1523030728186113194
52D9E533-39B4-11E8-BF66-D9AA8AFF4A69	SUBJECT_PROCESS	308E149F-F225-9859-A5F2-8C9BB9983D48	FILE_OBJECT_FILE	EVENT_OPEN	1523030728186113194
52D9E533-39B4-11E8-BF66-D9AA8AFF4A69	SUBJECT_PROCESS	308E149F-F225-9859-A5F2-8C9BB9983D48	FILE_OBJECT_FILE	EVENT_LSEEK	1523030728186113194
52D9E533-39B4-11E8-BF66-D9AA8AFF4A69	SUBJECT_PROCESS	308E149F-F225-9859-A5F2-8C9BB9983D48	FILE_OBJECT_FILE	EVENT_LSEEK	1523030728186113194
52D9E533-39B4-11E8-BF66-D9AA8AFF4A69	SUBJECT_PROCESS	308E149F-F225-9859-A5F2-8C9BB9983D48	FILE_OBJECT_FILE	EVENT_READ	1523030728186113194
52D9E533-39B4-11E8-BF66-D9AA8AFF4A69	SUBJECT_PROCESS	308E149F-F225-9859-A5F2-8C9BB9983D48	FILE_OBJECT_FILE	EVENT_CLOSE	1523030728186113194
52D9E533-39B4-11E8-BF66-D9AA8AFF4A69	SUBJECT_PROCESS	52D9E533-39B4-11E8-BF66-D9AA8AFF4A69	SUBJECT_PROCESS	EVENT_MODIFY_PROCESS	1523030728186113194
52D9E533-39B4-11E8-BF66-D9AA8AFF4A69	SUBJECT_PROCESS	F54E03A9-5D17-BB52-975D-316D32BB2F14	FILE_OBJECT_FILE	EVENT_MODIFY_PROCESS	1523030728186113194
52D9E533-39B4-11E8-BF66-D9AA8AFF4A69	SUBJECT_PROCESS	34DBC05E-5BAC-0E5B-AC5B-A64B7B0E2157	FILE_OBJECT_FILE	EVENT_OPEN	1523030728186113194
52D9E533-39B4-11E8-BF66-D9AA8AFF4A69	SUBJECT_PROCESS	34DBC05E-5BAC-0E5B-AC5B-A64B7B0E2157	FILE_OBJECT_FILE	EVENT_MODIFY_FILE_ATTRIBUTES	1523030728186113194
52D9E533-39B4-11E8-BF66-D9AA8AFF4A69	SUBJECT_PROCESS	34DBC05E-5BAC-0E5B-AC5B-A64B7B0E2157	FILE_OBJECT_FILE	EVENT_CLOSE	1523030728186113194
52D9E533-39B4-11E8-BF66-D9AA8AFF4A69	SUBJECT_PROCESS	34DBC05E-5BAC-0E5B-AC5B-A64B7B0E2157	FILE_OBJECT_FILE	EVENT_LINK	1523030728196112745
52D9E533-39B4-11E8-BF66-D9AA8AFF4A69	SUBJECT_PROCESS	34DBC05E-5BAC-0E5B-AC5B-A64B7B0E2157	FILE_OBJECT_FILE	EVENT_UNLINK	1523030728196112745
52D9E533-39B4-11E8-BF66-D9AA8AFF4A69	SUBJECT_PROCESS	FDA8A820-DC63-5A46-8144-A5A7CDCD7BD1	UnnamedPipeObject	EVENT_WRITE	1523030728196112745
52C2356B-39B4-11E8-BF66-D9AA8AFF4A69	SUBJECT_PROCESS	FDA8A820-DC63-5A46-8144-A5A7CDCD7BD1	UnnamedPipeObject	EVENT_READ	1523030728196112745
52C2356B-39B4-11E8-BF66-D9AA8AFF4A69	SUBJECT_PROCESS	234D9DA9-A60B-2A52-8BA6-FAF9C22A33EA	FILE_OBJECT_FILE	EVENT_CLOSE	1523030728196112745
52C2356B-39B4-11E8-BF66-D9AA8AFF4A69	SUBJECT_PROCESS	234D9DA9-A60B-2A52-8BA6-FAF9C22A33EA	FILE_OBJECT_FILE	EVENT_OPEN	1523030728196112745
52C2356B-39B4-11E8-BF66-D9AA8AFF4A69	SUBJECT_PROCESS	234D9DA9-A60B-2A52-8BA6-FAF9C22A33EA	FILE_OBJECT_FILE	EVENT_LSEEK	1523030728196112745
52C2356B-39B4-11E8-BF66-D9AA8AFF4A69	SUBJECT_PROCESS	234D9DA9-A60B-2A52-8BA6-FAF9C22A33EA	FILE_OBJECT_FILE	EVENT_READ	1523030728196112745
52C2356B-39B4-11E8-BF66-D9AA8AFF4A69	SUBJECT_PROCESS	234D9DA9-A60B-2A52-8BA6-FAF9C22A33EA	FILE_OBJECT_FILE	EVENT_LSEEK	1523030728196112745
52C2356B-39B4-11E8-BF66-D9AA8AFF4A69	SUBJECT_PROCESS	234D9DA9-A60B-2A52-8BA6-FAF9C22A33EA	FILE_OBJECT_FILE	EVENT_READ	1523030728196112745
52C2356B-39B4-11E8-BF66-D9AA8AFF4A69	SUBJECT_PROCESS	234D9DA9-A60B-2A52-8BA6-FAF9C22A33EA	FILE_OBJECT_FILE	EVENT_LSEEK	1523030728196112745
52C2356B-39B4-11E8-BF66-D9AA8AFF4A69	SUBJECT_PROCESS	234D9DA9-A60B-2A52-8BA6-FAF9C22A33EA	FILE_OBJECT_FILE	EVENT_READ	1523030728196112745
52C2356B-39B4-11E8-BF66-D9AA8AFF4A69	SUBJECT_PROCESS	234D9DA9-A60B-2A52-8BA6-FAF9C22A33EA	FILE_OBJECT_FILE	EVENT_LSEEK	1523030728196112745
52C2356B-39B4-11E8-BF66-D9AA8AFF4A69	SUBJECT_PROCESS	234D9DA9-A60B-2A52-8BA6-FAF9C22A33EA	FILE_OBJECT_FILE	EVENT_READ	1523030728196112745
52C2356B-39B4-11E8-BF66-D9AA8AFF4A69	SUBJECT_PROCESS	234D9DA9-A60B-2A52-8BA6-FAF9C22A33EA	FILE_OBJECT_FILE	EVENT_LSEEK	1523030728196112745
52C2356B-39B4-11E8-BF66-D9AA8AFF4A69	SUBJECT_PROCESS	234D9DA9-A60B-2A52-8BA6-FAF9C22A33EA	FILE_OBJECT_FILE	EVENT_READ	1523030728196112745
52C2356B-39B4-11E8-BF66-D9AA8AFF4A69	SUBJECT_PROCESS	234D9DA9-A60B-2A52-8BA6-FAF9C22A33EA	FILE_OBJECT_FILE	EVENT_MODIFY_FILE_ATTRIBUTES	1523030728196112745
52C2356B-39B4-11E8-BF66-D9AA8AFF4A69	SUBJECT_PROCESS	2B399426-9644-5EA4-A16D-F39E4F93827A	UnnamedPipeObject	EVENT_WRITE	1523030728206114176
52D9E533-39B4-11E8-BF66-D9AA8AFF4A69	SUBJECT_PROCESS	2B399426-9644-5EA4-A16D-F39E4F93827A	UnnamedPipeObject	EVENT_READ	1523030728206114176
52C2356B-39B4-11E8-BF66-D9AA8AFF4A69	SUBJECT_PROCESS	FDA8A820-DC63-5A46-8144-A5A7CDCD7BD1	UnnamedPipeObject	EVENT_CLOSE	1523030728206114176
52C2356B-39B4-11E8-BF66-D9AA8AFF4A69	SUBJECT_PROCESS	2B399426-9644-5EA4-A16D-F39E4F93827A	UnnamedPipeObject	EVENT_CLOSE	1523030728206114176
52D9E533-39B4-11E8-BF66-D9AA8AFF4A69	SUBJECT_PROCESS	34DBC05E-5BAC-0E5B-AC5B-A64B7B0E2157	FILE_OBJECT_FILE	EVENT_UNLINK	1523030728206114176
52C2356B-39B4-11E8-BF66-D9AA8AFF4A69	SUBJECT_PROCESS	52C215DE-39B4-11E8-BF66-D9AA8AFF4A69	NetFlowObject	EVENT_WRITE	1523030728206114176
52C2356B-39B4-11E8-BF66-D9AA8AFF4A69	SUBJECT_PROCESS	52C215DE-39B4-11E8-BF66-D9AA8AFF4A69	NetFlowObject	EVENT_READ	1523030728206114176
52C2356B-39B4-11E8-BF66-D9AA8AFF4A69	SUBJECT_PROCESS	52C215DE-39B4-11E8-BF66-D9AA8AFF4A69	NetFlowObject	EVENT_WRITE	1523030728206114176
52C2356B-39B4-11E8-BF66-D9AA8AFF4A69	SUBJECT_PROCESS	52C215DE-39B4-11E8-BF66-D9AA8AFF4A69	NetFlowObject	EVENT_READ	1523030728216114126
52C2356B-39B4-11E8-BF66-D9AA8AFF4A69	SUBJECT_PROCESS	52C215DE-39B4-11E8-BF66-D9AA8AFF4A69	NetFlowObject	EVENT_WRITE	1523030728216114126
52C2356B-39B4-11E8-BF66-D9AA8AFF4A69	SUBJECT_PROCESS	234D9DA9-A60B-2A52-8BA6-FAF9C22A33EA	FILE_OBJECT_FILE	EVENT_CLOSE	1523030728216114126
52C2356B-39B4-11E8-BF66-D9AA8AFF4A69	SUBJECT_PROCESS	52C2356B-39B4-11E8-BF66-D9AA8AFF4A69	SUBJECT_PROCESS	EVENT_MODIFY_PROCESS	1523030728216114126
52C2356B-39B4-11E8-BF66-D9AA8AFF4A69	SUBJECT_PROCESS	52C2356B-39B4-11E8-BF66-D9AA8AFF4A69	SUBJECT_PROCESS	EVENT_MODIFY_PROCESS	1523030728216114126
52C2356B-39B4-11E8-BF66-D9AA8AFF4A69	SUBJECT_PROCESS	234D9DA9-A60B-2A52-8BA6-FAF9C22A33EA	FILE_OBJECT_FILE	EVENT_OPEN	1523030728216114126
52C2356B-39B4-11E8-BF66-D9AA8AFF4A69	SUBJECT_PROCESS	52C2356B-39B4-11E8-BF66-D9AA8AFF4A69	SUBJECT_PROCESS	EVENT_MODIFY_PROCESS	1523030728216114126
52C2356B-39B4-11E8-BF66-D9AA8AFF4A69	SUBJECT_PROCESS	52C2356B-39B4-11E8-BF66-D9AA8AFF4A69	SUBJECT_PROCESS	EVENT_MODIFY_PROCESS	1523030728216114126
52C2356B-39B4-11E8-BF66-D9AA8AFF4A69	SUBJECT_PROCESS	A82BC73F-1CB1-5844-8511-07B020B07A56	UnnamedPipeObject	EVENT_CREATE_OBJECT	1523030728216114126
52C2356B-39B4-11E8-BF66-D9AA8AFF4A69	SUBJECT_PROCESS	B9A32776-E8FC-5F3E-A25F-03726F57C99B	UnnamedPipeObject	EVENT_CREATE_OBJECT	1523030728216114126
52C2356B-39B4-11E8-BF66-D9AA8AFF4A69	SUBJECT_PROCESS	52E1B379-39B4-11E8-BF66-D9AA8AFF4A69	SUBJECT_PROCESS	EVENT_FORK	1523030728216114126
52E1B379-39B4-11E8-BF66-D9AA8AFF4A69	SUBJECT_PROCESS	52E1C0CA-39B4-11E8-BF66-D9AA8AFF4A69	SUBJECT_PROCESS	EVENT_FORK	1523030728216114126
52E1B379-39B4-11E8-BF66-D9AA8AFF4A69	SUBJECT_PROCESS	52E1B379-39B4-11E8-BF66-D9AA8AFF4A69	SUBJECT_PROCESS	EVENT_EXIT	1523030728216114126
52E1C0CA-39B4-11E8-BF66-D9AA8AFF4A69	SUBJECT_PROCESS	81DAF7B7-424F-425C-8F42-2A642C4278EA	FILE_OBJECT_FILE	EVENT_CLOSE	1523030728216114126
52E1C0CA-39B4-11E8-BF66-D9AA8AFF4A69	SUBJECT_PROCESS	0C491249-5928-4859-A859-F894F9484580	FILE_OBJECT_FILE	EVENT_EXECUTE	1523030728216114126
52E1C0CA-39B4-11E8-BF66-D9AA8AFF4A69	SUBJECT_PROCESS	7A350F75-9945-425D-8599-15CEBD426F06	FILE_OBJECT_FILE	EVENT_EXECUTE	1523030728216114126
52E1C0CA-39B4-11E8-BF66-D9AA8AFF4A69	SUBJECT_PROCESS	51110606-D232-9652-B2D2-3A7242968F8A	FILE_OBJECT_FILE	EVENT_OPEN	1523030728226114077
52E1C0CA-39B4-11E8-BF66-D9AA8AFF4A69	SUBJECT_PROCESS	51110606-D232-9652-B2D2-3A7242968F8A	FILE_OBJECT_FILE	EVENT_READ	1523030728226114077
52E1C0CA-39B4-11E8-BF66-D9AA8AFF4A69	SUBJECT_PROCESS	51110606-D232-9652-B2D2-3A7242968F8A	FILE_OBJECT_FILE	EVENT_CLOSE	1523030728226114077
52E1C0CA-39B4-11E8-BF66-D9AA8AFF4A69	SUBJECT_PROCESS	8A44F292-648B-7854-8B64-00F954785A79	FILE_OBJECT_FILE	EVENT_OPEN	1523030728226114077
52E1C0CA-39B4-11E8-BF66-D9AA8AFF4A69	SUBJECT_PROCESS	8A44F292-648B-7854-8B64-00F954785A79	FILE_OBJECT_FILE	EVENT_READ	1523030728226114077
52E1C0CA-39B4-11E8-BF66-D9AA8AFF4A69	SUBJECT_PROCESS	8A44F292-648B-7854-8B64-00F954785A79	FILE_OBJECT_FILE	EVENT_READ	1523030728226114077
52E1C0CA-39B4-11E8-BF66-D9AA8AFF4A69	SUBJECT_PROCESS	8A44F292-648B-7854-8B64-00F954785A79	FILE_OBJECT_FILE	EVENT_CLOSE	1523030728226114077
52E1C0CA-39B4-11E8-BF66-D9AA8AFF4A69	SUBJECT_PROCESS	76A739B1-A13E-FD50-BEA1-B218A0FD0400	FILE_OBJECT_FILE	EVENT_OPEN	1523030728226114077
52E1C0CA-39B4-11E8-BF66-D9AA8AFF4A69	SUBJECT_PROCESS	76A739B1-A13E-FD50-BEA1-B218A0FD0400	FILE_OBJECT_FILE	EVENT_MMAP	1523030728226114077
52E1C0CA-39B4-11E8-BF66-D9AA8AFF4A69	SUBJECT_PROCESS	76A739B1-A13E-FD50-BEA1-B218A0FD0400	FILE_OBJECT_FILE	EVENT_MMAP	1523030728226114077
52E1C0CA-39B4-11E8-BF66-D9AA8AFF4A69	SUBJECT_PROCESS	76A739B1-A13E-FD50-BEA1-B218A0FD0400	FILE_OBJECT_FILE	EVENT_MMAP	1523030728226114077
52E1C0CA-39B4-11E8-BF66-D9AA8AFF4A69	SUBJECT_PROCESS	76A739B1-A13E-FD50-BEA1-B218A0FD0400	FILE_OBJECT_FILE	EVENT_MMAP	1523030728226114077
52E1C0CA-39B4-11E8-BF66-D9AA8AFF4A69	SUBJECT_PROCESS	76A739B1-A13E-FD50-BEA1-B218A0FD0400	FILE_OBJECT_FILE	EVENT_MMAP	1523030728226114077
52E1C0CA-39B4-11E8-BF66-D9AA8AFF4A69	SUBJECT_PROCESS	76A739B1-A13E-FD50-BEA1-B218A0FD0400	FILE_OBJECT_FILE	EVENT_MMAP	1523030728226114077
52E1C0CA-39B4-11E8-BF66-D9AA8AFF4A69	SUBJECT_PROCESS	76A739B1-A13E-FD50-BEA1-B218A0FD0400	FILE_OBJECT_FILE	EVENT_CLOSE	1523030728226114077
52E1C0CA-39B4-11E8-BF66-D9AA8AFF4A69	SUBJECT_PROCESS	F410BE96-4C0C-765E-8C4C-6F0E2E760020	FILE_OBJECT_FILE	EVENT_OPEN	1523030728226114077
52E1C0CA-39B4-11E8-BF66-D9AA8AFF4A69	SUBJECT_PROCESS	F410BE96-4C0C-765E-8C4C-6F0E2E760020	FILE_OBJECT_FILE	EVENT_MMAP	1523030728226114077
52E1C0CA-39B4-11E8-BF66-D9AA8AFF4A69	SUBJECT_PROCESS	F410BE96-4C0C-765E-8C4C-6F0E2E760020	FILE_OBJECT_FILE	EVENT_MMAP	1523030728226114077
52E1C0CA-39B4-11E8-BF66-D9AA8AFF4A69	SUBJECT_PROCESS	F410BE96-4C0C-765E-8C4C-6F0E2E760020	FILE_OBJECT_FILE	EVENT_CLOSE	1523030728226114077
52E1C0CA-39B4-11E8-BF66-D9AA8AFF4A69	SUBJECT_PROCESS	BCDBE64D-1703-005A-8317-44DD6A00589D	FILE_OBJECT_FILE	EVENT_OPEN	1523030728226114077
52E1C0CA-39B4-11E8-BF66-D9AA8AFF4A69	SUBJECT_PROCESS	BCDBE64D-1703-005A-8317-44DD6A00589D	FILE_OBJECT_FILE	EVENT_READ	1523030728226114077
52E1C0CA-39B4-11E8-BF66-D9AA8AFF4A69	SUBJECT_PROCESS	BCDBE64D-1703-005A-8317-44DD6A00589D	FILE_OBJECT_FILE	EVENT_READ	1523030728226114077
52E1C0CA-39B4-11E8-BF66-D9AA8AFF4A69	SUBJECT_PROCESS	BCDBE64D-1703-005A-8317-44DD6A00589D	FILE_OBJECT_FILE	EVENT_CLOSE	1523030728236113698
52E1C0CA-39B4-11E8-BF66-D9AA8AFF4A69	SUBJECT_PROCESS	308E149F-F225-9859-A5F2-8C9BB9983D48	FILE_OBJECT_FILE	EVENT_OPEN	1523030728236113698
52E1C0CA-39B4-11E8-BF66-D9AA8AFF4A69	SUBJECT_PROCESS	308E149F-F225-9859-A5F2-8C9BB9983D48	FILE_OBJECT_FILE	EVENT_LSEEK	1523030728236113698
52E1C0CA-39B4-11E8-BF66-D9AA8AFF4A69	SUBJECT_PROCESS	308E149F-F225-9859-A5F2-8C9BB9983D48	FILE_OBJECT_FILE	EVENT_LSEEK	1523030728236113698
52E1C0CA-39B4-11E8-BF66-D9AA8AFF4A69	SUBJECT_PROCESS	308E149F-F225-9859-A5F2-8C9BB9983D48	FILE_OBJECT_FILE	EVENT_READ	1523030728236113698
52E1C0CA-39B4-11E8-BF66-D9AA8AFF4A69	SUBJECT_PROCESS	308E149F-F225-9859-A5F2-8C9BB9983D48	FILE_OBJECT_FILE	EVENT_CLOSE	1523030728236113698
52E1C0CA-39B4-11E8-BF66-D9AA8AFF4A69	SUBJECT_PROCESS	52E1C0CA-39B4-11E8-BF66-D9AA8AFF4A69	SUBJECT_PROCESS	EVENT_MODIFY_PROCESS	1523030728236113698
52E1C0CA-39B4-11E8-BF66-D9AA8AFF4A69	SUBJECT_PROCESS	F54E03A9-5D17-BB52-975D-316D32BB2F14	FILE_OBJECT_FILE	EVENT_MODIFY_PROCESS	1523030728236113698
52E1C0CA-39B4-11E8-BF66-D9AA8AFF4A69	SUBJECT_PROCESS	4CB778DB-DCE7-DB58-A7DC-8FBC78DBE81A	FILE_OBJECT_FILE	EVENT_OPEN	1523030728236113698
52E1C0CA-39B4-11E8-BF66-D9AA8AFF4A69	SUBJECT_PROCESS	4CB778DB-DCE7-DB58-A7DC-8FBC78DBE81A	FILE_OBJECT_FILE	EVENT_MODIFY_FILE_ATTRIBUTES	1523030728236113698
52E1C0CA-39B4-11E8-BF66-D9AA8AFF4A69	SUBJECT_PROCESS	4CB778DB-DCE7-DB58-A7DC-8FBC78DBE81A	FILE_OBJECT_FILE	EVENT_CLOSE	1523030728236113698
52E1C0CA-39B4-11E8-BF66-D9AA8AFF4A69	SUBJECT_PROCESS	4CB778DB-DCE7-DB58-A7DC-8FBC78DBE81A	FILE_OBJECT_FILE	EVENT_LINK	1523030728236113698
52E1C0CA-39B4-11E8-BF66-D9AA8AFF4A69	SUBJECT_PROCESS	4CB778DB-DCE7-DB58-A7DC-8FBC78DBE81A	FILE_OBJECT_FILE	EVENT_UNLINK	1523030728236113698
52E1C0CA-39B4-11E8-BF66-D9AA8AFF4A69	SUBJECT_PROCESS	A82BC73F-1CB1-5844-8511-07B020B07A56	UnnamedPipeObject	EVENT_WRITE	1523030728236113698
52C2356B-39B4-11E8-BF66-D9AA8AFF4A69	SUBJECT_PROCESS	A82BC73F-1CB1-5844-8511-07B020B07A56	UnnamedPipeObject	EVENT_READ	1523030728236113698
52C2356B-39B4-11E8-BF66-D9AA8AFF4A69	SUBJECT_PROCESS	234D9DA9-A60B-2A52-8BA6-FAF9C22A33EA	FILE_OBJECT_FILE	EVENT_CLOSE	1523030728236113698
52C2356B-39B4-11E8-BF66-D9AA8AFF4A69	SUBJECT_PROCESS	234D9DA9-A60B-2A52-8BA6-FAF9C22A33EA	FILE_OBJECT_FILE	EVENT_OPEN	1523030728236113698
52C2356B-39B4-11E8-BF66-D9AA8AFF4A69	SUBJECT_PROCESS	234D9DA9-A60B-2A52-8BA6-FAF9C22A33EA	FILE_OBJECT_FILE	EVENT_MODIFY_FILE_ATTRIBUTES	1523030728236113698
52C2356B-39B4-11E8-BF66-D9AA8AFF4A69	SUBJECT_PROCESS	B9A32776-E8FC-5F3E-A25F-03726F57C99B	UnnamedPipeObject	EVENT_WRITE	1523030728236113698
52E1C0CA-39B4-11E8-BF66-D9AA8AFF4A69	SUBJECT_PROCESS	B9A32776-E8FC-5F3E-A25F-03726F57C99B	UnnamedPipeObject	EVENT_READ	1523030728236113698
52C2356B-39B4-11E8-BF66-D9AA8AFF4A69	SUBJECT_PROCESS	A82BC73F-1CB1-5844-8511-07B020B07A56	UnnamedPipeObject	EVENT_CLOSE	1523030728236113698
52E1C0CA-39B4-11E8-BF66-D9AA8AFF4A69	SUBJECT_PROCESS	4CB778DB-DCE7-DB58-A7DC-8FBC78DBE81A	FILE_OBJECT_FILE	EVENT_UNLINK	1523030728236113698
52C2356B-39B4-11E8-BF66-D9AA8AFF4A69	SUBJECT_PROCESS	B9A32776-E8FC-5F3E-A25F-03726F57C99B	UnnamedPipeObject	EVENT_CLOSE	1523030728236113698
72FB0406-3678-11E8-BF66-D9AA8AFF4A69	SUBJECT_PROCESS	52A29A0B-39B4-11E8-BF66-D9AA8AFF4A69	FILE_OBJECT_UNIX_SOCKET	EVENT_CLOSE	1523030728826110725
72FB0406-3678-11E8-BF66-D9AA8AFF4A69	SUBJECT_PROCESS	52A29AA5-39B4-11E8-BF66-D9AA8AFF4A69	FILE_OBJECT_UNIX_SOCKET	EVENT_CLOSE	1523030728826110725
72FB0406-3678-11E8-BF66-D9AA8AFF4A69	SUBJECT_PROCESS	533F23BA-39B4-11E8-BF66-D9AA8AFF4A69	FILE_OBJECT_UNIX_SOCKET	EVENT_CREATE_OBJECT	1523030728826110725
72FB0406-3678-11E8-BF66-D9AA8AFF4A69	SUBJECT_PROCESS	533F2423-39B4-11E8-BF66-D9AA8AFF4A69	FILE_OBJECT_UNIX_SOCKET	EVENT_CREATE_OBJECT	1523030728826110725
72FB0406-3678-11E8-BF66-D9AA8AFF4A69	SUBJECT_PROCESS	533F23BA-39B4-11E8-BF66-D9AA8AFF4A69	FILE_OBJECT_UNIX_SOCKET	EVENT_CLOSE	1523030729806113093
72FB0406-3678-11E8-BF66-D9AA8AFF4A69	SUBJECT_PROCESS	533F2423-39B4-11E8-BF66-D9AA8AFF4A69	FILE_OBJECT_UNIX_SOCKET	EVENT_CLOSE	1523030729806113093
72FB0406-3678-11E8-BF66-D9AA8AFF4A69	SUBJECT_PROCESS	53D3B057-39B4-11E8-BF66-D9AA8AFF4A69	FILE_OBJECT_UNIX_SOCKET	EVENT_CREATE_OBJECT	1523030729806113093
72FB0406-3678-11E8-BF66-D9AA8AFF4A69	SUBJECT_PROCESS	53D3B0BB-39B4-11E8-BF66-D9AA8AFF4A69	FILE_OBJECT_UNIX_SOCKET	EVENT_CREATE_OBJECT	1523030729806113093
72FB0406-3678-11E8-BF66-D9AA8AFF4A69	SUBJECT_PROCESS	53D3B057-39B4-11E8-BF66-D9AA8AFF4A69	FILE_OBJECT_UNIX_SOCKET	EVENT_CLOSE	1523030730806111983
72FB0406-3678-11E8-BF66-D9AA8AFF4A69	SUBJECT_PROCESS	53D3B0BB-39B4-11E8-BF66-D9AA8AFF4A69	FILE_OBJECT_UNIX_SOCKET	EVENT_CLOSE	1523030730806111983
72FB0406-3678-11E8-BF66-D9AA8AFF4A69	SUBJECT_PROCESS	546C47EA-39B4-11E8-BF66-D9AA8AFF4A69	FILE_OBJECT_UNIX_SOCKET	EVENT_CREATE_OBJECT	1523030730806111983
72FB0406-3678-11E8-BF66-D9AA8AFF4A69	SUBJECT_PROCESS	546C484E-39B4-11E8-BF66-D9AA8AFF4A69	FILE_OBJECT_UNIX_SOCKET	EVENT_CREATE_OBJECT	1523030730806111983
72FB0406-3678-11E8-BF66-D9AA8AFF4A69	SUBJECT_PROCESS	546C47EA-39B4-11E8-BF66-D9AA8AFF4A69	FILE_OBJECT_UNIX_SOCKET	EVENT_CLOSE	1523030731806112012
72FB0406-3678-11E8-BF66-D9AA8AFF4A69	SUBJECT_PROCESS	546C484E-39B4-11E8-BF66-D9AA8AFF4A69	FILE_OBJECT_UNIX_SOCKET	EVENT_CLOSE	1523030731806112012
72FB0406-3678-11E8-BF66-D9AA8AFF4A69	SUBJECT_PROCESS	5504E109-39B4-11E8-BF66-D9AA8AFF4A69	FILE_OBJECT_UNIX_SOCKET	EVENT_CREATE_OBJECT	1523030731806112012
72FB0406-3678-11E8-BF66-D9AA8AFF4A69	SUBJECT_PROCESS	5504E171-39B4-11E8-BF66-D9AA8AFF4A69	FILE_OBJECT_UNIX_SOCKET	EVENT_CREATE_OBJECT	1523030731806112012
72FB0406-3678-11E8-BF66-D9AA8AFF4A69	SUBJECT_PROCESS	5504E109-39B4-11E8-BF66-D9AA8AFF4A69	FILE_OBJECT_UNIX_SOCKET	EVENT_CLOSE	1523030732806111942
72FB0406-3678-11E8-BF66-D9AA8AFF4A69	SUBJECT_PROCESS	5504E171-39B4-11E8-BF66-D9AA8AFF4A69	FILE_OBJECT_UNIX_SOCKET	EVENT_CLOSE	1523030732806111942
72FB0406-3678-11E8-BF66-D9AA8AFF4A69	SUBJECT_PROCESS	559D7778-39B4-11E8-BF66-D9AA8AFF4A69	FILE_OBJECT_UNIX_SOCKET	EVENT_CREATE_OBJECT	1523030732806111942
72FB0406-3678-11E8-BF66-D9AA8AFF4A69	SUBJECT_PROCESS	559D77DC-39B4-11E8-BF66-D9AA8AFF4A69	FILE_OBJECT_UNIX_SOCKET	EVENT_CREATE_OBJECT	1523030732806111942
72FB0406-3678-11E8-BF66-D9AA8AFF4A69	SUBJECT_PROCESS	559D7778-39B4-11E8-BF66-D9AA8AFF4A69	FILE_OBJECT_UNIX_SOCKET	EVENT_CLOSE	1523030733806115451
72FB0406-3678-11E8-BF66-D9AA8AFF4A69	SUBJECT_PROCESS	559D77DC-39B4-11E8-BF66-D9AA8AFF4A69	FILE_OBJECT_UNIX_SOCKET	EVENT_CLOSE	1523030733806115451
72FB0406-3678-11E8-BF66-D9AA8AFF4A69	SUBJECT_PROCESS	56360B59-39B4-11E8-BF66-D9AA8AFF4A69	FILE_OBJECT_UNIX_SOCKET	EVENT_CREATE_OBJECT	1523030733806115451
72FB0406-3678-11E8-BF66-D9AA8AFF4A69	SUBJECT_PROCESS	56360BC2-39B4-11E8-BF66-D9AA8AFF4A69	FILE_OBJECT_UNIX_SOCKET	EVENT_CREATE_OBJECT	1523030733806115451
72FB0406-3678-11E8-BF66-D9AA8AFF4A69	SUBJECT_PROCESS	56360B59-39B4-11E8-BF66-D9AA8AFF4A69	FILE_OBJECT_UNIX_SOCKET	EVENT_CLOSE	1523030734806110921
72FB0406-3678-11E8-BF66-D9AA8AFF4A69	SUBJECT_PROCESS	56360BC2-39B4-11E8-BF66-D9AA8AFF4A69	FILE_OBJECT_UNIX_SOCKET	EVENT_CLOSE	1523030734806110921
72FB0406-3678-11E8-BF66-D9AA8AFF4A69	SUBJECT_PROCESS	56CEA3DC-39B4-11E8-BF66-D9AA8AFF4A69	FILE_OBJECT_UNIX_SOCKET	EVENT_CREATE_OBJECT	1523030734806110921
72FB0406-3678-11E8-BF66-D9AA8AFF4A69	SUBJECT_PROCESS	56CEA443-39B4-11E8-BF66-D9AA8AFF4A69	FILE_OBJECT_UNIX_SOCKET	EVENT_CREATE_OBJECT	1523030734806110921
72FB0406-3678-11E8-BF66-D9AA8AFF4A69	SUBJECT_PROCESS	56CEA3DC-39B4-11E8-BF66-D9AA8AFF4A69	FILE_OBJECT_UNIX_SOCKET	EVENT_CLOSE	1523030735816112402
72FB0406-3678-11E8-BF66-D9AA8AFF4A69	SUBJECT_PROCESS	56CEA443-39B4-11E8-BF66-D9AA8AFF4A69	FILE_OBJECT_UNIX_SOCKET	EVENT_CLOSE	1523030735816112402
72FB0406-3678-11E8-BF66-D9AA8AFF4A69	SUBJECT_PROCESS	5768F336-39B4-11E8-BF66-D9AA8AFF4A69	FILE_OBJECT_UNIX_SOCKET	EVENT_CREATE_OBJECT	1523030735816112402
72FB0406-3678-11E8-BF66-D9AA8AFF4A69	SUBJECT_PROCESS	5768F3D2-39B4-11E8-BF66-D9AA8AFF4A69	FILE_OBJECT_UNIX_SOCKET	EVENT_CREATE_OBJECT	1523030735816112402
72FB0406-3678-11E8-BF66-D9AA8AFF4A69	SUBJECT_PROCESS	5768F336-39B4-11E8-BF66-D9AA8AFF4A69	FILE_OBJECT_UNIX_SOCKET	EVENT_CLOSE	1523030736806110291
72FB0406-3678-11E8-BF66-D9AA8AFF4A69	SUBJECT_PROCESS	5768F3D2-39B4-11E8-BF66-D9AA8AFF4A69	FILE_OBJECT_UNIX_SOCKET	EVENT_CLOSE	1523030736806110291
72FB0406-3678-11E8-BF66-D9AA8AFF4A69	SUBJECT_PROCESS	57FFF19B-39B4-11E8-BF66-D9AA8AFF4A69	FILE_OBJECT_UNIX_SOCKET	EVENT_CREATE_OBJECT	1523030736806110291
72FB0406-3678-11E8-BF66-D9AA8AFF4A69	SUBJECT_PROCESS	57FFF203-39B4-11E8-BF66-D9AA8AFF4A69	FILE_OBJECT_UNIX_SOCKET	EVENT_CREATE_OBJECT	1523030736806110291
15B8D392-39B3-11E8-BF66-D9AA8AFF4A69	SUBJECT_PROCESS	15B8BB8C-39B3-11E8-BF66-D9AA8AFF4A69	NetFlowObject	EVENT_WRITE	1523030737076112972
15B8D392-39B3-11E8-BF66-D9AA8AFF4A69	SUBJECT_PROCESS	15B8BB8C-39B3-11E8-BF66-D9AA8AFF4A69	NetFlowObject	EVENT_READ	1523030737076112972
15B8D392-39B3-11E8-BF66-D9AA8AFF4A69	SUBJECT_PROCESS	15B8BB8C-39B3-11E8-BF66-D9AA8AFF4A69	NetFlowObject	EVENT_WRITE	1523030737076112972
15B8D392-39B3-11E8-BF66-D9AA8AFF4A69	SUBJECT_PROCESS	15B8BB8C-39B3-11E8-BF66-D9AA8AFF4A69	NetFlowObject	EVENT_READ	1523030737076112972
15B8D392-39B3-11E8-BF66-D9AA8AFF4A69	SUBJECT_PROCESS	15B8BB8C-39B3-11E8-BF66-D9AA8AFF4A69	NetFlowObject	EVENT_WRITE	1523030737076112972
15B8D392-39B3-11E8-BF66-D9AA8AFF4A69	SUBJECT_PROCESS	15B8BB8C-39B3-11E8-BF66-D9AA8AFF4A69	NetFlowObject	EVENT_READ	1523030737076112972
15B8D392-39B3-11E8-BF66-D9AA8AFF4A69	SUBJECT_PROCESS	15B8BB8C-39B3-11E8-BF66-D9AA8AFF4A69	NetFlowObject	EVENT_WRITE	1523030737076112972
15B8D392-39B3-11E8-BF66-D9AA8AFF4A69	SUBJECT_PROCESS	15B8BB8C-39B3-11E8-BF66-D9AA8AFF4A69	NetFlowObject	EVENT_READ	1523030737076112972
15B8D392-39B3-11E8-BF66-D9AA8AFF4A69	SUBJECT_PROCESS	15B8BB8C-39B3-11E8-BF66-D9AA8AFF4A69	NetFlowObject	EVENT_WRITE	1523030737076112972
72FB0406-3678-11E8-BF66-D9AA8AFF4A69	SUBJECT_PROCESS	57FFF19B-39B4-11E8-BF66-D9AA8AFF4A69	FILE_OBJECT_UNIX_SOCKET	EVENT_CLOSE	1523030737806113220
72FB0406-3678-11E8-BF66-D9AA8AFF4A69	SUBJECT_PROCESS	57FFF203-39B4-11E8-BF66-D9AA8AFF4A69	FILE_OBJECT_UNIX_SOCKET	EVENT_CLOSE	1523030737806113220
72FB0406-3678-11E8-BF66-D9AA8AFF4A69	SUBJECT_PROCESS	58987FB3-39B4-11E8-BF66-D9AA8AFF4A69	FILE_OBJECT_UNIX_SOCKET	EVENT_CREATE_OBJECT	1523030737806113220
72FB0406-3678-11E8-BF66-D9AA8AFF4A69	SUBJECT_PROCESS	58988053-39B4-11E8-BF66-D9AA8AFF4A69	FILE_OBJECT_UNIX_SOCKET	EVENT_CREATE_OBJECT	1523030737806113220
72FB0406-3678-11E8-BF66-D9AA8AFF4A69	SUBJECT_PROCESS	58987FB3-39B4-11E8-BF66-D9AA8AFF4A69	FILE_OBJECT_UNIX_SOCKET	EVENT_CLOSE	1523030738816113301
72FB0406-3678-11E8-BF66-D9AA8AFF4A69	SUBJECT_PROCESS	58988053-39B4-11E8-BF66-D9AA8AFF4A69	FILE_OBJECT_UNIX_SOCKET	EVENT_CLOSE	1523030738816113301
72FB0406-3678-11E8-BF66-D9AA8AFF4A69	SUBJECT_PROCESS	59328586-39B4-11E8-BF66-D9AA8AFF4A69	FILE_OBJECT_UNIX_SOCKET	EVENT_CREATE_OBJECT	1523030738816113301
72FB0406-3678-11E8-BF66-D9AA8AFF4A69	SUBJECT_PROCESS	59328671-39B4-11E8-BF66-D9AA8AFF4A69	FILE_OBJECT_UNIX_SOCKET	EVENT_CREATE_OBJECT	1523030738816113301
72FB0406-3678-11E8-BF66-D9AA8AFF4A69	SUBJECT_PROCESS	59328586-39B4-11E8-BF66-D9AA8AFF4A69	FILE_OBJECT_UNIX_SOCKET	EVENT_CLOSE	1523030739816112180
72FB0406-3678-11E8-BF66-D9AA8AFF4A69	SUBJECT_PROCESS	59328671-39B4-11E8-BF66-D9AA8AFF4A69	FILE_OBJECT_UNIX_SOCKET	EVENT_CLOSE	1523030739816112180
72FB0406-3678-11E8-BF66-D9AA8AFF4A69	SUBJECT_PROCESS	59CB47AF-39B4-11E8-BF66-D9AA8AFF4A69	FILE_OBJECT_UNIX_SOCKET	EVENT_CREATE_OBJECT	1523030739816112180
72FB0406-3678-11E8-BF66-D9AA8AFF4A69	SUBJECT_PROCESS	59CB4815-39B4-11E8-BF66-D9AA8AFF4A69	FILE_OBJECT_UNIX_SOCKET	EVENT_CREATE_OBJECT	1523030739816112180
72FB0406-3678-11E8-BF66-D9AA8AFF4A69	SUBJECT_PROCESS	59CB47AF-39B4-11E8-BF66-D9AA8AFF4A69	FILE_OBJECT_UNIX_SOCKET	EVENT_CLOSE	1523030740806110449
72FB0406-3678-11E8-BF66-D9AA8AFF4A69	SUBJECT_PROCESS	59CB4815-39B4-11E8-BF66-D9AA8AFF4A69	FILE_OBJECT_UNIX_SOCKET	EVENT_CLOSE	1523030740806110449
72FB0406-3678-11E8-BF66-D9AA8AFF4A69	SUBJECT_PROCESS	5A624135-39B4-11E8-BF66-D9AA8AFF4A69	FILE_OBJECT_UNIX_SOCKET	EVENT_CREATE_OBJECT	1523030740806110449
72FB0406-3678-11E8-BF66-D9AA8AFF4A69	SUBJECT_PROCESS	5A6241A1-39B4-11E8-BF66-D9AA8AFF4A69	FILE_OBJECT_UNIX_SOCKET	EVENT_CREATE_OBJECT	1523030740806110449
72FB0406-3678-11E8-BF66-D9AA8AFF4A69	SUBJECT_PROCESS	5A624135-39B4-11E8-BF66-D9AA8AFF4A69	FILE_OBJECT_UNIX_SOCKET	EVENT_CLOSE	1523030741806113268
72FB0406-3678-11E8-BF66-D9AA8AFF4A69	SUBJECT_PROCESS	5A6241A1-39B4-11E8-BF66-D9AA8AFF4A69	FILE_OBJECT_UNIX_SOCKET	EVENT_CLOSE	1523030741806113268
72FB0406-3678-11E8-BF66-D9AA8AFF4A69	SUBJECT_PROCESS	5AFAD82A-39B4-11E8-BF66-D9AA8AFF4A69	FILE_OBJECT_UNIX_SOCKET	EVENT_CREATE_OBJECT	1523030741806113268
72FB0406-3678-11E8-BF66-D9AA8AFF4A69	SUBJECT_PROCESS	5AFAD8DE-39B4-11E8-BF66-D9AA8AFF4A69	FILE_OBJECT_UNIX_SOCKET	EVENT_CREATE_OBJECT	1523030741806113268
72FB0406-3678-11E8-BF66-D9AA8AFF4A69	SUBJECT_PROCESS	5AFAD82A-39B4-11E8-BF66-D9AA8AFF4A69	FILE_OBJECT_UNIX_SOCKET	EVENT_CLOSE	1523030742816113139
72FB0406-3678-11E8-BF66-D9AA8AFF4A69	SUBJECT_PROCESS	5AFAD8DE-39B4-11E8-BF66-D9AA8AFF4A69	FILE_OBJECT_UNIX_SOCKET	EVENT_CLOSE	1523030742816113139
72FB0406-3678-11E8-BF66-D9AA8AFF4A69	SUBJECT_PROCESS	5B94E2E5-39B4-11E8-BF66-D9AA8AFF4A69	FILE_OBJECT_UNIX_SOCKET	EVENT_CREATE_OBJECT	1523030742816113139
72FB0406-3678-11E8-BF66-D9AA8AFF4A69	SUBJECT_PROCESS	5B94E34D-39B4-11E8-BF66-D9AA8AFF4A69	FILE_OBJECT_UNIX_SOCKET	EVENT_CREATE_OBJECT	1523030742816113139
72FB0406-3678-11E8-BF66-D9AA8AFF4A69	SUBJECT_PROCESS	5B94E2E5-39B4-11E8-BF66-D9AA8AFF4A69	FILE_OBJECT_UNIX_SOCKET	EVENT_CLOSE	1523030743806114158
72FB0406-3678-11E8-BF66-D9AA8AFF4A69	SUBJECT_PROCESS	5B94E34D-39B4-11E8-BF66-D9AA8AFF4A69	FILE_OBJECT_UNIX_SOCKET	EVENT_CLOSE	1523030743806114158
72FB0406-3678-11E8-BF66-D9AA8AFF4A69	SUBJECT_PROCESS	5C2BF234-39B4-11E8-BF66-D9AA8AFF4A69	FILE_OBJECT_UNIX_SOCKET	EVENT_CREATE_OBJECT	1523030743806114158
72FB0406-3678-11E8-BF66-D9AA8AFF4A69	SUBJECT_PROCESS	5C2BF29B-39B4-11E8-BF66-D9AA8AFF4A69	FILE_OBJECT_UNIX_SOCKET	EVENT_CREATE_OBJECT	1523030743806114158
72FB0406-3678-11E8-BF66-D9AA8AFF4A69	SUBJECT_PROCESS	5C2BF234-39B4-11E8-BF66-D9AA8AFF4A69	FILE_OBJECT_UNIX_SOCKET	EVENT_CLOSE	1523030744816112938
72FB0406-3678-11E8-BF66-D9AA8AFF4A69	SUBJECT_PROCESS	5C2BF29B-39B4-11E8-BF66-D9AA8AFF4A69	FILE_OBJECT_UNIX_SOCKET	EVENT_CLOSE	1523030744816112938
72FB0406-3678-11E8-BF66-D9AA8AFF4A69	SUBJECT_PROCESS	5CC63A36-39B4-11E8-BF66-D9AA8AFF4A69	FILE_OBJECT_UNIX_SOCKET	EVENT_CREATE_OBJECT	1523030744816112938
72FB0406-3678-11E8-BF66-D9AA8AFF4A69	SUBJECT_PROCESS	5CC63AE2-39B4-11E8-BF66-D9AA8AFF4A69	FILE_OBJECT_UNIX_SOCKET	EVENT_CREATE_OBJECT	1523030744816112938
72FB0406-3678-11E8-BF66-D9AA8AFF4A69	SUBJECT_PROCESS	5CC63A36-39B4-11E8-BF66-D9AA8AFF4A69	FILE_OBJECT_UNIX_SOCKET	EVENT_CLOSE	1523030745806113667
72FB0406-3678-11E8-BF66-D9AA8AFF4A69	SUBJECT_PROCESS	5CC63AE2-39B4-11E8-BF66-D9AA8AFF4A69	FILE_OBJECT_UNIX_SOCKET	EVENT_CLOSE	1523030745806113667
72FB0406-3678-11E8-BF66-D9AA8AFF4A69	SUBJECT_PROCESS	5D5D1EA3-39B4-11E8-BF66-D9AA8AFF4A69	FILE_OBJECT_UNIX_SOCKET	EVENT_CREATE_OBJECT	1523030745806113667
72FB0406-3678-11E8-BF66-D9AA8AFF4A69	SUBJECT_PROCESS	5D5D1F0C-39B4-11E8-BF66-D9AA8AFF4A69	FILE_OBJECT_UNIX_SOCKET	EVENT_CREATE_OBJECT	1523030745806113667
F7496C26-383C-11E8-BF66-D9AA8AFF4A69	SUBJECT_PROCESS	F74953D1-383C-11E8-BF66-D9AA8AFF4A69	NetFlowObject	EVENT_WRITE	1523030746596112000
F7496C26-383C-11E8-BF66-D9AA8AFF4A69	SUBJECT_PROCESS	F74953D1-383C-11E8-BF66-D9AA8AFF4A69	NetFlowObject	EVENT_READ	1523030746596112000
F7496C26-383C-11E8-BF66-D9AA8AFF4A69	SUBJECT_PROCESS	F74953D1-383C-11E8-BF66-D9AA8AFF4A69	NetFlowObject	EVENT_WRITE	1523030746596112000
F7496C26-383C-11E8-BF66-D9AA8AFF4A69	SUBJECT_PROCESS	F74953D1-383C-11E8-BF66-D9AA8AFF4A69	NetFlowObject	EVENT_READ	1523030746596112000
F7496C26-383C-11E8-BF66-D9AA8AFF4A69	SUBJECT_PROCESS	F74953D1-383C-11E8-BF66-D9AA8AFF4A69	NetFlowObject	EVENT_WRITE	1523030746596112000
F7496C26-383C-11E8-BF66-D9AA8AFF4A69	SUBJECT_PROCESS	F74953D1-383C-11E8-BF66-D9AA8AFF4A69	NetFlowObject	EVENT_READ	1523030746596112000
F7496C26-383C-11E8-BF66-D9AA8AFF4A69	SUBJECT_PROCESS	F74953D1-383C-11E8-BF66-D9AA8AFF4A69	NetFlowObject	EVENT_WRITE	1523030746596112000
F7496C26-383C-11E8-BF66-D9AA8AFF4A69	SUBJECT_PROCESS	F74953D1-383C-11E8-BF66-D9AA8AFF4A69	NetFlowObject	EVENT_READ	1523030746606111251
F7496C26-383C-11E8-BF66-D9AA8AFF4A69	SUBJECT_PROCESS	F74953D1-383C-11E8-BF66-D9AA8AFF4A69	NetFlowObject	EVENT_WRITE	1523030746606111251
72FB0406-3678-11E8-BF66-D9AA8AFF4A69	SUBJECT_PROCESS	5D5D1EA3-39B4-11E8-BF66-D9AA8AFF4A69	FILE_OBJECT_UNIX_SOCKET	EVENT_CLOSE	1523030746806114907
72FB0406-3678-11E8-BF66-D9AA8AFF4A69	SUBJECT_PROCESS	5D5D1F0C-39B4-11E8-BF66-D9AA8AFF4A69	FILE_OBJECT_UNIX_SOCKET	EVENT_CLOSE	1523030746806114907
72FB0406-3678-11E8-BF66-D9AA8AFF4A69	SUBJECT_PROCESS	5DF5B770-39B4-11E8-BF66-D9AA8AFF4A69	FILE_OBJECT_UNIX_SOCKET	EVENT_CREATE_OBJECT	1523030746806114907
72FB0406-3678-11E8-BF66-D9AA8AFF4A69	SUBJECT_PROCESS	5DF5B7DF-39B4-11E8-BF66-D9AA8AFF4A69	FILE_OBJECT_UNIX_SOCKET	EVENT_CREATE_OBJECT	1523030746806114907
72FB0406-3678-11E8-BF66-D9AA8AFF4A69	SUBJECT_PROCESS	5DF5B770-39B4-11E8-BF66-D9AA8AFF4A69	FILE_OBJECT_UNIX_SOCKET	EVENT_CLOSE	1523030747806111486
72FB0406-3678-11E8-BF66-D9AA8AFF4A69	SUBJECT_PROCESS	5DF5B7DF-39B4-11E8-BF66-D9AA8AFF4A69	FILE_OBJECT_UNIX_SOCKET	EVENT_CLOSE	1523030747806111486
72FB0406-3678-11E8-BF66-D9AA8AFF4A69	SUBJECT_PROCESS	5E8E49B7-39B4-11E8-BF66-D9AA8AFF4A69	FILE_OBJECT_UNIX_SOCKET	EVENT_CREATE_OBJECT	1523030747806111486
72FB0406-3678-11E8-BF66-D9AA8AFF4A69	SUBJECT_PROCESS	5E8E4A24-39B4-11E8-BF66-D9AA8AFF4A69	FILE_OBJECT_UNIX_SOCKET	EVENT_CREATE_OBJECT	1523030747806111486
3CA32B5B-39B4-11E8-BF66-D9AA8AFF4A69	SUBJECT_PROCESS	3CA32B5B-39B4-11E8-BF66-D9AA8AFF4A69	SUBJECT_PROCESS	EVENT_EXIT	1523030747926110746
D59C58B7-373D-11E8-BF66-D9AA8AFF4A69	SUBJECT_PROCESS	5EA0A154-39B4-11E8-BF66-D9AA8AFF4A69	SUBJECT_PROCESS	EVENT_FORK	1523030747926110746
5EA0A154-39B4-11E8-BF66-D9AA8AFF4A69	SUBJECT_PROCESS	CC349957-3DA4-8E5E-A43D-C7740E8ECAA9	FILE_OBJECT_FILE	EVENT_CLOSE	1523030747926110746
5EA0A154-39B4-11E8-BF66-D9AA8AFF4A69	SUBJECT_PROCESS	4D344F9D-3989-8550-8939-91A3B085C709	FILE_OBJECT_FILE	EVENT_OPEN	1523030747926110746
5EA0A154-39B4-11E8-BF66-D9AA8AFF4A69	SUBJECT_PROCESS	4D344F9D-3989-8550-8939-91A3B085C709	FILE_OBJECT_FILE	EVENT_CLOSE	1523030747926110746
5EA0A154-39B4-11E8-BF66-D9AA8AFF4A69	SUBJECT_PROCESS	330061CF-6BB3-C45E-B36B-B89D7EC4F443	FILE_OBJECT_FILE	EVENT_EXECUTE	1523030747926110746
5EA0A154-39B4-11E8-BF66-D9AA8AFF4A69	SUBJECT_PROCESS	7A350F75-9945-425D-8599-15CEBD426F06	FILE_OBJECT_FILE	EVENT_EXECUTE	1523030747926110746
5EA0A154-39B4-11E8-BF66-D9AA8AFF4A69	SUBJECT_PROCESS	51110606-D232-9652-B2D2-3A7242968F8A	FILE_OBJECT_FILE	EVENT_OPEN	1523030747926110746
5EA0A154-39B4-11E8-BF66-D9AA8AFF4A69	SUBJECT_PROCESS	51110606-D232-9652-B2D2-3A7242968F8A	FILE_OBJECT_FILE	EVENT_READ	1523030747926110746
5EA0A154-39B4-11E8-BF66-D9AA8AFF4A69	SUBJECT_PROCESS	51110606-D232-9652-B2D2-3A7242968F8A	FILE_OBJECT_FILE	EVENT_CLOSE	1523030747926110746
5EA0A154-39B4-11E8-BF66-D9AA8AFF4A69	SUBJECT_PROCESS	8A44F292-648B-7854-8B64-00F954785A79	FILE_OBJECT_FILE	EVENT_OPEN	1523030747926110746
5EA0A154-39B4-11E8-BF66-D9AA8AFF4A69	SUBJECT_PROCESS	8A44F292-648B-7854-8B64-00F954785A79	FILE_OBJECT_FILE	EVENT_READ	1523030747926110746
5EA0A154-39B4-11E8-BF66-D9AA8AFF4A69	SUBJECT_PROCESS	8A44F292-648B-7854-8B64-00F954785A79	FILE_OBJECT_FILE	EVENT_READ	1523030747926110746
5EA0A154-39B4-11E8-BF66-D9AA8AFF4A69	SUBJECT_PROCESS	8A44F292-648B-7854-8B64-00F954785A79	FILE_OBJECT_FILE	EVENT_CLOSE	1523030747926110746
5EA0A154-39B4-11E8-BF66-D9AA8AFF4A69	SUBJECT_PROCESS	FC2CA9A1-1BCF-8B57-8F1B-A854778B9026	FILE_OBJECT_FILE	EVENT_OPEN	1523030747926110746
5EA0A154-39B4-11E8-BF66-D9AA8AFF4A69	SUBJECT_PROCESS	FC2CA9A1-1BCF-8B57-8F1B-A854778B9026	FILE_OBJECT_FILE	EVENT_MMAP	1523030747926110746
5EA0A154-39B4-11E8-BF66-D9AA8AFF4A69	SUBJECT_PROCESS	FC2CA9A1-1BCF-8B57-8F1B-A854778B9026	FILE_OBJECT_FILE	EVENT_MMAP	1523030747926110746
5EA0A154-39B4-11E8-BF66-D9AA8AFF4A69	SUBJECT_PROCESS	FC2CA9A1-1BCF-8B57-8F1B-A854778B9026	FILE_OBJECT_FILE	EVENT_MMAP	1523030747926110746
5EA0A154-39B4-11E8-BF66-D9AA8AFF4A69	SUBJECT_PROCESS	FC2CA9A1-1BCF-8B57-8F1B-A854778B9026	FILE_OBJECT_FILE	EVENT_MMAP	1523030747926110746
5EA0A154-39B4-11E8-BF66-D9AA8AFF4A69	SUBJECT_PROCESS	FC2CA9A1-1BCF-8B57-8F1B-A854778B9026	FILE_OBJECT_FILE	EVENT_MMAP	1523030747926110746
5EA0A154-39B4-11E8-BF66-D9AA8AFF4A69	SUBJECT_PROCESS	FC2CA9A1-1BCF-8B57-8F1B-A854778B9026	FILE_OBJECT_FILE	EVENT_MMAP	1523030747926110746
5EA0A154-39B4-11E8-BF66-D9AA8AFF4A69	SUBJECT_PROCESS	FC2CA9A1-1BCF-8B57-8F1B-A854778B9026	FILE_OBJECT_FILE	EVENT_CLOSE	1523030747926110746
5EA0A154-39B4-11E8-BF66-D9AA8AFF4A69	SUBJECT_PROCESS	718F288D-A702-1B5D-82A7-80807D1BB326	FILE_OBJECT_FILE	EVENT_OPEN	1523030747926110746
5EA0A154-39B4-11E8-BF66-D9AA8AFF4A69	SUBJECT_PROCESS	718F288D-A702-1B5D-82A7-80807D1BB326	FILE_OBJECT_FILE	EVENT_MMAP	1523030747926110746
5EA0A154-39B4-11E8-BF66-D9AA8AFF4A69	SUBJECT_PROCESS	718F288D-A702-1B5D-82A7-80807D1BB326	FILE_OBJECT_FILE	EVENT_MMAP	1523030747926110746
5EA0A154-39B4-11E8-BF66-D9AA8AFF4A69	SUBJECT_PROCESS	718F288D-A702-1B5D-82A7-80807D1BB326	FILE_OBJECT_FILE	EVENT_MMAP	1523030747936110927
5EA0A154-39B4-11E8-BF66-D9AA8AFF4A69	SUBJECT_PROCESS	718F288D-A702-1B5D-82A7-80807D1BB326	FILE_OBJECT_FILE	EVENT_MMAP	1523030747936110927
5EA0A154-39B4-11E8-BF66-D9AA8AFF4A69	SUBJECT_PROCESS	718F288D-A702-1B5D-82A7-80807D1BB326	FILE_OBJECT_FILE	EVENT_MMAP	1523030747936110927
5EA0A154-39B4-11E8-BF66-D9AA8AFF4A69	SUBJECT_PROCESS	718F288D-A702-1B5D-82A7-80807D1BB326	FILE_OBJECT_FILE	EVENT_MMAP	1523030747936110927
5EA0A154-39B4-11E8-BF66-D9AA8AFF4A69	SUBJECT_PROCESS	718F288D-A702-1B5D-82A7-80807D1BB326	FILE_OBJECT_FILE	EVENT_CLOSE	1523030747936110927
5EA0A154-39B4-11E8-BF66-D9AA8AFF4A69	SUBJECT_PROCESS	4F909471-32BE-7C54-BE32-1D05C47CA876	FILE_OBJECT_FILE	EVENT_OPEN	1523030747936110927
5EA0A154-39B4-11E8-BF66-D9AA8AFF4A69	SUBJECT_PROCESS	4F909471-32BE-7C54-BE32-1D05C47CA876	FILE_OBJECT_FILE	EVENT_MMAP	1523030747936110927
5EA0A154-39B4-11E8-BF66-D9AA8AFF4A69	SUBJECT_PROCESS	4F909471-32BE-7C54-BE32-1D05C47CA876	FILE_OBJECT_FILE	EVENT_MMAP	1523030747936110927
5EA0A154-39B4-11E8-BF66-D9AA8AFF4A69	SUBJECT_PROCESS	4F909471-32BE-7C54-BE32-1D05C47CA876	FILE_OBJECT_FILE	EVENT_MMAP	1523030747936110927
5EA0A154-39B4-11E8-BF66-D9AA8AFF4A69	SUBJECT_PROCESS	4F909471-32BE-7C54-BE32-1D05C47CA876	FILE_OBJECT_FILE	EVENT_MMAP	1523030747936110927
5EA0A154-39B4-11E8-BF66-D9AA8AFF4A69	SUBJECT_PROCESS	4F909471-32BE-7C54-BE32-1D05C47CA876	FILE_OBJECT_FILE	EVENT_MMAP	1523030747936110927
5EA0A154-39B4-11E8-BF66-D9AA8AFF4A69	SUBJECT_PROCESS	4F909471-32BE-7C54-BE32-1D05C47CA876	FILE_OBJECT_FILE	EVENT_MMAP	1523030747936110927
5EA0A154-39B4-11E8-BF66-D9AA8AFF4A69	SUBJECT_PROCESS	4F909471-32BE-7C54-BE32-1D05C47CA876	FILE_OBJECT_FILE	EVENT_CLOSE	1523030747936110927
5EA0A154-39B4-11E8-BF66-D9AA8AFF4A69	SUBJECT_PROCESS	0905A02C-D979-5D57-B9D9-F12D475D7A9B	FILE_OBJECT_FILE	EVENT_OPEN	1523030747936110927
5EA0A154-39B4-11E8-BF66-D9AA8AFF4A69	SUBJECT_PROCESS	0905A02C-D979-5D57-B9D9-F12D475D7A9B	FILE_OBJECT_FILE	EVENT_MMAP	1523030747936110927
5EA0A154-39B4-11E8-BF66-D9AA8AFF4A69	SUBJECT_PROCESS	0905A02C-D979-5D57-B9D9-F12D475D7A9B	FILE_OBJECT_FILE	EVENT_MMAP	1523030747936110927
5EA0A154-39B4-11E8-BF66-D9AA8AFF4A69	SUBJECT_PROCESS	0905A02C-D979-5D57-B9D9-F12D475D7A9B	FILE_OBJECT_FILE	EVENT_MMAP	1523030747936110927
5EA0A154-39B4-11E8-BF66-D9AA8AFF4A69	SUBJECT_PROCESS	0905A02C-D979-5D57-B9D9-F12D475D7A9B	FILE_OBJECT_FILE	EVENT_MMAP	1523030747936110927
5EA0A154-39B4-11E8-BF66-D9AA8AFF4A69	SUBJECT_PROCESS	0905A02C-D979-5D57-B9D9-F12D475D7A9B	FILE_OBJECT_FILE	EVENT_MMAP	1523030747936110927
5EA0A154-39B4-11E8-BF66-D9AA8AFF4A69	SUBJECT_PROCESS	0905A02C-D979-5D57-B9D9-F12D475D7A9B	FILE_OBJECT_FILE	EVENT_MMAP	1523030747936110927
5EA0A154-39B4-11E8-BF66-D9AA8AFF4A69	SUBJECT_PROCESS	0905A02C-D979-5D57-B9D9-F12D475D7A9B	FILE_OBJECT_FILE	EVENT_CLOSE	1523030747936110927
5EA0A154-39B4-11E8-BF66-D9AA8AFF4A69	SUBJECT_PROCESS	9FF334BB-9072-D756-B290-556656D73728	FILE_OBJECT_FILE	EVENT_OPEN	1523030747936110927
5EA0A154-39B4-11E8-BF66-D9AA8AFF4A69	SUBJECT_PROCESS	9FF334BB-9072-D756-B290-556656D73728	FILE_OBJECT_FILE	EVENT_MMAP	1523030747936110927
5EA0A154-39B4-11E8-BF66-D9AA8AFF4A69	SUBJECT_PROCESS	9FF334BB-9072-D756-B290-556656D73728	FILE_OBJECT_FILE	EVENT_MMAP	1523030747936110927
5EA0A154-39B4-11E8-BF66-D9AA8AFF4A69	SUBJECT_PROCESS	9FF334BB-9072-D756-B290-556656D73728	FILE_OBJECT_FILE	EVENT_MMAP	1523030747936110927
5EA0A154-39B4-11E8-BF66-D9AA8AFF4A69	SUBJECT_PROCESS	9FF334BB-9072-D756-B290-556656D73728	FILE_OBJECT_FILE	EVENT_MMAP	1523030747936110927
5EA0A154-39B4-11E8-BF66-D9AA8AFF4A69	SUBJECT_PROCESS	9FF334BB-9072-D756-B290-556656D73728	FILE_OBJECT_FILE	EVENT_MMAP	1523030747936110927
5EA0A154-39B4-11E8-BF66-D9AA8AFF4A69	SUBJECT_PROCESS	9FF334BB-9072-D756-B290-556656D73728	FILE_OBJECT_FILE	EVENT_MMAP	1523030747936110927
5EA0A154-39B4-11E8-BF66-D9AA8AFF4A69	SUBJECT_PROCESS	9FF334BB-9072-D756-B290-556656D73728	FILE_OBJECT_FILE	EVENT_CLOSE	1523030747936110927
5EA0A154-39B4-11E8-BF66-D9AA8AFF4A69	SUBJECT_PROCESS	76A739B1-A13E-FD50-BEA1-B218A0FD0400	FILE_OBJECT_FILE	EVENT_OPEN	1523030747936110927
5EA0A154-39B4-11E8-BF66-D9AA8AFF4A69	SUBJECT_PROCESS	76A739B1-A13E-FD50-BEA1-B218A0FD0400	FILE_OBJECT_FILE	EVENT_MMAP	1523030747946115997
5EA0A154-39B4-11E8-BF66-D9AA8AFF4A69	SUBJECT_PROCESS	76A739B1-A13E-FD50-BEA1-B218A0FD0400	FILE_OBJECT_FILE	EVENT_MMAP	1523030747946115997
5EA0A154-39B4-11E8-BF66-D9AA8AFF4A69	SUBJECT_PROCESS	76A739B1-A13E-FD50-BEA1-B218A0FD0400	FILE_OBJECT_FILE	EVENT_MMAP	1523030747946115997
5EA0A154-39B4-11E8-BF66-D9AA8AFF4A69	SUBJECT_PROCESS	76A739B1-A13E-FD50-BEA1-B218A0FD0400	FILE_OBJECT_FILE	EVENT_MMAP	1523030747946115997
5EA0A154-39B4-11E8-BF66-D9AA8AFF4A69	SUBJECT_PROCESS	76A739B1-A13E-FD50-BEA1-B218A0FD0400	FILE_OBJECT_FILE	EVENT_MMAP	1523030747946115997
5EA0A154-39B4-11E8-BF66-D9AA8AFF4A69	SUBJECT_PROCESS	76A739B1-A13E-FD50-BEA1-B218A0FD0400	FILE_OBJECT_FILE	EVENT_MMAP	1523030747946115997
5EA0A154-39B4-11E8-BF66-D9AA8AFF4A69	SUBJECT_PROCESS	76A739B1-A13E-FD50-BEA1-B218A0FD0400	FILE_OBJECT_FILE	EVENT_CLOSE	1523030747946115997
5EA0A154-39B4-11E8-BF66-D9AA8AFF4A69	SUBJECT_PROCESS	F29977F6-07A2-935B-A207-C4871B93FE07	FILE_OBJECT_FILE	EVENT_OPEN	1523030747946115997
5EA0A154-39B4-11E8-BF66-D9AA8AFF4A69	SUBJECT_PROCESS	F29977F6-07A2-935B-A207-C4871B93FE07	FILE_OBJECT_FILE	EVENT_MMAP	1523030747946115997
5EA0A154-39B4-11E8-BF66-D9AA8AFF4A69	SUBJECT_PROCESS	F29977F6-07A2-935B-A207-C4871B93FE07	FILE_OBJECT_FILE	EVENT_MMAP	1523030747946115997
5EA0A154-39B4-11E8-BF66-D9AA8AFF4A69	SUBJECT_PROCESS	F29977F6-07A2-935B-A207-C4871B93FE07	FILE_OBJECT_FILE	EVENT_MMAP	1523030747946115997
5EA0A154-39B4-11E8-BF66-D9AA8AFF4A69	SUBJECT_PROCESS	F29977F6-07A2-935B-A207-C4871B93FE07	FILE_OBJECT_FILE	EVENT_MMAP	1523030747946115997
5EA0A154-39B4-11E8-BF66-D9AA8AFF4A69	SUBJECT_PROCESS	F29977F6-07A2-935B-A207-C4871B93FE07	FILE_OBJECT_FILE	EVENT_MMAP	1523030747946115997
5EA0A154-39B4-11E8-BF66-D9AA8AFF4A69	SUBJECT_PROCESS	F29977F6-07A2-935B-A207-C4871B93FE07	FILE_OBJECT_FILE	EVENT_MMAP	1523030747946115997
5EA0A154-39B4-11E8-BF66-D9AA8AFF4A69	SUBJECT_PROCESS	F29977F6-07A2-935B-A207-C4871B93FE07	FILE_OBJECT_FILE	EVENT_CLOSE	1523030747946115997
5EA0A154-39B4-11E8-BF66-D9AA8AFF4A69	SUBJECT_PROCESS	F410BE96-4C0C-765E-8C4C-6F0E2E760020	FILE_OBJECT_FILE	EVENT_OPEN	1523030747946115997
5EA0A154-39B4-11E8-BF66-D9AA8AFF4A69	SUBJECT_PROCESS	F410BE96-4C0C-765E-8C4C-6F0E2E760020	FILE_OBJECT_FILE	EVENT_MMAP	1523030747946115997
5EA0A154-39B4-11E8-BF66-D9AA8AFF4A69	SUBJECT_PROCESS	F410BE96-4C0C-765E-8C4C-6F0E2E760020	FILE_OBJECT_FILE	EVENT_MMAP	1523030747946115997
5EA0A154-39B4-11E8-BF66-D9AA8AFF4A69	SUBJECT_PROCESS	F410BE96-4C0C-765E-8C4C-6F0E2E760020	FILE_OBJECT_FILE	EVENT_CLOSE	1523030747946115997
5EA0A154-39B4-11E8-BF66-D9AA8AFF4A69	SUBJECT_PROCESS	4D344F9D-3989-8550-8939-91A3B085C709	FILE_OBJECT_FILE	EVENT_WRITE	1523030747996116331
5EA0A154-39B4-11E8-BF66-D9AA8AFF4A69	SUBJECT_PROCESS	4D344F9D-3989-8550-8939-91A3B085C709	FILE_OBJECT_FILE	EVENT_WRITE	1523030747996116331
5EA0A154-39B4-11E8-BF66-D9AA8AFF4A69	SUBJECT_PROCESS	5EA0A154-39B4-11E8-BF66-D9AA8AFF4A69	SUBJECT_PROCESS	EVENT_EXIT	1523030747996116331
D59C58B7-373D-11E8-BF66-D9AA8AFF4A69	SUBJECT_PROCESS	5EABCDAD-39B4-11E8-BF66-D9AA8AFF4A69	SUBJECT_PROCESS	EVENT_FORK	1523030747996116331
5EABCDAD-39B4-11E8-BF66-D9AA8AFF4A69	SUBJECT_PROCESS	CC349957-3DA4-8E5E-A43D-C7740E8ECAA9	FILE_OBJECT_FILE	EVENT_CLOSE	1523030747996116331
5EABCDAD-39B4-11E8-BF66-D9AA8AFF4A69	SUBJECT_PROCESS	6C836AA2-BB54-3A58-94BB-1E5D583A637E	FILE_OBJECT_FILE	EVENT_EXECUTE	1523030747996116331
5EABCDAD-39B4-11E8-BF66-D9AA8AFF4A69	SUBJECT_PROCESS	7A350F75-9945-425D-8599-15CEBD426F06	FILE_OBJECT_FILE	EVENT_EXECUTE	1523030747996116331
5EABCDAD-39B4-11E8-BF66-D9AA8AFF4A69	SUBJECT_PROCESS	51110606-D232-9652-B2D2-3A7242968F8A	FILE_OBJECT_FILE	EVENT_OPEN	1523030747996116331
5EABCDAD-39B4-11E8-BF66-D9AA8AFF4A69	SUBJECT_PROCESS	51110606-D232-9652-B2D2-3A7242968F8A	FILE_OBJECT_FILE	EVENT_READ	1523030747996116331
5EABCDAD-39B4-11E8-BF66-D9AA8AFF4A69	SUBJECT_PROCESS	51110606-D232-9652-B2D2-3A7242968F8A	FILE_OBJECT_FILE	EVENT_CLOSE	1523030747996116331
5EABCDAD-39B4-11E8-BF66-D9AA8AFF4A69	SUBJECT_PROCESS	8A44F292-648B-7854-8B64-00F954785A79	FILE_OBJECT_FILE	EVENT_OPEN	1523030747996116331
5EABCDAD-39B4-11E8-BF66-D9AA8AFF4A69	SUBJECT_PROCESS	8A44F292-648B-7854-8B64-00F954785A79	FILE_OBJECT_FILE	EVENT_READ	1523030747996116331
5EABCDAD-39B4-11E8-BF66-D9AA8AFF4A69	SUBJECT_PROCESS	8A44F292-648B-7854-8B64-00F954785A79	FILE_OBJECT_FILE	EVENT_READ	1523030747996116331
5EABCDAD-39B4-11E8-BF66-D9AA8AFF4A69	SUBJECT_PROCESS	8A44F292-648B-7854-8B64-00F954785A79	FILE_OBJECT_FILE	EVENT_CLOSE	1523030748006114052
5EABCDAD-39B4-11E8-BF66-D9AA8AFF4A69	SUBJECT_PROCESS	76A739B1-A13E-FD50-BEA1-B218A0FD0400	FILE_OBJECT_FILE	EVENT_OPEN	1523030748006114052
5EABCDAD-39B4-11E8-BF66-D9AA8AFF4A69	SUBJECT_PROCESS	76A739B1-A13E-FD50-BEA1-B218A0FD0400	FILE_OBJECT_FILE	EVENT_MMAP	1523030748006114052
5EABCDAD-39B4-11E8-BF66-D9AA8AFF4A69	SUBJECT_PROCESS	76A739B1-A13E-FD50-BEA1-B218A0FD0400	FILE_OBJECT_FILE	EVENT_MMAP	1523030748006114052
5EABCDAD-39B4-11E8-BF66-D9AA8AFF4A69	SUBJECT_PROCESS	76A739B1-A13E-FD50-BEA1-B218A0FD0400	FILE_OBJECT_FILE	EVENT_MMAP	1523030748006114052
5EABCDAD-39B4-11E8-BF66-D9AA8AFF4A69	SUBJECT_PROCESS	76A739B1-A13E-FD50-BEA1-B218A0FD0400	FILE_OBJECT_FILE	EVENT_MMAP	1523030748006114052
5EABCDAD-39B4-11E8-BF66-D9AA8AFF4A69	SUBJECT_PROCESS	76A739B1-A13E-FD50-BEA1-B218A0FD0400	FILE_OBJECT_FILE	EVENT_MMAP	1523030748006114052
5EABCDAD-39B4-11E8-BF66-D9AA8AFF4A69	SUBJECT_PROCESS	76A739B1-A13E-FD50-BEA1-B218A0FD0400	FILE_OBJECT_FILE	EVENT_MMAP	1523030748006114052
5EABCDAD-39B4-11E8-BF66-D9AA8AFF4A69	SUBJECT_PROCESS	76A739B1-A13E-FD50-BEA1-B218A0FD0400	FILE_OBJECT_FILE	EVENT_CLOSE	1523030748006114052
5EABCDAD-39B4-11E8-BF66-D9AA8AFF4A69	SUBJECT_PROCESS	F410BE96-4C0C-765E-8C4C-6F0E2E760020	FILE_OBJECT_FILE	EVENT_OPEN	1523030748006114052
5EABCDAD-39B4-11E8-BF66-D9AA8AFF4A69	SUBJECT_PROCESS	F410BE96-4C0C-765E-8C4C-6F0E2E760020	FILE_OBJECT_FILE	EVENT_MMAP	1523030748006114052
5EABCDAD-39B4-11E8-BF66-D9AA8AFF4A69	SUBJECT_PROCESS	F410BE96-4C0C-765E-8C4C-6F0E2E760020	FILE_OBJECT_FILE	EVENT_MMAP	1523030748006114052
5EABCDAD-39B4-11E8-BF66-D9AA8AFF4A69	SUBJECT_PROCESS	F410BE96-4C0C-765E-8C4C-6F0E2E760020	FILE_OBJECT_FILE	EVENT_CLOSE	1523030748006114052
72FB0406-3678-11E8-BF66-D9AA8AFF4A69	SUBJECT_PROCESS	5E8E49B7-39B4-11E8-BF66-D9AA8AFF4A69	FILE_OBJECT_UNIX_SOCKET	EVENT_CLOSE	1523030748816113527
72FB0406-3678-11E8-BF66-D9AA8AFF4A69	SUBJECT_PROCESS	5E8E4A24-39B4-11E8-BF66-D9AA8AFF4A69	FILE_OBJECT_UNIX_SOCKET	EVENT_CLOSE	1523030748816113527
72FB0406-3678-11E8-BF66-D9AA8AFF4A69	SUBJECT_PROCESS	5F2867DD-39B4-11E8-BF66-D9AA8AFF4A69	FILE_OBJECT_UNIX_SOCKET	EVENT_CREATE_OBJECT	1523030748816113527
72FB0406-3678-11E8-BF66-D9AA8AFF4A69	SUBJECT_PROCESS	5F28684D-39B4-11E8-BF66-D9AA8AFF4A69	FILE_OBJECT_UNIX_SOCKET	EVENT_CREATE_OBJECT	1523030748816113527
5EABCDAD-39B4-11E8-BF66-D9AA8AFF4A69	SUBJECT_PROCESS	5EABCDAD-39B4-11E8-BF66-D9AA8AFF4A69	SUBJECT_PROCESS	EVENT_EXIT	1523030749026114043
D59C58B7-373D-11E8-BF66-D9AA8AFF4A69	SUBJECT_PROCESS	5F486AF9-39B4-11E8-BF66-D9AA8AFF4A69	SUBJECT_PROCESS	EVENT_FORK	1523030749026114043
5F486AF9-39B4-11E8-BF66-D9AA8AFF4A69	SUBJECT_PROCESS	CC349957-3DA4-8E5E-A43D-C7740E8ECAA9	FILE_OBJECT_FILE	EVENT_CLOSE	1523030749026114043
5F486AF9-39B4-11E8-BF66-D9AA8AFF4A69	SUBJECT_PROCESS	0E1A657D-11F7-F051-B711-8D3E01F0DC22	FILE_OBJECT_FILE	EVENT_OPEN	1523030749026114043
5F486AF9-39B4-11E8-BF66-D9AA8AFF4A69	SUBJECT_PROCESS	0E1A657D-11F7-F051-B711-8D3E01F0DC22	FILE_OBJECT_FILE	EVENT_CLOSE	1523030749026114043
5F486AF9-39B4-11E8-BF66-D9AA8AFF4A69	SUBJECT_PROCESS	330061CF-6BB3-C45E-B36B-B89D7EC4F443	FILE_OBJECT_FILE	EVENT_EXECUTE	1523030749026114043
5F486AF9-39B4-11E8-BF66-D9AA8AFF4A69	SUBJECT_PROCESS	7A350F75-9945-425D-8599-15CEBD426F06	FILE_OBJECT_FILE	EVENT_EXECUTE	1523030749026114043
5F486AF9-39B4-11E8-BF66-D9AA8AFF4A69	SUBJECT_PROCESS	51110606-D232-9652-B2D2-3A7242968F8A	FILE_OBJECT_FILE	EVENT_OPEN	1523030749026114043
5F486AF9-39B4-11E8-BF66-D9AA8AFF4A69	SUBJECT_PROCESS	51110606-D232-9652-B2D2-3A7242968F8A	FILE_OBJECT_FILE	EVENT_READ	1523030749026114043
5F486AF9-39B4-11E8-BF66-D9AA8AFF4A69	SUBJECT_PROCESS	51110606-D232-9652-B2D2-3A7242968F8A	FILE_OBJECT_FILE	EVENT_CLOSE	1523030749026114043
5F486AF9-39B4-11E8-BF66-D9AA8AFF4A69	SUBJECT_PROCESS	8A44F292-648B-7854-8B64-00F954785A79	FILE_OBJECT_FILE	EVENT_OPEN	1523030749026114043
5F486AF9-39B4-11E8-BF66-D9AA8AFF4A69	SUBJECT_PROCESS	8A44F292-648B-7854-8B64-00F954785A79	FILE_OBJECT_FILE	EVENT_READ	1523030749026114043
5F486AF9-39B4-11E8-BF66-D9AA8AFF4A69	SUBJECT_PROCESS	8A44F292-648B-7854-8B64-00F954785A79	FILE_OBJECT_FILE	EVENT_READ	1523030749026114043
5F486AF9-39B4-11E8-BF66-D9AA8AFF4A69	SUBJECT_PROCESS	8A44F292-648B-7854-8B64-00F954785A79	FILE_OBJECT_FILE	EVENT_CLOSE	1523030749026114043
5F486AF9-39B4-11E8-BF66-D9AA8AFF4A69	SUBJECT_PROCESS	FC2CA9A1-1BCF-8B57-8F1B-A854778B9026	FILE_OBJECT_FILE	EVENT_OPEN	1523030749026114043
5F486AF9-39B4-11E8-BF66-D9AA8AFF4A69	SUBJECT_PROCESS	FC2CA9A1-1BCF-8B57-8F1B-A854778B9026	FILE_OBJECT_FILE	EVENT_MMAP	1523030749026114043
5F486AF9-39B4-11E8-BF66-D9AA8AFF4A69	SUBJECT_PROCESS	FC2CA9A1-1BCF-8B57-8F1B-A854778B9026	FILE_OBJECT_FILE	EVENT_MMAP	1523030749026114043
5F486AF9-39B4-11E8-BF66-D9AA8AFF4A69	SUBJECT_PROCESS	FC2CA9A1-1BCF-8B57-8F1B-A854778B9026	FILE_OBJECT_FILE	EVENT_MMAP	1523030749026114043
5F486AF9-39B4-11E8-BF66-D9AA8AFF4A69	SUBJECT_PROCESS	FC2CA9A1-1BCF-8B57-8F1B-A854778B9026	FILE_OBJECT_FILE	EVENT_MMAP	1523030749026114043
5F486AF9-39B4-11E8-BF66-D9AA8AFF4A69	SUBJECT_PROCESS	FC2CA9A1-1BCF-8B57-8F1B-A854778B9026	FILE_OBJECT_FILE	EVENT_MMAP	1523030749026114043
5F486AF9-39B4-11E8-BF66-D9AA8AFF4A69	SUBJECT_PROCESS	FC2CA9A1-1BCF-8B57-8F1B-A854778B9026	FILE_OBJECT_FILE	EVENT_MMAP	1523030749026114043
5F486AF9-39B4-11E8-BF66-D9AA8AFF4A69	SUBJECT_PROCESS	FC2CA9A1-1BCF-8B57-8F1B-A854778B9026	FILE_OBJECT_FILE	EVENT_CLOSE	1523030749026114043
5F486AF9-39B4-11E8-BF66-D9AA8AFF4A69	SUBJECT_PROCESS	718F288D-A702-1B5D-82A7-80807D1BB326	FILE_OBJECT_FILE	EVENT_OPEN	1523030749026114043
5F486AF9-39B4-11E8-BF66-D9AA8AFF4A69	SUBJECT_PROCESS	718F288D-A702-1B5D-82A7-80807D1BB326	FILE_OBJECT_FILE	EVENT_MMAP	1523030749026114043
5F486AF9-39B4-11E8-BF66-D9AA8AFF4A69	SUBJECT_PROCESS	718F288D-A702-1B5D-82A7-80807D1BB326	FILE_OBJECT_FILE	EVENT_MMAP	1523030749026114043
5F486AF9-39B4-11E8-BF66-D9AA8AFF4A69	SUBJECT_PROCESS	718F288D-A702-1B5D-82A7-80807D1BB326	FILE_OBJECT_FILE	EVENT_MMAP	1523030749026114043
5F486AF9-39B4-11E8-BF66-D9AA8AFF4A69	SUBJECT_PROCESS	718F288D-A702-1B5D-82A7-80807D1BB326	FILE_OBJECT_FILE	EVENT_MMAP	1523030749036114984
5F486AF9-39B4-11E8-BF66-D9AA8AFF4A69	SUBJECT_PROCESS	718F288D-A702-1B5D-82A7-80807D1BB326	FILE_OBJECT_FILE	EVENT_MMAP	1523030749036114984
5F486AF9-39B4-11E8-BF66-D9AA8AFF4A69	SUBJECT_PROCESS	718F288D-A702-1B5D-82A7-80807D1BB326	FILE_OBJECT_FILE	EVENT_MMAP	1523030749036114984
5F486AF9-39B4-11E8-BF66-D9AA8AFF4A69	SUBJECT_PROCESS	718F288D-A702-1B5D-82A7-80807D1BB326	FILE_OBJECT_FILE	EVENT_CLOSE	1523030749036114984
5F486AF9-39B4-11E8-BF66-D9AA8AFF4A69	SUBJECT_PROCESS	4F909471-32BE-7C54-BE32-1D05C47CA876	FILE_OBJECT_FILE	EVENT_OPEN	1523030749036114984
5F486AF9-39B4-11E8-BF66-D9AA8AFF4A69	SUBJECT_PROCESS	4F909471-32BE-7C54-BE32-1D05C47CA876	FILE_OBJECT_FILE	EVENT_MMAP	1523030749036114984
5F486AF9-39B4-11E8-BF66-D9AA8AFF4A69	SUBJECT_PROCESS	4F909471-32BE-7C54-BE32-1D05C47CA876	FILE_OBJECT_FILE	EVENT_MMAP	1523030749036114984
5F486AF9-39B4-11E8-BF66-D9AA8AFF4A69	SUBJECT_PROCESS	4F909471-32BE-7C54-BE32-1D05C47CA876	FILE_OBJECT_FILE	EVENT_MMAP	1523030749036114984
5F486AF9-39B4-11E8-BF66-D9AA8AFF4A69	SUBJECT_PROCESS	4F909471-32BE-7C54-BE32-1D05C47CA876	FILE_OBJECT_FILE	EVENT_MMAP	1523030749036114984
5F486AF9-39B4-11E8-BF66-D9AA8AFF4A69	SUBJECT_PROCESS	4F909471-32BE-7C54-BE32-1D05C47CA876	FILE_OBJECT_FILE	EVENT_MMAP	1523030749036114984
5F486AF9-39B4-11E8-BF66-D9AA8AFF4A69	SUBJECT_PROCESS	4F909471-32BE-7C54-BE32-1D05C47CA876	FILE_OBJECT_FILE	EVENT_MMAP	1523030749036114984
5F486AF9-39B4-11E8-BF66-D9AA8AFF4A69	SUBJECT_PROCESS	4F909471-32BE-7C54-BE32-1D05C47CA876	FILE_OBJECT_FILE	EVENT_CLOSE	1523030749036114984
5F486AF9-39B4-11E8-BF66-D9AA8AFF4A69	SUBJECT_PROCESS	0905A02C-D979-5D57-B9D9-F12D475D7A9B	FILE_OBJECT_FILE	EVENT_OPEN	1523030749036114984
5F486AF9-39B4-11E8-BF66-D9AA8AFF4A69	SUBJECT_PROCESS	0905A02C-D979-5D57-B9D9-F12D475D7A9B	FILE_OBJECT_FILE	EVENT_MMAP	1523030749036114984
5F486AF9-39B4-11E8-BF66-D9AA8AFF4A69	SUBJECT_PROCESS	0905A02C-D979-5D57-B9D9-F12D475D7A9B	FILE_OBJECT_FILE	EVENT_MMAP	1523030749036114984
5F486AF9-39B4-11E8-BF66-D9AA8AFF4A69	SUBJECT_PROCESS	0905A02C-D979-5D57-B9D9-F12D475D7A9B	FILE_OBJECT_FILE	EVENT_MMAP	1523030749036114984
5F486AF9-39B4-11E8-BF66-D9AA8AFF4A69	SUBJECT_PROCESS	0905A02C-D979-5D57-B9D9-F12D475D7A9B	FILE_OBJECT_FILE	EVENT_MMAP	1523030749036114984
5F486AF9-39B4-11E8-BF66-D9AA8AFF4A69	SUBJECT_PROCESS	0905A02C-D979-5D57-B9D9-F12D475D7A9B	FILE_OBJECT_FILE	EVENT_MMAP	1523030749036114984
5F486AF9-39B4-11E8-BF66-D9AA8AFF4A69	SUBJECT_PROCESS	0905A02C-D979-5D57-B9D9-F12D475D7A9B	FILE_OBJECT_FILE	EVENT_MMAP	1523030749036114984
5F486AF9-39B4-11E8-BF66-D9AA8AFF4A69	SUBJECT_PROCESS	0905A02C-D979-5D57-B9D9-F12D475D7A9B	FILE_OBJECT_FILE	EVENT_CLOSE	1523030749036114984
5F486AF9-39B4-11E8-BF66-D9AA8AFF4A69	SUBJECT_PROCESS	9FF334BB-9072-D756-B290-556656D73728	FILE_OBJECT_FILE	EVENT_OPEN	1523030749036114984
5F486AF9-39B4-11E8-BF66-D9AA8AFF4A69	SUBJECT_PROCESS	9FF334BB-9072-D756-B290-556656D73728	FILE_OBJECT_FILE	EVENT_MMAP	1523030749036114984
5F486AF9-39B4-11E8-BF66-D9AA8AFF4A69	SUBJECT_PROCESS	9FF334BB-9072-D756-B290-556656D73728	FILE_OBJECT_FILE	EVENT_MMAP	1523030749036114984
5F486AF9-39B4-11E8-BF66-D9AA8AFF4A69	SUBJECT_PROCESS	9FF334BB-9072-D756-B290-556656D73728	FILE_OBJECT_FILE	EVENT_MMAP	1523030749036114984
5F486AF9-39B4-11E8-BF66-D9AA8AFF4A69	SUBJECT_PROCESS	9FF334BB-9072-D756-B290-556656D73728	FILE_OBJECT_FILE	EVENT_MMAP	1523030749036114984
5F486AF9-39B4-11E8-BF66-D9AA8AFF4A69	SUBJECT_PROCESS	9FF334BB-9072-D756-B290-556656D73728	FILE_OBJECT_FILE	EVENT_MMAP	1523030749036114984
5F486AF9-39B4-11E8-BF66-D9AA8AFF4A69	SUBJECT_PROCESS	9FF334BB-9072-D756-B290-556656D73728	FILE_OBJECT_FILE	EVENT_MMAP	1523030749036114984
5F486AF9-39B4-11E8-BF66-D9AA8AFF4A69	SUBJECT_PROCESS	9FF334BB-9072-D756-B290-556656D73728	FILE_OBJECT_FILE	EVENT_CLOSE	1523030749036114984
5F486AF9-39B4-11E8-BF66-D9AA8AFF4A69	SUBJECT_PROCESS	76A739B1-A13E-FD50-BEA1-B218A0FD0400	FILE_OBJECT_FILE	EVENT_OPEN	1523030749036114984
5F486AF9-39B4-11E8-BF66-D9AA8AFF4A69	SUBJECT_PROCESS	76A739B1-A13E-FD50-BEA1-B218A0FD0400	FILE_OBJECT_FILE	EVENT_MMAP	1523030749046113495
5F486AF9-39B4-11E8-BF66-D9AA8AFF4A69	SUBJECT_PROCESS	76A739B1-A13E-FD50-BEA1-B218A0FD0400	FILE_OBJECT_FILE	EVENT_MMAP	1523030749046113495
5F486AF9-39B4-11E8-BF66-D9AA8AFF4A69	SUBJECT_PROCESS	76A739B1-A13E-FD50-BEA1-B218A0FD0400	FILE_OBJECT_FILE	EVENT_MMAP	1523030749046113495
5F486AF9-39B4-11E8-BF66-D9AA8AFF4A69	SUBJECT_PROCESS	76A739B1-A13E-FD50-BEA1-B218A0FD0400	FILE_OBJECT_FILE	EVENT_MMAP	1523030749046113495
5F486AF9-39B4-11E8-BF66-D9AA8AFF4A69	SUBJECT_PROCESS	76A739B1-A13E-FD50-BEA1-B218A0FD0400	FILE_OBJECT_FILE	EVENT_MMAP	1523030749046113495
5F486AF9-39B4-11E8-BF66-D9AA8AFF4A69	SUBJECT_PROCESS	76A739B1-A13E-FD50-BEA1-B218A0FD0400	FILE_OBJECT_FILE	EVENT_MMAP	1523030749046113495
5F486AF9-39B4-11E8-BF66-D9AA8AFF4A69	SUBJECT_PROCESS	76A739B1-A13E-FD50-BEA1-B218A0FD0400	FILE_OBJECT_FILE	EVENT_CLOSE	1523030749046113495
5F486AF9-39B4-11E8-BF66-D9AA8AFF4A69	SUBJECT_PROCESS	F29977F6-07A2-935B-A207-C4871B93FE07	FILE_OBJECT_FILE	EVENT_OPEN	1523030749046113495
5F486AF9-39B4-11E8-BF66-D9AA8AFF4A69	SUBJECT_PROCESS	F29977F6-07A2-935B-A207-C4871B93FE07	FILE_OBJECT_FILE	EVENT_MMAP	1523030749046113495
5F486AF9-39B4-11E8-BF66-D9AA8AFF4A69	SUBJECT_PROCESS	F29977F6-07A2-935B-A207-C4871B93FE07	FILE_OBJECT_FILE	EVENT_MMAP	1523030749046113495
5F486AF9-39B4-11E8-BF66-D9AA8AFF4A69	SUBJECT_PROCESS	F29977F6-07A2-935B-A207-C4871B93FE07	FILE_OBJECT_FILE	EVENT_MMAP	1523030749046113495
5F486AF9-39B4-11E8-BF66-D9AA8AFF4A69	SUBJECT_PROCESS	F29977F6-07A2-935B-A207-C4871B93FE07	FILE_OBJECT_FILE	EVENT_MMAP	1523030749046113495
5F486AF9-39B4-11E8-BF66-D9AA8AFF4A69	SUBJECT_PROCESS	F29977F6-07A2-935B-A207-C4871B93FE07	FILE_OBJECT_FILE	EVENT_MMAP	1523030749046113495
5F486AF9-39B4-11E8-BF66-D9AA8AFF4A69	SUBJECT_PROCESS	F29977F6-07A2-935B-A207-C4871B93FE07	FILE_OBJECT_FILE	EVENT_MMAP	1523030749046113495
5F486AF9-39B4-11E8-BF66-D9AA8AFF4A69	SUBJECT_PROCESS	F29977F6-07A2-935B-A207-C4871B93FE07	FILE_OBJECT_FILE	EVENT_CLOSE	1523030749046113495
5F486AF9-39B4-11E8-BF66-D9AA8AFF4A69	SUBJECT_PROCESS	F410BE96-4C0C-765E-8C4C-6F0E2E760020	FILE_OBJECT_FILE	EVENT_OPEN	1523030749046113495
5F486AF9-39B4-11E8-BF66-D9AA8AFF4A69	SUBJECT_PROCESS	F410BE96-4C0C-765E-8C4C-6F0E2E760020	FILE_OBJECT_FILE	EVENT_MMAP	1523030749046113495
5F486AF9-39B4-11E8-BF66-D9AA8AFF4A69	SUBJECT_PROCESS	F410BE96-4C0C-765E-8C4C-6F0E2E760020	FILE_OBJECT_FILE	EVENT_MMAP	1523030749046113495
5F486AF9-39B4-11E8-BF66-D9AA8AFF4A69	SUBJECT_PROCESS	F410BE96-4C0C-765E-8C4C-6F0E2E760020	FILE_OBJECT_FILE	EVENT_CLOSE	1523030749046113495
5F486AF9-39B4-11E8-BF66-D9AA8AFF4A69	SUBJECT_PROCESS	0E1A657D-11F7-F051-B711-8D3E01F0DC22	FILE_OBJECT_FILE	EVENT_WRITE	1523030749046113495
5F486AF9-39B4-11E8-BF66-D9AA8AFF4A69	SUBJECT_PROCESS	0E1A657D-11F7-F051-B711-8D3E01F0DC22	FILE_OBJECT_FILE	EVENT_WRITE	1523030749056111236
5F486AF9-39B4-11E8-BF66-D9AA8AFF4A69	SUBJECT_PROCESS	0E1A657D-11F7-F051-B711-8D3E01F0DC22	FILE_OBJECT_FILE	EVENT_WRITE	1523030749056111236
5F486AF9-39B4-11E8-BF66-D9AA8AFF4A69	SUBJECT_PROCESS	5F486AF9-39B4-11E8-BF66-D9AA8AFF4A69	SUBJECT_PROCESS	EVENT_EXIT	1523030749056111236
D59C58B7-373D-11E8-BF66-D9AA8AFF4A69	SUBJECT_PROCESS	5F4D099D-39B4-11E8-BF66-D9AA8AFF4A69	SUBJECT_PROCESS	EVENT_FORK	1523030749056111236
5F4D099D-39B4-11E8-BF66-D9AA8AFF4A69	SUBJECT_PROCESS	CC349957-3DA4-8E5E-A43D-C7740E8ECAA9	FILE_OBJECT_FILE	EVENT_CLOSE	1523030749056111236
5F4D099D-39B4-11E8-BF66-D9AA8AFF4A69	SUBJECT_PROCESS	6C836AA2-BB54-3A58-94BB-1E5D583A637E	FILE_OBJECT_FILE	EVENT_EXECUTE	1523030749056111236
5F4D099D-39B4-11E8-BF66-D9AA8AFF4A69	SUBJECT_PROCESS	7A350F75-9945-425D-8599-15CEBD426F06	FILE_OBJECT_FILE	EVENT_EXECUTE	1523030749056111236
5F4D099D-39B4-11E8-BF66-D9AA8AFF4A69	SUBJECT_PROCESS	51110606-D232-9652-B2D2-3A7242968F8A	FILE_OBJECT_FILE	EVENT_OPEN	1523030749056111236
5F4D099D-39B4-11E8-BF66-D9AA8AFF4A69	SUBJECT_PROCESS	51110606-D232-9652-B2D2-3A7242968F8A	FILE_OBJECT_FILE	EVENT_READ	1523030749056111236
5F4D099D-39B4-11E8-BF66-D9AA8AFF4A69	SUBJECT_PROCESS	51110606-D232-9652-B2D2-3A7242968F8A	FILE_OBJECT_FILE	EVENT_CLOSE	1523030749056111236
5F4D099D-39B4-11E8-BF66-D9AA8AFF4A69	SUBJECT_PROCESS	8A44F292-648B-7854-8B64-00F954785A79	FILE_OBJECT_FILE	EVENT_OPEN	1523030749056111236
5F4D099D-39B4-11E8-BF66-D9AA8AFF4A69	SUBJECT_PROCESS	8A44F292-648B-7854-8B64-00F954785A79	FILE_OBJECT_FILE	EVENT_READ	1523030749056111236
5F4D099D-39B4-11E8-BF66-D9AA8AFF4A69	SUBJECT_PROCESS	8A44F292-648B-7854-8B64-00F954785A79	FILE_OBJECT_FILE	EVENT_READ	1523030749056111236
5F4D099D-39B4-11E8-BF66-D9AA8AFF4A69	SUBJECT_PROCESS	8A44F292-648B-7854-8B64-00F954785A79	FILE_OBJECT_FILE	EVENT_CLOSE	1523030749056111236
5F4D099D-39B4-11E8-BF66-D9AA8AFF4A69	SUBJECT_PROCESS	76A739B1-A13E-FD50-BEA1-B218A0FD0400	FILE_OBJECT_FILE	EVENT_OPEN	1523030749056111236
5F4D099D-39B4-11E8-BF66-D9AA8AFF4A69	SUBJECT_PROCESS	76A739B1-A13E-FD50-BEA1-B218A0FD0400	FILE_OBJECT_FILE	EVENT_MMAP	1523030749056111236
5F4D099D-39B4-11E8-BF66-D9AA8AFF4A69	SUBJECT_PROCESS	76A739B1-A13E-FD50-BEA1-B218A0FD0400	FILE_OBJECT_FILE	EVENT_MMAP	1523030749056111236
5F4D099D-39B4-11E8-BF66-D9AA8AFF4A69	SUBJECT_PROCESS	76A739B1-A13E-FD50-BEA1-B218A0FD0400	FILE_OBJECT_FILE	EVENT_MMAP	1523030749056111236
5F4D099D-39B4-11E8-BF66-D9AA8AFF4A69	SUBJECT_PROCESS	76A739B1-A13E-FD50-BEA1-B218A0FD0400	FILE_OBJECT_FILE	EVENT_MMAP	1523030749056111236
5F4D099D-39B4-11E8-BF66-D9AA8AFF4A69	SUBJECT_PROCESS	76A739B1-A13E-FD50-BEA1-B218A0FD0400	FILE_OBJECT_FILE	EVENT_MMAP	1523030749056111236
5F4D099D-39B4-11E8-BF66-D9AA8AFF4A69	SUBJECT_PROCESS	76A739B1-A13E-FD50-BEA1-B218A0FD0400	FILE_OBJECT_FILE	EVENT_MMAP	1523030749056111236
5F4D099D-39B4-11E8-BF66-D9AA8AFF4A69	SUBJECT_PROCESS	76A739B1-A13E-FD50-BEA1-B218A0FD0400	FILE_OBJECT_FILE	EVENT_CLOSE	1523030749056111236
5F4D099D-39B4-11E8-BF66-D9AA8AFF4A69	SUBJECT_PROCESS	F410BE96-4C0C-765E-8C4C-6F0E2E760020	FILE_OBJECT_FILE	EVENT_OPEN	1523030749056111236
5F4D099D-39B4-11E8-BF66-D9AA8AFF4A69	SUBJECT_PROCESS	F410BE96-4C0C-765E-8C4C-6F0E2E760020	FILE_OBJECT_FILE	EVENT_MMAP	1523030749056111236
5F4D099D-39B4-11E8-BF66-D9AA8AFF4A69	SUBJECT_PROCESS	F410BE96-4C0C-765E-8C4C-6F0E2E760020	FILE_OBJECT_FILE	EVENT_MMAP	1523030749056111236
5F4D099D-39B4-11E8-BF66-D9AA8AFF4A69	SUBJECT_PROCESS	F410BE96-4C0C-765E-8C4C-6F0E2E760020	FILE_OBJECT_FILE	EVENT_CLOSE	1523030749056111236
72FB0406-3678-11E8-BF66-D9AA8AFF4A69	SUBJECT_PROCESS	5F2867DD-39B4-11E8-BF66-D9AA8AFF4A69	FILE_OBJECT_UNIX_SOCKET	EVENT_CLOSE	1523030749816112456
72FB0406-3678-11E8-BF66-D9AA8AFF4A69	SUBJECT_PROCESS	5F28684D-39B4-11E8-BF66-D9AA8AFF4A69	FILE_OBJECT_UNIX_SOCKET	EVENT_CLOSE	1523030749816112456
72FB0406-3678-11E8-BF66-D9AA8AFF4A69	SUBJECT_PROCESS	5FC11535-39B4-11E8-BF66-D9AA8AFF4A69	FILE_OBJECT_UNIX_SOCKET	EVENT_CREATE_OBJECT	1523030749816112456
72FB0406-3678-11E8-BF66-D9AA8AFF4A69	SUBJECT_PROCESS	5FC115D1-39B4-11E8-BF66-D9AA8AFF4A69	FILE_OBJECT_UNIX_SOCKET	EVENT_CREATE_OBJECT	1523030749816112456
5F4D099D-39B4-11E8-BF66-D9AA8AFF4A69	SUBJECT_PROCESS	5F4D099D-39B4-11E8-BF66-D9AA8AFF4A69	SUBJECT_PROCESS	EVENT_EXIT	1523030750066112886
D59C58B7-373D-11E8-BF66-D9AA8AFF4A69	SUBJECT_PROCESS	5E813864-31EB-5847-BF65-960A222444C1	UnnamedPipeObject	EVENT_CREATE_OBJECT	1523030750066112886
D59C58B7-373D-11E8-BF66-D9AA8AFF4A69	SUBJECT_PROCESS	5FE72482-39B4-11E8-BF66-D9AA8AFF4A69	SUBJECT_PROCESS	EVENT_FORK	1523030750066112886
5FE72482-39B4-11E8-BF66-D9AA8AFF4A69	SUBJECT_PROCESS	CC349957-3DA4-8E5E-A43D-C7740E8ECAA9	FILE_OBJECT_FILE	EVENT_CLOSE	1523030750066112886
D59C58B7-373D-11E8-BF66-D9AA8AFF4A69	SUBJECT_PROCESS	5FE75E3E-39B4-11E8-BF66-D9AA8AFF4A69	SUBJECT_PROCESS	EVENT_FORK	1523030750066112886
5FE75E3E-39B4-11E8-BF66-D9AA8AFF4A69	SUBJECT_PROCESS	CC349957-3DA4-8E5E-A43D-C7740E8ECAA9	FILE_OBJECT_FILE	EVENT_CLOSE	1523030750066112886
5FE75E3E-39B4-11E8-BF66-D9AA8AFF4A69	SUBJECT_PROCESS	FADB56EB-6919-8A51-9969-955CD18AFFC9	FILE_OBJECT_FILE	EVENT_OPEN	1523030750066112886
5FE72482-39B4-11E8-BF66-D9AA8AFF4A69	SUBJECT_PROCESS	9D6CE3F1-AA37-D656-B7AA-BA6D46D61C69	FILE_OBJECT_FILE	EVENT_EXECUTE	1523030750066112886
5FE72482-39B4-11E8-BF66-D9AA8AFF4A69	SUBJECT_PROCESS	7A350F75-9945-425D-8599-15CEBD426F06	FILE_OBJECT_FILE	EVENT_EXECUTE	1523030750066112886
5FE72482-39B4-11E8-BF66-D9AA8AFF4A69	SUBJECT_PROCESS	51110606-D232-9652-B2D2-3A7242968F8A	FILE_OBJECT_FILE	EVENT_OPEN	1523030750066112886
5FE75E3E-39B4-11E8-BF66-D9AA8AFF4A69	SUBJECT_PROCESS	FADB56EB-6919-8A51-9969-955CD18AFFC9	FILE_OBJECT_FILE	EVENT_CLOSE	1523030750066112886
5FE72482-39B4-11E8-BF66-D9AA8AFF4A69	SUBJECT_PROCESS	51110606-D232-9652-B2D2-3A7242968F8A	FILE_OBJECT_FILE	EVENT_READ	1523030750066112886
5FE75E3E-39B4-11E8-BF66-D9AA8AFF4A69	SUBJECT_PROCESS	91207D42-8B6E-6454-AE8B-D3FF24648D84	FILE_OBJECT_FILE	EVENT_EXECUTE	1523030750066112886
5FE75E3E-39B4-11E8-BF66-D9AA8AFF4A69	SUBJECT_PROCESS	7A350F75-9945-425D-8599-15CEBD426F06	FILE_OBJECT_FILE	EVENT_EXECUTE	1523030750066112886
5FE72482-39B4-11E8-BF66-D9AA8AFF4A69	SUBJECT_PROCESS	51110606-D232-9652-B2D2-3A7242968F8A	FILE_OBJECT_FILE	EVENT_CLOSE	1523030750066112886
5FE75E3E-39B4-11E8-BF66-D9AA8AFF4A69	SUBJECT_PROCESS	51110606-D232-9652-B2D2-3A7242968F8A	FILE_OBJECT_FILE	EVENT_OPEN	1523030750066112886
5FE72482-39B4-11E8-BF66-D9AA8AFF4A69	SUBJECT_PROCESS	8A44F292-648B-7854-8B64-00F954785A79	FILE_OBJECT_FILE	EVENT_OPEN	1523030750066112886
5FE75E3E-39B4-11E8-BF66-D9AA8AFF4A69	SUBJECT_PROCESS	51110606-D232-9652-B2D2-3A7242968F8A	FILE_OBJECT_FILE	EVENT_READ	1523030750066112886
5FE72482-39B4-11E8-BF66-D9AA8AFF4A69	SUBJECT_PROCESS	8A44F292-648B-7854-8B64-00F954785A79	FILE_OBJECT_FILE	EVENT_READ	1523030750066112886
5FE75E3E-39B4-11E8-BF66-D9AA8AFF4A69	SUBJECT_PROCESS	51110606-D232-9652-B2D2-3A7242968F8A	FILE_OBJECT_FILE	EVENT_CLOSE	1523030750066112886
5FE72482-39B4-11E8-BF66-D9AA8AFF4A69	SUBJECT_PROCESS	8A44F292-648B-7854-8B64-00F954785A79	FILE_OBJECT_FILE	EVENT_READ	1523030750066112886
5FE72482-39B4-11E8-BF66-D9AA8AFF4A69	SUBJECT_PROCESS	8A44F292-648B-7854-8B64-00F954785A79	FILE_OBJECT_FILE	EVENT_CLOSE	1523030750066112886
5FE75E3E-39B4-11E8-BF66-D9AA8AFF4A69	SUBJECT_PROCESS	8A44F292-648B-7854-8B64-00F954785A79	FILE_OBJECT_FILE	EVENT_OPEN	1523030750066112886
5FE72482-39B4-11E8-BF66-D9AA8AFF4A69	SUBJECT_PROCESS	7A1B4973-09E5-AA50-A509-1753C0AA87A1	FILE_OBJECT_FILE	EVENT_OPEN	1523030750066112886
5FE75E3E-39B4-11E8-BF66-D9AA8AFF4A69	SUBJECT_PROCESS	8A44F292-648B-7854-8B64-00F954785A79	FILE_OBJECT_FILE	EVENT_READ	1523030750066112886
5FE75E3E-39B4-11E8-BF66-D9AA8AFF4A69	SUBJECT_PROCESS	8A44F292-648B-7854-8B64-00F954785A79	FILE_OBJECT_FILE	EVENT_READ	1523030750066112886
5FE72482-39B4-11E8-BF66-D9AA8AFF4A69	SUBJECT_PROCESS	7A1B4973-09E5-AA50-A509-1753C0AA87A1	FILE_OBJECT_FILE	EVENT_MMAP	1523030750066112886
5FE72482-39B4-11E8-BF66-D9AA8AFF4A69	SUBJECT_PROCESS	7A1B4973-09E5-AA50-A509-1753C0AA87A1	FILE_OBJECT_FILE	EVENT_MMAP	1523030750066112886
5FE75E3E-39B4-11E8-BF66-D9AA8AFF4A69	SUBJECT_PROCESS	8A44F292-648B-7854-8B64-00F954785A79	FILE_OBJECT_FILE	EVENT_CLOSE	1523030750066112886
5FE75E3E-39B4-11E8-BF66-D9AA8AFF4A69	SUBJECT_PROCESS	76A739B1-A13E-FD50-BEA1-B218A0FD0400	FILE_OBJECT_FILE	EVENT_OPEN	1523030750066112886
5FE72482-39B4-11E8-BF66-D9AA8AFF4A69	SUBJECT_PROCESS	7A1B4973-09E5-AA50-A509-1753C0AA87A1	FILE_OBJECT_FILE	EVENT_MMAP	1523030750066112886
5FE72482-39B4-11E8-BF66-D9AA8AFF4A69	SUBJECT_PROCESS	7A1B4973-09E5-AA50-A509-1753C0AA87A1	FILE_OBJECT_FILE	EVENT_MMAP	1523030750066112886
5FE75E3E-39B4-11E8-BF66-D9AA8AFF4A69	SUBJECT_PROCESS	76A739B1-A13E-FD50-BEA1-B218A0FD0400	FILE_OBJECT_FILE	EVENT_MMAP	1523030750066112886
5FE75E3E-39B4-11E8-BF66-D9AA8AFF4A69	SUBJECT_PROCESS	76A739B1-A13E-FD50-BEA1-B218A0FD0400	FILE_OBJECT_FILE	EVENT_MMAP	1523030750066112886
5FE72482-39B4-11E8-BF66-D9AA8AFF4A69	SUBJECT_PROCESS	7A1B4973-09E5-AA50-A509-1753C0AA87A1	FILE_OBJECT_FILE	EVENT_MMAP	1523030750066112886
5FE72482-39B4-11E8-BF66-D9AA8AFF4A69	SUBJECT_PROCESS	7A1B4973-09E5-AA50-A509-1753C0AA87A1	FILE_OBJECT_FILE	EVENT_MMAP	1523030750066112886
5FE75E3E-39B4-11E8-BF66-D9AA8AFF4A69	SUBJECT_PROCESS	76A739B1-A13E-FD50-BEA1-B218A0FD0400	FILE_OBJECT_FILE	EVENT_MMAP	1523030750066112886
5FE75E3E-39B4-11E8-BF66-D9AA8AFF4A69	SUBJECT_PROCESS	76A739B1-A13E-FD50-BEA1-B218A0FD0400	FILE_OBJECT_FILE	EVENT_MMAP	1523030750076114727
5FE75E3E-39B4-11E8-BF66-D9AA8AFF4A69	SUBJECT_PROCESS	76A739B1-A13E-FD50-BEA1-B218A0FD0400	FILE_OBJECT_FILE	EVENT_MMAP	1523030750076114727
5FE72482-39B4-11E8-BF66-D9AA8AFF4A69	SUBJECT_PROCESS	7A1B4973-09E5-AA50-A509-1753C0AA87A1	FILE_OBJECT_FILE	EVENT_CLOSE	1523030750076114727
5FE75E3E-39B4-11E8-BF66-D9AA8AFF4A69	SUBJECT_PROCESS	76A739B1-A13E-FD50-BEA1-B218A0FD0400	FILE_OBJECT_FILE	EVENT_MMAP	1523030750076114727
5FE72482-39B4-11E8-BF66-D9AA8AFF4A69	SUBJECT_PROCESS	D57B2A07-B373-B75A-B3B3-93790AB76535	FILE_OBJECT_FILE	EVENT_OPEN	1523030750076114727
5FE75E3E-39B4-11E8-BF66-D9AA8AFF4A69	SUBJECT_PROCESS	76A739B1-A13E-FD50-BEA1-B218A0FD0400	FILE_OBJECT_FILE	EVENT_CLOSE	1523030750076114727
5FE72482-39B4-11E8-BF66-D9AA8AFF4A69	SUBJECT_PROCESS	D57B2A07-B373-B75A-B3B3-93790AB76535	FILE_OBJECT_FILE	EVENT_MMAP	1523030750076114727
5FE72482-39B4-11E8-BF66-D9AA8AFF4A69	SUBJECT_PROCESS	D57B2A07-B373-B75A-B3B3-93790AB76535	FILE_OBJECT_FILE	EVENT_MMAP	1523030750076114727
5FE75E3E-39B4-11E8-BF66-D9AA8AFF4A69	SUBJECT_PROCESS	F410BE96-4C0C-765E-8C4C-6F0E2E760020	FILE_OBJECT_FILE	EVENT_OPEN	1523030750076114727
5FE72482-39B4-11E8-BF66-D9AA8AFF4A69	SUBJECT_PROCESS	D57B2A07-B373-B75A-B3B3-93790AB76535	FILE_OBJECT_FILE	EVENT_MMAP	1523030750076114727
5FE75E3E-39B4-11E8-BF66-D9AA8AFF4A69	SUBJECT_PROCESS	F410BE96-4C0C-765E-8C4C-6F0E2E760020	FILE_OBJECT_FILE	EVENT_MMAP	1523030750076114727
5FE72482-39B4-11E8-BF66-D9AA8AFF4A69	SUBJECT_PROCESS	D57B2A07-B373-B75A-B3B3-93790AB76535	FILE_OBJECT_FILE	EVENT_MMAP	1523030750076114727
5FE75E3E-39B4-11E8-BF66-D9AA8AFF4A69	SUBJECT_PROCESS	F410BE96-4C0C-765E-8C4C-6F0E2E760020	FILE_OBJECT_FILE	EVENT_MMAP	1523030750076114727
5FE72482-39B4-11E8-BF66-D9AA8AFF4A69	SUBJECT_PROCESS	D57B2A07-B373-B75A-B3B3-93790AB76535	FILE_OBJECT_FILE	EVENT_MMAP	1523030750076114727
5FE75E3E-39B4-11E8-BF66-D9AA8AFF4A69	SUBJECT_PROCESS	F410BE96-4C0C-765E-8C4C-6F0E2E760020	FILE_OBJECT_FILE	EVENT_CLOSE	1523030750076114727
5FE72482-39B4-11E8-BF66-D9AA8AFF4A69	SUBJECT_PROCESS	D57B2A07-B373-B75A-B3B3-93790AB76535	FILE_OBJECT_FILE	EVENT_MMAP	1523030750076114727
5FE72482-39B4-11E8-BF66-D9AA8AFF4A69	SUBJECT_PROCESS	D57B2A07-B373-B75A-B3B3-93790AB76535	FILE_OBJECT_FILE	EVENT_CLOSE	1523030750076114727
5FE72482-39B4-11E8-BF66-D9AA8AFF4A69	SUBJECT_PROCESS	718F288D-A702-1B5D-82A7-80807D1BB326	FILE_OBJECT_FILE	EVENT_OPEN	1523030750076114727
5FE72482-39B4-11E8-BF66-D9AA8AFF4A69	SUBJECT_PROCESS	718F288D-A702-1B5D-82A7-80807D1BB326	FILE_OBJECT_FILE	EVENT_MMAP	1523030750076114727
5FE72482-39B4-11E8-BF66-D9AA8AFF4A69	SUBJECT_PROCESS	718F288D-A702-1B5D-82A7-80807D1BB326	FILE_OBJECT_FILE	EVENT_MMAP	1523030750076114727
5FE72482-39B4-11E8-BF66-D9AA8AFF4A69	SUBJECT_PROCESS	718F288D-A702-1B5D-82A7-80807D1BB326	FILE_OBJECT_FILE	EVENT_MMAP	1523030750076114727
5FE72482-39B4-11E8-BF66-D9AA8AFF4A69	SUBJECT_PROCESS	718F288D-A702-1B5D-82A7-80807D1BB326	FILE_OBJECT_FILE	EVENT_MMAP	1523030750076114727
5FE72482-39B4-11E8-BF66-D9AA8AFF4A69	SUBJECT_PROCESS	718F288D-A702-1B5D-82A7-80807D1BB326	FILE_OBJECT_FILE	EVENT_MMAP	1523030750076114727
5FE72482-39B4-11E8-BF66-D9AA8AFF4A69	SUBJECT_PROCESS	718F288D-A702-1B5D-82A7-80807D1BB326	FILE_OBJECT_FILE	EVENT_MMAP	1523030750076114727
5FE72482-39B4-11E8-BF66-D9AA8AFF4A69	SUBJECT_PROCESS	718F288D-A702-1B5D-82A7-80807D1BB326	FILE_OBJECT_FILE	EVENT_CLOSE	1523030750076114727
5FE72482-39B4-11E8-BF66-D9AA8AFF4A69	SUBJECT_PROCESS	D3F11983-FFD7-8A58-97FF-D38E388A1453	FILE_OBJECT_FILE	EVENT_OPEN	1523030750076114727
5FE72482-39B4-11E8-BF66-D9AA8AFF4A69	SUBJECT_PROCESS	D3F11983-FFD7-8A58-97FF-D38E388A1453	FILE_OBJECT_FILE	EVENT_MMAP	1523030750076114727
5FE72482-39B4-11E8-BF66-D9AA8AFF4A69	SUBJECT_PROCESS	D3F11983-FFD7-8A58-97FF-D38E388A1453	FILE_OBJECT_FILE	EVENT_MMAP	1523030750076114727
5FE72482-39B4-11E8-BF66-D9AA8AFF4A69	SUBJECT_PROCESS	D3F11983-FFD7-8A58-97FF-D38E388A1453	FILE_OBJECT_FILE	EVENT_MMAP	1523030750076114727
5FE72482-39B4-11E8-BF66-D9AA8AFF4A69	SUBJECT_PROCESS	D3F11983-FFD7-8A58-97FF-D38E388A1453	FILE_OBJECT_FILE	EVENT_MMAP	1523030750076114727
5FE72482-39B4-11E8-BF66-D9AA8AFF4A69	SUBJECT_PROCESS	D3F11983-FFD7-8A58-97FF-D38E388A1453	FILE_OBJECT_FILE	EVENT_MMAP	1523030750076114727
5FE72482-39B4-11E8-BF66-D9AA8AFF4A69	SUBJECT_PROCESS	D3F11983-FFD7-8A58-97FF-D38E388A1453	FILE_OBJECT_FILE	EVENT_MMAP	1523030750076114727
5FE72482-39B4-11E8-BF66-D9AA8AFF4A69	SUBJECT_PROCESS	D3F11983-FFD7-8A58-97FF-D38E388A1453	FILE_OBJECT_FILE	EVENT_CLOSE	1523030750076114727
5FE72482-39B4-11E8-BF66-D9AA8AFF4A69	SUBJECT_PROCESS	76A739B1-A13E-FD50-BEA1-B218A0FD0400	FILE_OBJECT_FILE	EVENT_OPEN	1523030750076114727
5FE72482-39B4-11E8-BF66-D9AA8AFF4A69	SUBJECT_PROCESS	76A739B1-A13E-FD50-BEA1-B218A0FD0400	FILE_OBJECT_FILE	EVENT_MMAP	1523030750076114727
5FE72482-39B4-11E8-BF66-D9AA8AFF4A69	SUBJECT_PROCESS	76A739B1-A13E-FD50-BEA1-B218A0FD0400	FILE_OBJECT_FILE	EVENT_MMAP	1523030750076114727
5FE72482-39B4-11E8-BF66-D9AA8AFF4A69	SUBJECT_PROCESS	76A739B1-A13E-FD50-BEA1-B218A0FD0400	FILE_OBJECT_FILE	EVENT_MMAP	1523030750076114727
5FE72482-39B4-11E8-BF66-D9AA8AFF4A69	SUBJECT_PROCESS	76A739B1-A13E-FD50-BEA1-B218A0FD0400	FILE_OBJECT_FILE	EVENT_MMAP	1523030750086111908
5FE72482-39B4-11E8-BF66-D9AA8AFF4A69	SUBJECT_PROCESS	76A739B1-A13E-FD50-BEA1-B218A0FD0400	FILE_OBJECT_FILE	EVENT_MMAP	1523030750086111908
5FE72482-39B4-11E8-BF66-D9AA8AFF4A69	SUBJECT_PROCESS	76A739B1-A13E-FD50-BEA1-B218A0FD0400	FILE_OBJECT_FILE	EVENT_MMAP	1523030750086111908
5FE72482-39B4-11E8-BF66-D9AA8AFF4A69	SUBJECT_PROCESS	76A739B1-A13E-FD50-BEA1-B218A0FD0400	FILE_OBJECT_FILE	EVENT_CLOSE	1523030750086111908
5FE72482-39B4-11E8-BF66-D9AA8AFF4A69	SUBJECT_PROCESS	F29977F6-07A2-935B-A207-C4871B93FE07	FILE_OBJECT_FILE	EVENT_OPEN	1523030750086111908
5FE72482-39B4-11E8-BF66-D9AA8AFF4A69	SUBJECT_PROCESS	F29977F6-07A2-935B-A207-C4871B93FE07	FILE_OBJECT_FILE	EVENT_MMAP	1523030750086111908
5FE72482-39B4-11E8-BF66-D9AA8AFF4A69	SUBJECT_PROCESS	F29977F6-07A2-935B-A207-C4871B93FE07	FILE_OBJECT_FILE	EVENT_MMAP	1523030750086111908
5FE72482-39B4-11E8-BF66-D9AA8AFF4A69	SUBJECT_PROCESS	F29977F6-07A2-935B-A207-C4871B93FE07	FILE_OBJECT_FILE	EVENT_MMAP	1523030750086111908
5FE72482-39B4-11E8-BF66-D9AA8AFF4A69	SUBJECT_PROCESS	F29977F6-07A2-935B-A207-C4871B93FE07	FILE_OBJECT_FILE	EVENT_MMAP	1523030750086111908
5FE72482-39B4-11E8-BF66-D9AA8AFF4A69	SUBJECT_PROCESS	F29977F6-07A2-935B-A207-C4871B93FE07	FILE_OBJECT_FILE	EVENT_MMAP	1523030750086111908
5FE72482-39B4-11E8-BF66-D9AA8AFF4A69	SUBJECT_PROCESS	F29977F6-07A2-935B-A207-C4871B93FE07	FILE_OBJECT_FILE	EVENT_MMAP	1523030750086111908
5FE72482-39B4-11E8-BF66-D9AA8AFF4A69	SUBJECT_PROCESS	F29977F6-07A2-935B-A207-C4871B93FE07	FILE_OBJECT_FILE	EVENT_CLOSE	1523030750086111908
5FE72482-39B4-11E8-BF66-D9AA8AFF4A69	SUBJECT_PROCESS	F410BE96-4C0C-765E-8C4C-6F0E2E760020	FILE_OBJECT_FILE	EVENT_OPEN	1523030750086111908
5FE72482-39B4-11E8-BF66-D9AA8AFF4A69	SUBJECT_PROCESS	F410BE96-4C0C-765E-8C4C-6F0E2E760020	FILE_OBJECT_FILE	EVENT_MMAP	1523030750086111908
5FE72482-39B4-11E8-BF66-D9AA8AFF4A69	SUBJECT_PROCESS	F410BE96-4C0C-765E-8C4C-6F0E2E760020	FILE_OBJECT_FILE	EVENT_MMAP	1523030750086111908
5FE72482-39B4-11E8-BF66-D9AA8AFF4A69	SUBJECT_PROCESS	F410BE96-4C0C-765E-8C4C-6F0E2E760020	FILE_OBJECT_FILE	EVENT_CLOSE	1523030750086111908
5FE72482-39B4-11E8-BF66-D9AA8AFF4A69	SUBJECT_PROCESS	BCDBE64D-1703-005A-8317-44DD6A00589D	FILE_OBJECT_FILE	EVENT_OPEN	1523030750086111908
5FE72482-39B4-11E8-BF66-D9AA8AFF4A69	SUBJECT_PROCESS	BCDBE64D-1703-005A-8317-44DD6A00589D	FILE_OBJECT_FILE	EVENT_READ	1523030750086111908
5FE72482-39B4-11E8-BF66-D9AA8AFF4A69	SUBJECT_PROCESS	BCDBE64D-1703-005A-8317-44DD6A00589D	FILE_OBJECT_FILE	EVENT_READ	1523030750086111908
5FE72482-39B4-11E8-BF66-D9AA8AFF4A69	SUBJECT_PROCESS	BCDBE64D-1703-005A-8317-44DD6A00589D	FILE_OBJECT_FILE	EVENT_CLOSE	1523030750086111908
5FE72482-39B4-11E8-BF66-D9AA8AFF4A69	SUBJECT_PROCESS	C53609B6-A912-B65B-92A9-B89E0BB6C2E1	FILE_OBJECT_FILE	EVENT_OPEN	1523030750086111908
5FE72482-39B4-11E8-BF66-D9AA8AFF4A69	SUBJECT_PROCESS	C53609B6-A912-B65B-92A9-B89E0BB6C2E1	FILE_OBJECT_FILE	EVENT_READ	1523030750086111908
5FE72482-39B4-11E8-BF66-D9AA8AFF4A69	SUBJECT_PROCESS	C53609B6-A912-B65B-92A9-B89E0BB6C2E1	FILE_OBJECT_FILE	EVENT_READ	1523030750096119579
5FE72482-39B4-11E8-BF66-D9AA8AFF4A69	SUBJECT_PROCESS	C53609B6-A912-B65B-92A9-B89E0BB6C2E1	FILE_OBJECT_FILE	EVENT_READ	1523030750096119579
5FE72482-39B4-11E8-BF66-D9AA8AFF4A69	SUBJECT_PROCESS	C53609B6-A912-B65B-92A9-B89E0BB6C2E1	FILE_OBJECT_FILE	EVENT_READ	1523030750096119579
5FE72482-39B4-11E8-BF66-D9AA8AFF4A69	SUBJECT_PROCESS	C53609B6-A912-B65B-92A9-B89E0BB6C2E1	FILE_OBJECT_FILE	EVENT_READ	1523030750096119579
5FE72482-39B4-11E8-BF66-D9AA8AFF4A69	SUBJECT_PROCESS	C53609B6-A912-B65B-92A9-B89E0BB6C2E1	FILE_OBJECT_FILE	EVENT_READ	1523030750096119579
5FE72482-39B4-11E8-BF66-D9AA8AFF4A69	SUBJECT_PROCESS	C53609B6-A912-B65B-92A9-B89E0BB6C2E1	FILE_OBJECT_FILE	EVENT_READ	1523030750096119579
5FE72482-39B4-11E8-BF66-D9AA8AFF4A69	SUBJECT_PROCESS	C53609B6-A912-B65B-92A9-B89E0BB6C2E1	FILE_OBJECT_FILE	EVENT_READ	1523030750096119579
5FE72482-39B4-11E8-BF66-D9AA8AFF4A69	SUBJECT_PROCESS	C53609B6-A912-B65B-92A9-B89E0BB6C2E1	FILE_OBJECT_FILE	EVENT_READ	1523030750096119579
5FE72482-39B4-11E8-BF66-D9AA8AFF4A69	SUBJECT_PROCESS	1633500B-D34B-8058-8BD3-ABB7D880915E	FILE_OBJECT_FILE	EVENT_OPEN	1523030750096119579
5FE72482-39B4-11E8-BF66-D9AA8AFF4A69	SUBJECT_PROCESS	1633500B-D34B-8058-8BD3-ABB7D880915E	FILE_OBJECT_FILE	EVENT_OPEN	1523030750096119579
5FE72482-39B4-11E8-BF66-D9AA8AFF4A69	SUBJECT_PROCESS	D5D2F4F4-4EC5-6456-854E-5E2A46640650	FILE_OBJECT_FILE	EVENT_OPEN	1523030750096119579
5FE72482-39B4-11E8-BF66-D9AA8AFF4A69	SUBJECT_PROCESS	D5D2F4F4-4EC5-6456-854E-5E2A46640650	FILE_OBJECT_FILE	EVENT_READ	1523030750096119579
5FE72482-39B4-11E8-BF66-D9AA8AFF4A69	SUBJECT_PROCESS	D5D2F4F4-4EC5-6456-854E-5E2A46640650	FILE_OBJECT_FILE	EVENT_READ	1523030750096119579
5FE72482-39B4-11E8-BF66-D9AA8AFF4A69	SUBJECT_PROCESS	D5D2F4F4-4EC5-6456-854E-5E2A46640650	FILE_OBJECT_FILE	EVENT_READ	1523030750096119579
5FE72482-39B4-11E8-BF66-D9AA8AFF4A69	SUBJECT_PROCESS	D5D2F4F4-4EC5-6456-854E-5E2A46640650	FILE_OBJECT_FILE	EVENT_CLOSE	1523030750096119579
5FE72482-39B4-11E8-BF66-D9AA8AFF4A69	SUBJECT_PROCESS	AE441C70-DEC0-BD5F-80DE-3DE4DFBDF253	FILE_OBJECT_FILE	EVENT_OPEN	1523030750096119579
5FE72482-39B4-11E8-BF66-D9AA8AFF4A69	SUBJECT_PROCESS	AE441C70-DEC0-BD5F-80DE-3DE4DFBDF253	FILE_OBJECT_FILE	EVENT_READ	1523030750096119579
5FE72482-39B4-11E8-BF66-D9AA8AFF4A69	SUBJECT_PROCESS	AE441C70-DEC0-BD5F-80DE-3DE4DFBDF253	FILE_OBJECT_FILE	EVENT_CLOSE	1523030750096119579
5FE72482-39B4-11E8-BF66-D9AA8AFF4A69	SUBJECT_PROCESS	104A8C35-2200-3156-8022-4129E631EA52	FILE_OBJECT_FILE	EVENT_OPEN	1523030750096119579
5FE72482-39B4-11E8-BF66-D9AA8AFF4A69	SUBJECT_PROCESS	104A8C35-2200-3156-8022-4129E631EA52	FILE_OBJECT_FILE	EVENT_READ	1523030750096119579
5FE72482-39B4-11E8-BF66-D9AA8AFF4A69	SUBJECT_PROCESS	104A8C35-2200-3156-8022-4129E631EA52	FILE_OBJECT_FILE	EVENT_CLOSE	1523030750096119579
5FE72482-39B4-11E8-BF66-D9AA8AFF4A69	SUBJECT_PROCESS	C53609B6-A912-B65B-92A9-B89E0BB6C2E1	FILE_OBJECT_FILE	EVENT_CLOSE	1523030750096119579
5FE72482-39B4-11E8-BF66-D9AA8AFF4A69	SUBJECT_PROCESS	C53609B6-A912-B65B-92A9-B89E0BB6C2E1	FILE_OBJECT_FILE	EVENT_OPEN	1523030750106114959
5FE72482-39B4-11E8-BF66-D9AA8AFF4A69	SUBJECT_PROCESS	C53609B6-A912-B65B-92A9-B89E0BB6C2E1	FILE_OBJECT_FILE	EVENT_READ	1523030750106114959
5FE72482-39B4-11E8-BF66-D9AA8AFF4A69	SUBJECT_PROCESS	C53609B6-A912-B65B-92A9-B89E0BB6C2E1	FILE_OBJECT_FILE	EVENT_READ	1523030750106114959
5FE72482-39B4-11E8-BF66-D9AA8AFF4A69	SUBJECT_PROCESS	C53609B6-A912-B65B-92A9-B89E0BB6C2E1	FILE_OBJECT_FILE	EVENT_READ	1523030750106114959
5FE72482-39B4-11E8-BF66-D9AA8AFF4A69	SUBJECT_PROCESS	C53609B6-A912-B65B-92A9-B89E0BB6C2E1	FILE_OBJECT_FILE	EVENT_READ	1523030750106114959
5FE72482-39B4-11E8-BF66-D9AA8AFF4A69	SUBJECT_PROCESS	C53609B6-A912-B65B-92A9-B89E0BB6C2E1	FILE_OBJECT_FILE	EVENT_READ	1523030750106114959
5FE72482-39B4-11E8-BF66-D9AA8AFF4A69	SUBJECT_PROCESS	C53609B6-A912-B65B-92A9-B89E0BB6C2E1	FILE_OBJECT_FILE	EVENT_READ	1523030750106114959
5FE72482-39B4-11E8-BF66-D9AA8AFF4A69	SUBJECT_PROCESS	C53609B6-A912-B65B-92A9-B89E0BB6C2E1	FILE_OBJECT_FILE	EVENT_READ	1523030750106114959
5FE72482-39B4-11E8-BF66-D9AA8AFF4A69	SUBJECT_PROCESS	C53609B6-A912-B65B-92A9-B89E0BB6C2E1	FILE_OBJECT_FILE	EVENT_READ	1523030750106114959
5FE72482-39B4-11E8-BF66-D9AA8AFF4A69	SUBJECT_PROCESS	C53609B6-A912-B65B-92A9-B89E0BB6C2E1	FILE_OBJECT_FILE	EVENT_READ	1523030750106114959
5FE72482-39B4-11E8-BF66-D9AA8AFF4A69	SUBJECT_PROCESS	C53609B6-A912-B65B-92A9-B89E0BB6C2E1	FILE_OBJECT_FILE	EVENT_CLOSE	1523030750106114959
5FE72482-39B4-11E8-BF66-D9AA8AFF4A69	SUBJECT_PROCESS	C53609B6-A912-B65B-92A9-B89E0BB6C2E1	FILE_OBJECT_FILE	EVENT_OPEN	1523030750106114959
5FE72482-39B4-11E8-BF66-D9AA8AFF4A69	SUBJECT_PROCESS	C53609B6-A912-B65B-92A9-B89E0BB6C2E1	FILE_OBJECT_FILE	EVENT_READ	1523030750106114959
5FE72482-39B4-11E8-BF66-D9AA8AFF4A69	SUBJECT_PROCESS	C53609B6-A912-B65B-92A9-B89E0BB6C2E1	FILE_OBJECT_FILE	EVENT_READ	1523030750106114959
5FE72482-39B4-11E8-BF66-D9AA8AFF4A69	SUBJECT_PROCESS	C53609B6-A912-B65B-92A9-B89E0BB6C2E1	FILE_OBJECT_FILE	EVENT_READ	1523030750106114959
5FE72482-39B4-11E8-BF66-D9AA8AFF4A69	SUBJECT_PROCESS	C53609B6-A912-B65B-92A9-B89E0BB6C2E1	FILE_OBJECT_FILE	EVENT_READ	1523030750106114959
5FE72482-39B4-11E8-BF66-D9AA8AFF4A69	SUBJECT_PROCESS	C53609B6-A912-B65B-92A9-B89E0BB6C2E1	FILE_OBJECT_FILE	EVENT_READ	1523030750106114959
5FE72482-39B4-11E8-BF66-D9AA8AFF4A69	SUBJECT_PROCESS	C53609B6-A912-B65B-92A9-B89E0BB6C2E1	FILE_OBJECT_FILE	EVENT_READ	1523030750106114959
5FE72482-39B4-11E8-BF66-D9AA8AFF4A69	SUBJECT_PROCESS	C53609B6-A912-B65B-92A9-B89E0BB6C2E1	FILE_OBJECT_FILE	EVENT_READ	1523030750106114959
5FE72482-39B4-11E8-BF66-D9AA8AFF4A69	SUBJECT_PROCESS	C53609B6-A912-B65B-92A9-B89E0BB6C2E1	FILE_OBJECT_FILE	EVENT_READ	1523030750106114959
5FE72482-39B4-11E8-BF66-D9AA8AFF4A69	SUBJECT_PROCESS	C53609B6-A912-B65B-92A9-B89E0BB6C2E1	FILE_OBJECT_FILE	EVENT_READ	1523030750106114959
5FE72482-39B4-11E8-BF66-D9AA8AFF4A69	SUBJECT_PROCESS	C53609B6-A912-B65B-92A9-B89E0BB6C2E1	FILE_OBJECT_FILE	EVENT_CLOSE	1523030750106114959
5FE72482-39B4-11E8-BF66-D9AA8AFF4A69	SUBJECT_PROCESS	C53609B6-A912-B65B-92A9-B89E0BB6C2E1	FILE_OBJECT_FILE	EVENT_OPEN	1523030750106114959
5FE72482-39B4-11E8-BF66-D9AA8AFF4A69	SUBJECT_PROCESS	C53609B6-A912-B65B-92A9-B89E0BB6C2E1	FILE_OBJECT_FILE	EVENT_READ	1523030750106114959
5FE72482-39B4-11E8-BF66-D9AA8AFF4A69	SUBJECT_PROCESS	C53609B6-A912-B65B-92A9-B89E0BB6C2E1	FILE_OBJECT_FILE	EVENT_READ	1523030750106114959
5FE72482-39B4-11E8-BF66-D9AA8AFF4A69	SUBJECT_PROCESS	C53609B6-A912-B65B-92A9-B89E0BB6C2E1	FILE_OBJECT_FILE	EVENT_READ	1523030750106114959
5FE72482-39B4-11E8-BF66-D9AA8AFF4A69	SUBJECT_PROCESS	C53609B6-A912-B65B-92A9-B89E0BB6C2E1	FILE_OBJECT_FILE	EVENT_READ	1523030750106114959
5FE72482-39B4-11E8-BF66-D9AA8AFF4A69	SUBJECT_PROCESS	C53609B6-A912-B65B-92A9-B89E0BB6C2E1	FILE_OBJECT_FILE	EVENT_READ	1523030750106114959
5FE72482-39B4-11E8-BF66-D9AA8AFF4A69	SUBJECT_PROCESS	C53609B6-A912-B65B-92A9-B89E0BB6C2E1	FILE_OBJECT_FILE	EVENT_READ	1523030750106114959
5FE72482-39B4-11E8-BF66-D9AA8AFF4A69	SUBJECT_PROCESS	C53609B6-A912-B65B-92A9-B89E0BB6C2E1	FILE_OBJECT_FILE	EVENT_READ	1523030750106114959
5FE72482-39B4-11E8-BF66-D9AA8AFF4A69	SUBJECT_PROCESS	C53609B6-A912-B65B-92A9-B89E0BB6C2E1	FILE_OBJECT_FILE	EVENT_READ	1523030750106114959
5FE72482-39B4-11E8-BF66-D9AA8AFF4A69	SUBJECT_PROCESS	C53609B6-A912-B65B-92A9-B89E0BB6C2E1	FILE_OBJECT_FILE	EVENT_READ	1523030750116113520
5FE72482-39B4-11E8-BF66-D9AA8AFF4A69	SUBJECT_PROCESS	C53609B6-A912-B65B-92A9-B89E0BB6C2E1	FILE_OBJECT_FILE	EVENT_CLOSE	1523030750116113520
5FE72482-39B4-11E8-BF66-D9AA8AFF4A69	SUBJECT_PROCESS	C53609B6-A912-B65B-92A9-B89E0BB6C2E1	FILE_OBJECT_FILE	EVENT_OPEN	1523030750116113520
5FE72482-39B4-11E8-BF66-D9AA8AFF4A69	SUBJECT_PROCESS	C53609B6-A912-B65B-92A9-B89E0BB6C2E1	FILE_OBJECT_FILE	EVENT_READ	1523030750116113520
5FE72482-39B4-11E8-BF66-D9AA8AFF4A69	SUBJECT_PROCESS	C53609B6-A912-B65B-92A9-B89E0BB6C2E1	FILE_OBJECT_FILE	EVENT_READ	1523030750116113520
5FE72482-39B4-11E8-BF66-D9AA8AFF4A69	SUBJECT_PROCESS	C53609B6-A912-B65B-92A9-B89E0BB6C2E1	FILE_OBJECT_FILE	EVENT_READ	1523030750116113520
5FE72482-39B4-11E8-BF66-D9AA8AFF4A69	SUBJECT_PROCESS	C53609B6-A912-B65B-92A9-B89E0BB6C2E1	FILE_OBJECT_FILE	EVENT_READ	1523030750116113520
5FE72482-39B4-11E8-BF66-D9AA8AFF4A69	SUBJECT_PROCESS	C53609B6-A912-B65B-92A9-B89E0BB6C2E1	FILE_OBJECT_FILE	EVENT_READ	1523030750116113520
5FE72482-39B4-11E8-BF66-D9AA8AFF4A69	SUBJECT_PROCESS	C53609B6-A912-B65B-92A9-B89E0BB6C2E1	FILE_OBJECT_FILE	EVENT_READ	1523030750116113520
5FE72482-39B4-11E8-BF66-D9AA8AFF4A69	SUBJECT_PROCESS	C53609B6-A912-B65B-92A9-B89E0BB6C2E1	FILE_OBJECT_FILE	EVENT_READ	1523030750116113520
5FE72482-39B4-11E8-BF66-D9AA8AFF4A69	SUBJECT_PROCESS	C53609B6-A912-B65B-92A9-B89E0BB6C2E1	FILE_OBJECT_FILE	EVENT_READ	1523030750116113520
5FE72482-39B4-11E8-BF66-D9AA8AFF4A69	SUBJECT_PROCESS	C53609B6-A912-B65B-92A9-B89E0BB6C2E1	FILE_OBJECT_FILE	EVENT_READ	1523030750116113520
5FE72482-39B4-11E8-BF66-D9AA8AFF4A69	SUBJECT_PROCESS	C53609B6-A912-B65B-92A9-B89E0BB6C2E1	FILE_OBJECT_FILE	EVENT_CLOSE	1523030750116113520
5FE72482-39B4-11E8-BF66-D9AA8AFF4A69	SUBJECT_PROCESS	C53609B6-A912-B65B-92A9-B89E0BB6C2E1	FILE_OBJECT_FILE	EVENT_OPEN	1523030750116113520
5FE72482-39B4-11E8-BF66-D9AA8AFF4A69	SUBJECT_PROCESS	C53609B6-A912-B65B-92A9-B89E0BB6C2E1	FILE_OBJECT_FILE	EVENT_READ	1523030750116113520
5FE72482-39B4-11E8-BF66-D9AA8AFF4A69	SUBJECT_PROCESS	C53609B6-A912-B65B-92A9-B89E0BB6C2E1	FILE_OBJECT_FILE	EVENT_READ	1523030750116113520
5FE72482-39B4-11E8-BF66-D9AA8AFF4A69	SUBJECT_PROCESS	C53609B6-A912-B65B-92A9-B89E0BB6C2E1	FILE_OBJECT_FILE	EVENT_READ	1523030750116113520
5FE72482-39B4-11E8-BF66-D9AA8AFF4A69	SUBJECT_PROCESS	C53609B6-A912-B65B-92A9-B89E0BB6C2E1	FILE_OBJECT_FILE	EVENT_READ	1523030750116113520
5FE72482-39B4-11E8-BF66-D9AA8AFF4A69	SUBJECT_PROCESS	C53609B6-A912-B65B-92A9-B89E0BB6C2E1	FILE_OBJECT_FILE	EVENT_READ	1523030750116113520
5FE72482-39B4-11E8-BF66-D9AA8AFF4A69	SUBJECT_PROCESS	C53609B6-A912-B65B-92A9-B89E0BB6C2E1	FILE_OBJECT_FILE	EVENT_READ	1523030750116113520
5FE72482-39B4-11E8-BF66-D9AA8AFF4A69	SUBJECT_PROCESS	C53609B6-A912-B65B-92A9-B89E0BB6C2E1	FILE_OBJECT_FILE	EVENT_READ	1523030750116113520
5FE72482-39B4-11E8-BF66-D9AA8AFF4A69	SUBJECT_PROCESS	C53609B6-A912-B65B-92A9-B89E0BB6C2E1	FILE_OBJECT_FILE	EVENT_READ	1523030750116113520
5FE72482-39B4-11E8-BF66-D9AA8AFF4A69	SUBJECT_PROCESS	C53609B6-A912-B65B-92A9-B89E0BB6C2E1	FILE_OBJECT_FILE	EVENT_READ	1523030750116113520
5FE72482-39B4-11E8-BF66-D9AA8AFF4A69	SUBJECT_PROCESS	C53609B6-A912-B65B-92A9-B89E0BB6C2E1	FILE_OBJECT_FILE	EVENT_CLOSE	1523030750116113520
5FE72482-39B4-11E8-BF66-D9AA8AFF4A69	SUBJECT_PROCESS	C53609B6-A912-B65B-92A9-B89E0BB6C2E1	FILE_OBJECT_FILE	EVENT_OPEN	1523030750116113520
5FE72482-39B4-11E8-BF66-D9AA8AFF4A69	SUBJECT_PROCESS	C53609B6-A912-B65B-92A9-B89E0BB6C2E1	FILE_OBJECT_FILE	EVENT_READ	1523030750116113520
5FE72482-39B4-11E8-BF66-D9AA8AFF4A69	SUBJECT_PROCESS	C53609B6-A912-B65B-92A9-B89E0BB6C2E1	FILE_OBJECT_FILE	EVENT_READ	1523030750116113520
5FE72482-39B4-11E8-BF66-D9AA8AFF4A69	SUBJECT_PROCESS	C53609B6-A912-B65B-92A9-B89E0BB6C2E1	FILE_OBJECT_FILE	EVENT_READ	1523030750116113520
5FE72482-39B4-11E8-BF66-D9AA8AFF4A69	SUBJECT_PROCESS	C53609B6-A912-B65B-92A9-B89E0BB6C2E1	FILE_OBJECT_FILE	EVENT_READ	1523030750116113520
5FE72482-39B4-11E8-BF66-D9AA8AFF4A69	SUBJECT_PROCESS	C53609B6-A912-B65B-92A9-B89E0BB6C2E1	FILE_OBJECT_FILE	EVENT_READ	1523030750116113520
5FE72482-39B4-11E8-BF66-D9AA8AFF4A69	SUBJECT_PROCESS	C53609B6-A912-B65B-92A9-B89E0BB6C2E1	FILE_OBJECT_FILE	EVENT_READ	1523030750116113520
5FE72482-39B4-11E8-BF66-D9AA8AFF4A69	SUBJECT_PROCESS	C53609B6-A912-B65B-92A9-B89E0BB6C2E1	FILE_OBJECT_FILE	EVENT_READ	1523030750126112751
5FE72482-39B4-11E8-BF66-D9AA8AFF4A69	SUBJECT_PROCESS	C53609B6-A912-B65B-92A9-B89E0BB6C2E1	FILE_OBJECT_FILE	EVENT_READ	1523030750126112751
5FE72482-39B4-11E8-BF66-D9AA8AFF4A69	SUBJECT_PROCESS	C53609B6-A912-B65B-92A9-B89E0BB6C2E1	FILE_OBJECT_FILE	EVENT_READ	1523030750126112751
5FE72482-39B4-11E8-BF66-D9AA8AFF4A69	SUBJECT_PROCESS	C53609B6-A912-B65B-92A9-B89E0BB6C2E1	FILE_OBJECT_FILE	EVENT_CLOSE	1523030750126112751
5FE72482-39B4-11E8-BF66-D9AA8AFF4A69	SUBJECT_PROCESS	5E813864-31EB-5847-BF65-960A222444C1	UnnamedPipeObject	EVENT_WRITE	1523030750126112751
5FE75E3E-39B4-11E8-BF66-D9AA8AFF4A69	SUBJECT_PROCESS	5E813864-31EB-5847-BF65-960A222444C1	UnnamedPipeObject	EVENT_READ	1523030750126112751
5FE72482-39B4-11E8-BF66-D9AA8AFF4A69	SUBJECT_PROCESS	5FE72482-39B4-11E8-BF66-D9AA8AFF4A69	SUBJECT_PROCESS	EVENT_EXIT	1523030750126112751
5FE75E3E-39B4-11E8-BF66-D9AA8AFF4A69	SUBJECT_PROCESS	FADB56EB-6919-8A51-9969-955CD18AFFC9	FILE_OBJECT_FILE	EVENT_WRITE	1523030750126112751
5FE75E3E-39B4-11E8-BF66-D9AA8AFF4A69	SUBJECT_PROCESS	5FE75E3E-39B4-11E8-BF66-D9AA8AFF4A69	SUBJECT_PROCESS	EVENT_EXIT	1523030750126112751
D59C58B7-373D-11E8-BF66-D9AA8AFF4A69	SUBJECT_PROCESS	5FF083E2-39B4-11E8-BF66-D9AA8AFF4A69	SUBJECT_PROCESS	EVENT_FORK	1523030750126112751
5FF083E2-39B4-11E8-BF66-D9AA8AFF4A69	SUBJECT_PROCESS	CC349957-3DA4-8E5E-A43D-C7740E8ECAA9	FILE_OBJECT_FILE	EVENT_CLOSE	1523030750126112751
5FF083E2-39B4-11E8-BF66-D9AA8AFF4A69	SUBJECT_PROCESS	6C836AA2-BB54-3A58-94BB-1E5D583A637E	FILE_OBJECT_FILE	EVENT_EXECUTE	1523030750126112751
5FF083E2-39B4-11E8-BF66-D9AA8AFF4A69	SUBJECT_PROCESS	7A350F75-9945-425D-8599-15CEBD426F06	FILE_OBJECT_FILE	EVENT_EXECUTE	1523030750126112751
5FF083E2-39B4-11E8-BF66-D9AA8AFF4A69	SUBJECT_PROCESS	51110606-D232-9652-B2D2-3A7242968F8A	FILE_OBJECT_FILE	EVENT_OPEN	1523030750126112751
5FF083E2-39B4-11E8-BF66-D9AA8AFF4A69	SUBJECT_PROCESS	51110606-D232-9652-B2D2-3A7242968F8A	FILE_OBJECT_FILE	EVENT_READ	1523030750126112751
5FF083E2-39B4-11E8-BF66-D9AA8AFF4A69	SUBJECT_PROCESS	51110606-D232-9652-B2D2-3A7242968F8A	FILE_OBJECT_FILE	EVENT_CLOSE	1523030750126112751
5FF083E2-39B4-11E8-BF66-D9AA8AFF4A69	SUBJECT_PROCESS	8A44F292-648B-7854-8B64-00F954785A79	FILE_OBJECT_FILE	EVENT_OPEN	1523030750126112751
5FF083E2-39B4-11E8-BF66-D9AA8AFF4A69	SUBJECT_PROCESS	8A44F292-648B-7854-8B64-00F954785A79	FILE_OBJECT_FILE	EVENT_READ	1523030750126112751
5FF083E2-39B4-11E8-BF66-D9AA8AFF4A69	SUBJECT_PROCESS	8A44F292-648B-7854-8B64-00F954785A79	FILE_OBJECT_FILE	EVENT_READ	1523030750126112751
5FF083E2-39B4-11E8-BF66-D9AA8AFF4A69	SUBJECT_PROCESS	8A44F292-648B-7854-8B64-00F954785A79	FILE_OBJECT_FILE	EVENT_CLOSE	1523030750126112751
5FF083E2-39B4-11E8-BF66-D9AA8AFF4A69	SUBJECT_PROCESS	76A739B1-A13E-FD50-BEA1-B218A0FD0400	FILE_OBJECT_FILE	EVENT_OPEN	1523030750126112751
5FF083E2-39B4-11E8-BF66-D9AA8AFF4A69	SUBJECT_PROCESS	76A739B1-A13E-FD50-BEA1-B218A0FD0400	FILE_OBJECT_FILE	EVENT_MMAP	1523030750126112751
5FF083E2-39B4-11E8-BF66-D9AA8AFF4A69	SUBJECT_PROCESS	76A739B1-A13E-FD50-BEA1-B218A0FD0400	FILE_OBJECT_FILE	EVENT_MMAP	1523030750126112751
5FF083E2-39B4-11E8-BF66-D9AA8AFF4A69	SUBJECT_PROCESS	76A739B1-A13E-FD50-BEA1-B218A0FD0400	FILE_OBJECT_FILE	EVENT_MMAP	1523030750136113102
5FF083E2-39B4-11E8-BF66-D9AA8AFF4A69	SUBJECT_PROCESS	76A739B1-A13E-FD50-BEA1-B218A0FD0400	FILE_OBJECT_FILE	EVENT_MMAP	1523030750136113102
5FF083E2-39B4-11E8-BF66-D9AA8AFF4A69	SUBJECT_PROCESS	76A739B1-A13E-FD50-BEA1-B218A0FD0400	FILE_OBJECT_FILE	EVENT_MMAP	1523030750136113102
5FF083E2-39B4-11E8-BF66-D9AA8AFF4A69	SUBJECT_PROCESS	76A739B1-A13E-FD50-BEA1-B218A0FD0400	FILE_OBJECT_FILE	EVENT_MMAP	1523030750136113102
5FF083E2-39B4-11E8-BF66-D9AA8AFF4A69	SUBJECT_PROCESS	76A739B1-A13E-FD50-BEA1-B218A0FD0400	FILE_OBJECT_FILE	EVENT_CLOSE	1523030750136113102
5FF083E2-39B4-11E8-BF66-D9AA8AFF4A69	SUBJECT_PROCESS	F410BE96-4C0C-765E-8C4C-6F0E2E760020	FILE_OBJECT_FILE	EVENT_OPEN	1523030750136113102
5FF083E2-39B4-11E8-BF66-D9AA8AFF4A69	SUBJECT_PROCESS	F410BE96-4C0C-765E-8C4C-6F0E2E760020	FILE_OBJECT_FILE	EVENT_MMAP	1523030750136113102
5FF083E2-39B4-11E8-BF66-D9AA8AFF4A69	SUBJECT_PROCESS	F410BE96-4C0C-765E-8C4C-6F0E2E760020	FILE_OBJECT_FILE	EVENT_MMAP	1523030750136113102
5FF083E2-39B4-11E8-BF66-D9AA8AFF4A69	SUBJECT_PROCESS	F410BE96-4C0C-765E-8C4C-6F0E2E760020	FILE_OBJECT_FILE	EVENT_CLOSE	1523030750136113102
72FB0406-3678-11E8-BF66-D9AA8AFF4A69	SUBJECT_PROCESS	5FC11535-39B4-11E8-BF66-D9AA8AFF4A69	FILE_OBJECT_UNIX_SOCKET	EVENT_CLOSE	1523030750816115396
72FB0406-3678-11E8-BF66-D9AA8AFF4A69	SUBJECT_PROCESS	5FC115D1-39B4-11E8-BF66-D9AA8AFF4A69	FILE_OBJECT_UNIX_SOCKET	EVENT_CLOSE	1523030750816115396
72FB0406-3678-11E8-BF66-D9AA8AFF4A69	SUBJECT_PROCESS	6059A999-39B4-11E8-BF66-D9AA8AFF4A69	FILE_OBJECT_UNIX_SOCKET	EVENT_CREATE_OBJECT	1523030750816115396
72FB0406-3678-11E8-BF66-D9AA8AFF4A69	SUBJECT_PROCESS	6059AA3D-39B4-11E8-BF66-D9AA8AFF4A69	FILE_OBJECT_UNIX_SOCKET	EVENT_CREATE_OBJECT	1523030750816115396
1E51718B-39B3-11E8-BF66-D9AA8AFF4A69	SUBJECT_PROCESS	1E5157A9-39B3-11E8-BF66-D9AA8AFF4A69	NetFlowObject	EVENT_WRITE	1523030750926113535
1E51718B-39B3-11E8-BF66-D9AA8AFF4A69	SUBJECT_PROCESS	1E5157A9-39B3-11E8-BF66-D9AA8AFF4A69	NetFlowObject	EVENT_READ	1523030750926113535
1E51718B-39B3-11E8-BF66-D9AA8AFF4A69	SUBJECT_PROCESS	1E5157A9-39B3-11E8-BF66-D9AA8AFF4A69	NetFlowObject	EVENT_WRITE	1523030750926113535
1E51718B-39B3-11E8-BF66-D9AA8AFF4A69	SUBJECT_PROCESS	1E5157A9-39B3-11E8-BF66-D9AA8AFF4A69	NetFlowObject	EVENT_READ	1523030750926113535
1E51718B-39B3-11E8-BF66-D9AA8AFF4A69	SUBJECT_PROCESS	1E5157A9-39B3-11E8-BF66-D9AA8AFF4A69	NetFlowObject	EVENT_WRITE	1523030750926113535
1E51718B-39B3-11E8-BF66-D9AA8AFF4A69	SUBJECT_PROCESS	1E5157A9-39B3-11E8-BF66-D9AA8AFF4A69	NetFlowObject	EVENT_READ	1523030750926113535
1E51718B-39B3-11E8-BF66-D9AA8AFF4A69	SUBJECT_PROCESS	1E5157A9-39B3-11E8-BF66-D9AA8AFF4A69	NetFlowObject	EVENT_WRITE	1523030750926113535
1E51718B-39B3-11E8-BF66-D9AA8AFF4A69	SUBJECT_PROCESS	1E5157A9-39B3-11E8-BF66-D9AA8AFF4A69	NetFlowObject	EVENT_READ	1523030750926113535
1E51718B-39B3-11E8-BF66-D9AA8AFF4A69	SUBJECT_PROCESS	1E5157A9-39B3-11E8-BF66-D9AA8AFF4A69	NetFlowObject	EVENT_WRITE	1523030750926113535
5FF083E2-39B4-11E8-BF66-D9AA8AFF4A69	SUBJECT_PROCESS	5FF083E2-39B4-11E8-BF66-D9AA8AFF4A69	SUBJECT_PROCESS	EVENT_EXIT	1523030751156109483
D59C58B7-373D-11E8-BF66-D9AA8AFF4A69	SUBJECT_PROCESS	608D7064-39B4-11E8-BF66-D9AA8AFF4A69	SUBJECT_PROCESS	EVENT_FORK	1523030751156109483
608D7064-39B4-11E8-BF66-D9AA8AFF4A69	SUBJECT_PROCESS	CC349957-3DA4-8E5E-A43D-C7740E8ECAA9	FILE_OBJECT_FILE	EVENT_CLOSE	1523030751156109483
608D7064-39B4-11E8-BF66-D9AA8AFF4A69	SUBJECT_PROCESS	0A5174D8-80FB-4258-BB80-C79A98427D6A	FILE_OBJECT_FILE	EVENT_EXECUTE	1523030751156109483
608D7064-39B4-11E8-BF66-D9AA8AFF4A69	SUBJECT_PROCESS	7A350F75-9945-425D-8599-15CEBD426F06	FILE_OBJECT_FILE	EVENT_EXECUTE	1523030751156109483
608D7064-39B4-11E8-BF66-D9AA8AFF4A69	SUBJECT_PROCESS	51110606-D232-9652-B2D2-3A7242968F8A	FILE_OBJECT_FILE	EVENT_OPEN	1523030751156109483
608D7064-39B4-11E8-BF66-D9AA8AFF4A69	SUBJECT_PROCESS	51110606-D232-9652-B2D2-3A7242968F8A	FILE_OBJECT_FILE	EVENT_READ	1523030751156109483
608D7064-39B4-11E8-BF66-D9AA8AFF4A69	SUBJECT_PROCESS	51110606-D232-9652-B2D2-3A7242968F8A	FILE_OBJECT_FILE	EVENT_CLOSE	1523030751156109483
608D7064-39B4-11E8-BF66-D9AA8AFF4A69	SUBJECT_PROCESS	8A44F292-648B-7854-8B64-00F954785A79	FILE_OBJECT_FILE	EVENT_OPEN	1523030751156109483
608D7064-39B4-11E8-BF66-D9AA8AFF4A69	SUBJECT_PROCESS	8A44F292-648B-7854-8B64-00F954785A79	FILE_OBJECT_FILE	EVENT_READ	1523030751156109483
608D7064-39B4-11E8-BF66-D9AA8AFF4A69	SUBJECT_PROCESS	8A44F292-648B-7854-8B64-00F954785A79	FILE_OBJECT_FILE	EVENT_READ	1523030751156109483
608D7064-39B4-11E8-BF66-D9AA8AFF4A69	SUBJECT_PROCESS	8A44F292-648B-7854-8B64-00F954785A79	FILE_OBJECT_FILE	EVENT_CLOSE	1523030751156109483
608D7064-39B4-11E8-BF66-D9AA8AFF4A69	SUBJECT_PROCESS	76A739B1-A13E-FD50-BEA1-B218A0FD0400	FILE_OBJECT_FILE	EVENT_OPEN	1523030751156109483
608D7064-39B4-11E8-BF66-D9AA8AFF4A69	SUBJECT_PROCESS	76A739B1-A13E-FD50-BEA1-B218A0FD0400	FILE_OBJECT_FILE	EVENT_MMAP	1523030751156109483
608D7064-39B4-11E8-BF66-D9AA8AFF4A69	SUBJECT_PROCESS	76A739B1-A13E-FD50-BEA1-B218A0FD0400	FILE_OBJECT_FILE	EVENT_MMAP	1523030751156109483
608D7064-39B4-11E8-BF66-D9AA8AFF4A69	SUBJECT_PROCESS	76A739B1-A13E-FD50-BEA1-B218A0FD0400	FILE_OBJECT_FILE	EVENT_MMAP	1523030751156109483
608D7064-39B4-11E8-BF66-D9AA8AFF4A69	SUBJECT_PROCESS	76A739B1-A13E-FD50-BEA1-B218A0FD0400	FILE_OBJECT_FILE	EVENT_MMAP	1523030751156109483
608D7064-39B4-11E8-BF66-D9AA8AFF4A69	SUBJECT_PROCESS	76A739B1-A13E-FD50-BEA1-B218A0FD0400	FILE_OBJECT_FILE	EVENT_MMAP	1523030751156109483
608D7064-39B4-11E8-BF66-D9AA8AFF4A69	SUBJECT_PROCESS	76A739B1-A13E-FD50-BEA1-B218A0FD0400	FILE_OBJECT_FILE	EVENT_MMAP	1523030751156109483
608D7064-39B4-11E8-BF66-D9AA8AFF4A69	SUBJECT_PROCESS	76A739B1-A13E-FD50-BEA1-B218A0FD0400	FILE_OBJECT_FILE	EVENT_CLOSE	1523030751156109483
608D7064-39B4-11E8-BF66-D9AA8AFF4A69	SUBJECT_PROCESS	F410BE96-4C0C-765E-8C4C-6F0E2E760020	FILE_OBJECT_FILE	EVENT_OPEN	1523030751156109483
608D7064-39B4-11E8-BF66-D9AA8AFF4A69	SUBJECT_PROCESS	F410BE96-4C0C-765E-8C4C-6F0E2E760020	FILE_OBJECT_FILE	EVENT_MMAP	1523030751156109483
608D7064-39B4-11E8-BF66-D9AA8AFF4A69	SUBJECT_PROCESS	F410BE96-4C0C-765E-8C4C-6F0E2E760020	FILE_OBJECT_FILE	EVENT_MMAP	1523030751156109483
608D7064-39B4-11E8-BF66-D9AA8AFF4A69	SUBJECT_PROCESS	F410BE96-4C0C-765E-8C4C-6F0E2E760020	FILE_OBJECT_FILE	EVENT_CLOSE	1523030751156109483
608D7064-39B4-11E8-BF66-D9AA8AFF4A69	SUBJECT_PROCESS	AE441C70-DEC0-BD5F-80DE-3DE4DFBDF253	FILE_OBJECT_FILE	EVENT_OPEN	1523030751156109483
608D7064-39B4-11E8-BF66-D9AA8AFF4A69	SUBJECT_PROCESS	AE441C70-DEC0-BD5F-80DE-3DE4DFBDF253	FILE_OBJECT_FILE	EVENT_READ	1523030751166113364
608D7064-39B4-11E8-BF66-D9AA8AFF4A69	SUBJECT_PROCESS	AE441C70-DEC0-BD5F-80DE-3DE4DFBDF253	FILE_OBJECT_FILE	EVENT_CLOSE	1523030751166113364
608D7064-39B4-11E8-BF66-D9AA8AFF4A69	SUBJECT_PROCESS	104A8C35-2200-3156-8022-4129E631EA52	FILE_OBJECT_FILE	EVENT_OPEN	1523030751166113364
608D7064-39B4-11E8-BF66-D9AA8AFF4A69	SUBJECT_PROCESS	104A8C35-2200-3156-8022-4129E631EA52	FILE_OBJECT_FILE	EVENT_READ	1523030751166113364
608D7064-39B4-11E8-BF66-D9AA8AFF4A69	SUBJECT_PROCESS	104A8C35-2200-3156-8022-4129E631EA52	FILE_OBJECT_FILE	EVENT_CLOSE	1523030751166113364
608D7064-39B4-11E8-BF66-D9AA8AFF4A69	SUBJECT_PROCESS	DB1A5421-4509-D15D-8945-9F45CDD1A77E	FILE_OBJECT_FILE	EVENT_WRITE	1523030751166113364
608D7064-39B4-11E8-BF66-D9AA8AFF4A69	SUBJECT_PROCESS	608D7064-39B4-11E8-BF66-D9AA8AFF4A69	SUBJECT_PROCESS	EVENT_EXIT	1523030751166113364
D59C58B7-373D-11E8-BF66-D9AA8AFF4A69	SUBJECT_PROCESS	608F3122-39B4-11E8-BF66-D9AA8AFF4A69	SUBJECT_PROCESS	EVENT_FORK	1523030751166113364
608F3122-39B4-11E8-BF66-D9AA8AFF4A69	SUBJECT_PROCESS	CC349957-3DA4-8E5E-A43D-C7740E8ECAA9	FILE_OBJECT_FILE	EVENT_CLOSE	1523030751166113364
608F3122-39B4-11E8-BF66-D9AA8AFF4A69	SUBJECT_PROCESS	76899EA5-9D25-4352-A59D-8CB74243F4C0	FILE_OBJECT_FILE	EVENT_EXECUTE	1523030751166113364
608F3122-39B4-11E8-BF66-D9AA8AFF4A69	SUBJECT_PROCESS	7A350F75-9945-425D-8599-15CEBD426F06	FILE_OBJECT_FILE	EVENT_EXECUTE	1523030751166113364
608F3122-39B4-11E8-BF66-D9AA8AFF4A69	SUBJECT_PROCESS	51110606-D232-9652-B2D2-3A7242968F8A	FILE_OBJECT_FILE	EVENT_OPEN	1523030751166113364
608F3122-39B4-11E8-BF66-D9AA8AFF4A69	SUBJECT_PROCESS	51110606-D232-9652-B2D2-3A7242968F8A	FILE_OBJECT_FILE	EVENT_READ	1523030751166113364
608F3122-39B4-11E8-BF66-D9AA8AFF4A69	SUBJECT_PROCESS	51110606-D232-9652-B2D2-3A7242968F8A	FILE_OBJECT_FILE	EVENT_CLOSE	1523030751166113364
608F3122-39B4-11E8-BF66-D9AA8AFF4A69	SUBJECT_PROCESS	8A44F292-648B-7854-8B64-00F954785A79	FILE_OBJECT_FILE	EVENT_OPEN	1523030751166113364
608F3122-39B4-11E8-BF66-D9AA8AFF4A69	SUBJECT_PROCESS	8A44F292-648B-7854-8B64-00F954785A79	FILE_OBJECT_FILE	EVENT_READ	1523030751166113364
608F3122-39B4-11E8-BF66-D9AA8AFF4A69	SUBJECT_PROCESS	8A44F292-648B-7854-8B64-00F954785A79	FILE_OBJECT_FILE	EVENT_READ	1523030751166113364
608F3122-39B4-11E8-BF66-D9AA8AFF4A69	SUBJECT_PROCESS	8A44F292-648B-7854-8B64-00F954785A79	FILE_OBJECT_FILE	EVENT_CLOSE	1523030751166113364
608F3122-39B4-11E8-BF66-D9AA8AFF4A69	SUBJECT_PROCESS	718F288D-A702-1B5D-82A7-80807D1BB326	FILE_OBJECT_FILE	EVENT_OPEN	1523030751166113364
608F3122-39B4-11E8-BF66-D9AA8AFF4A69	SUBJECT_PROCESS	718F288D-A702-1B5D-82A7-80807D1BB326	FILE_OBJECT_FILE	EVENT_MMAP	1523030751166113364
608F3122-39B4-11E8-BF66-D9AA8AFF4A69	SUBJECT_PROCESS	718F288D-A702-1B5D-82A7-80807D1BB326	FILE_OBJECT_FILE	EVENT_MMAP	1523030751166113364
608F3122-39B4-11E8-BF66-D9AA8AFF4A69	SUBJECT_PROCESS	718F288D-A702-1B5D-82A7-80807D1BB326	FILE_OBJECT_FILE	EVENT_MMAP	1523030751166113364
608F3122-39B4-11E8-BF66-D9AA8AFF4A69	SUBJECT_PROCESS	718F288D-A702-1B5D-82A7-80807D1BB326	FILE_OBJECT_FILE	EVENT_MMAP	1523030751166113364
608F3122-39B4-11E8-BF66-D9AA8AFF4A69	SUBJECT_PROCESS	718F288D-A702-1B5D-82A7-80807D1BB326	FILE_OBJECT_FILE	EVENT_MMAP	1523030751166113364
608F3122-39B4-11E8-BF66-D9AA8AFF4A69	SUBJECT_PROCESS	718F288D-A702-1B5D-82A7-80807D1BB326	FILE_OBJECT_FILE	EVENT_MMAP	1523030751166113364
608F3122-39B4-11E8-BF66-D9AA8AFF4A69	SUBJECT_PROCESS	718F288D-A702-1B5D-82A7-80807D1BB326	FILE_OBJECT_FILE	EVENT_CLOSE	1523030751166113364
608F3122-39B4-11E8-BF66-D9AA8AFF4A69	SUBJECT_PROCESS	76A739B1-A13E-FD50-BEA1-B218A0FD0400	FILE_OBJECT_FILE	EVENT_OPEN	1523030751176114265
608F3122-39B4-11E8-BF66-D9AA8AFF4A69	SUBJECT_PROCESS	76A739B1-A13E-FD50-BEA1-B218A0FD0400	FILE_OBJECT_FILE	EVENT_MMAP	1523030751176114265
608F3122-39B4-11E8-BF66-D9AA8AFF4A69	SUBJECT_PROCESS	76A739B1-A13E-FD50-BEA1-B218A0FD0400	FILE_OBJECT_FILE	EVENT_MMAP	1523030751176114265
608F3122-39B4-11E8-BF66-D9AA8AFF4A69	SUBJECT_PROCESS	76A739B1-A13E-FD50-BEA1-B218A0FD0400	FILE_OBJECT_FILE	EVENT_MMAP	1523030751176114265
608F3122-39B4-11E8-BF66-D9AA8AFF4A69	SUBJECT_PROCESS	76A739B1-A13E-FD50-BEA1-B218A0FD0400	FILE_OBJECT_FILE	EVENT_MMAP	1523030751176114265
608F3122-39B4-11E8-BF66-D9AA8AFF4A69	SUBJECT_PROCESS	76A739B1-A13E-FD50-BEA1-B218A0FD0400	FILE_OBJECT_FILE	EVENT_MMAP	1523030751176114265
608F3122-39B4-11E8-BF66-D9AA8AFF4A69	SUBJECT_PROCESS	76A739B1-A13E-FD50-BEA1-B218A0FD0400	FILE_OBJECT_FILE	EVENT_MMAP	1523030751176114265
608F3122-39B4-11E8-BF66-D9AA8AFF4A69	SUBJECT_PROCESS	76A739B1-A13E-FD50-BEA1-B218A0FD0400	FILE_OBJECT_FILE	EVENT_CLOSE	1523030751176114265
608F3122-39B4-11E8-BF66-D9AA8AFF4A69	SUBJECT_PROCESS	F29977F6-07A2-935B-A207-C4871B93FE07	FILE_OBJECT_FILE	EVENT_OPEN	1523030751176114265
608F3122-39B4-11E8-BF66-D9AA8AFF4A69	SUBJECT_PROCESS	F29977F6-07A2-935B-A207-C4871B93FE07	FILE_OBJECT_FILE	EVENT_MMAP	1523030751176114265
608F3122-39B4-11E8-BF66-D9AA8AFF4A69	SUBJECT_PROCESS	F29977F6-07A2-935B-A207-C4871B93FE07	FILE_OBJECT_FILE	EVENT_MMAP	1523030751176114265
608F3122-39B4-11E8-BF66-D9AA8AFF4A69	SUBJECT_PROCESS	F29977F6-07A2-935B-A207-C4871B93FE07	FILE_OBJECT_FILE	EVENT_MMAP	1523030751176114265
608F3122-39B4-11E8-BF66-D9AA8AFF4A69	SUBJECT_PROCESS	F29977F6-07A2-935B-A207-C4871B93FE07	FILE_OBJECT_FILE	EVENT_MMAP	1523030751176114265
608F3122-39B4-11E8-BF66-D9AA8AFF4A69	SUBJECT_PROCESS	F29977F6-07A2-935B-A207-C4871B93FE07	FILE_OBJECT_FILE	EVENT_MMAP	1523030751176114265
608F3122-39B4-11E8-BF66-D9AA8AFF4A69	SUBJECT_PROCESS	F29977F6-07A2-935B-A207-C4871B93FE07	FILE_OBJECT_FILE	EVENT_MMAP	1523030751176114265
608F3122-39B4-11E8-BF66-D9AA8AFF4A69	SUBJECT_PROCESS	F29977F6-07A2-935B-A207-C4871B93FE07	FILE_OBJECT_FILE	EVENT_CLOSE	1523030751176114265
608F3122-39B4-11E8-BF66-D9AA8AFF4A69	SUBJECT_PROCESS	F410BE96-4C0C-765E-8C4C-6F0E2E760020	FILE_OBJECT_FILE	EVENT_OPEN	1523030751176114265
608F3122-39B4-11E8-BF66-D9AA8AFF4A69	SUBJECT_PROCESS	F410BE96-4C0C-765E-8C4C-6F0E2E760020	FILE_OBJECT_FILE	EVENT_MMAP	1523030751176114265
608F3122-39B4-11E8-BF66-D9AA8AFF4A69	SUBJECT_PROCESS	F410BE96-4C0C-765E-8C4C-6F0E2E760020	FILE_OBJECT_FILE	EVENT_MMAP	1523030751176114265
608F3122-39B4-11E8-BF66-D9AA8AFF4A69	SUBJECT_PROCESS	F410BE96-4C0C-765E-8C4C-6F0E2E760020	FILE_OBJECT_FILE	EVENT_CLOSE	1523030751176114265
608F3122-39B4-11E8-BF66-D9AA8AFF4A69	SUBJECT_PROCESS	1633500B-D34B-8058-8BD3-ABB7D880915E	FILE_OBJECT_FILE	EVENT_OPEN	1523030751176114265
608F3122-39B4-11E8-BF66-D9AA8AFF4A69	SUBJECT_PROCESS	1633500B-D34B-8058-8BD3-ABB7D880915E	FILE_OBJECT_FILE	EVENT_CLOSE	1523030751176114265
608F3122-39B4-11E8-BF66-D9AA8AFF4A69	SUBJECT_PROCESS	608F3122-39B4-11E8-BF66-D9AA8AFF4A69	SUBJECT_PROCESS	EVENT_MODIFY_PROCESS	1523030751176114265
608F3122-39B4-11E8-BF66-D9AA8AFF4A69	SUBJECT_PROCESS	EDC9C006-38C1-1659-8138-925D3916B899	FILE_OBJECT_FILE	EVENT_OPEN	1523030751176114265
608F3122-39B4-11E8-BF66-D9AA8AFF4A69	SUBJECT_PROCESS	0C51AAE3-0594-4A51-9405-4FC4214A0041	FILE_OBJECT_FILE	EVENT_OPEN	1523030751176114265
608F3122-39B4-11E8-BF66-D9AA8AFF4A69	SUBJECT_PROCESS	0C51AAE3-0594-4A51-9405-4FC4214A0041	FILE_OBJECT_FILE	EVENT_READ	1523030751176114265
608F3122-39B4-11E8-BF66-D9AA8AFF4A69	SUBJECT_PROCESS	0C51AAE3-0594-4A51-9405-4FC4214A0041	FILE_OBJECT_FILE	EVENT_READ	1523030751176114265
608F3122-39B4-11E8-BF66-D9AA8AFF4A69	SUBJECT_PROCESS	0C51AAE3-0594-4A51-9405-4FC4214A0041	FILE_OBJECT_FILE	EVENT_LSEEK	1523030751186115405
608F3122-39B4-11E8-BF66-D9AA8AFF4A69	SUBJECT_PROCESS	0C51AAE3-0594-4A51-9405-4FC4214A0041	FILE_OBJECT_FILE	EVENT_READ	1523030751186115405
608F3122-39B4-11E8-BF66-D9AA8AFF4A69	SUBJECT_PROCESS	0C51AAE3-0594-4A51-9405-4FC4214A0041	FILE_OBJECT_FILE	EVENT_LSEEK	1523030751186115405
608F3122-39B4-11E8-BF66-D9AA8AFF4A69	SUBJECT_PROCESS	0C51AAE3-0594-4A51-9405-4FC4214A0041	FILE_OBJECT_FILE	EVENT_READ	1523030751186115405
608F3122-39B4-11E8-BF66-D9AA8AFF4A69	SUBJECT_PROCESS	0C51AAE3-0594-4A51-9405-4FC4214A0041	FILE_OBJECT_FILE	EVENT_READ	1523030751186115405
608F3122-39B4-11E8-BF66-D9AA8AFF4A69	SUBJECT_PROCESS	0C51AAE3-0594-4A51-9405-4FC4214A0041	FILE_OBJECT_FILE	EVENT_LSEEK	1523030751186115405
608F3122-39B4-11E8-BF66-D9AA8AFF4A69	SUBJECT_PROCESS	0C51AAE3-0594-4A51-9405-4FC4214A0041	FILE_OBJECT_FILE	EVENT_READ	1523030751186115405
608F3122-39B4-11E8-BF66-D9AA8AFF4A69	SUBJECT_PROCESS	0C51AAE3-0594-4A51-9405-4FC4214A0041	FILE_OBJECT_FILE	EVENT_READ	1523030751186115405
608F3122-39B4-11E8-BF66-D9AA8AFF4A69	SUBJECT_PROCESS	0C51AAE3-0594-4A51-9405-4FC4214A0041	FILE_OBJECT_FILE	EVENT_READ	1523030751186115405
608F3122-39B4-11E8-BF66-D9AA8AFF4A69	SUBJECT_PROCESS	608F3122-39B4-11E8-BF66-D9AA8AFF4A69	SUBJECT_PROCESS	EVENT_CHANGE_PRINCIPAL	1523030751186115405
608F3122-39B4-11E8-BF66-D9AA8AFF4A69	SUBJECT_PROCESS	BCDBE64D-1703-005A-8317-44DD6A00589D	FILE_OBJECT_FILE	EVENT_OPEN	1523030751186115405
608F3122-39B4-11E8-BF66-D9AA8AFF4A69	SUBJECT_PROCESS	BCDBE64D-1703-005A-8317-44DD6A00589D	FILE_OBJECT_FILE	EVENT_READ	1523030751186115405
608F3122-39B4-11E8-BF66-D9AA8AFF4A69	SUBJECT_PROCESS	BCDBE64D-1703-005A-8317-44DD6A00589D	FILE_OBJECT_FILE	EVENT_READ	1523030751186115405
608F3122-39B4-11E8-BF66-D9AA8AFF4A69	SUBJECT_PROCESS	BCDBE64D-1703-005A-8317-44DD6A00589D	FILE_OBJECT_FILE	EVENT_CLOSE	1523030751186115405
608F3122-39B4-11E8-BF66-D9AA8AFF4A69	SUBJECT_PROCESS	C53609B6-A912-B65B-92A9-B89E0BB6C2E1	FILE_OBJECT_FILE	EVENT_OPEN	1523030751186115405
608F3122-39B4-11E8-BF66-D9AA8AFF4A69	SUBJECT_PROCESS	C53609B6-A912-B65B-92A9-B89E0BB6C2E1	FILE_OBJECT_FILE	EVENT_READ	1523030751186115405
608F3122-39B4-11E8-BF66-D9AA8AFF4A69	SUBJECT_PROCESS	C53609B6-A912-B65B-92A9-B89E0BB6C2E1	FILE_OBJECT_FILE	EVENT_READ	1523030751186115405
608F3122-39B4-11E8-BF66-D9AA8AFF4A69	SUBJECT_PROCESS	C53609B6-A912-B65B-92A9-B89E0BB6C2E1	FILE_OBJECT_FILE	EVENT_READ	1523030751186115405
608F3122-39B4-11E8-BF66-D9AA8AFF4A69	SUBJECT_PROCESS	C53609B6-A912-B65B-92A9-B89E0BB6C2E1	FILE_OBJECT_FILE	EVENT_READ	1523030751186115405
608F3122-39B4-11E8-BF66-D9AA8AFF4A69	SUBJECT_PROCESS	C53609B6-A912-B65B-92A9-B89E0BB6C2E1	FILE_OBJECT_FILE	EVENT_READ	1523030751186115405
608F3122-39B4-11E8-BF66-D9AA8AFF4A69	SUBJECT_PROCESS	C53609B6-A912-B65B-92A9-B89E0BB6C2E1	FILE_OBJECT_FILE	EVENT_READ	1523030751186115405
608F3122-39B4-11E8-BF66-D9AA8AFF4A69	SUBJECT_PROCESS	C53609B6-A912-B65B-92A9-B89E0BB6C2E1	FILE_OBJECT_FILE	EVENT_READ	1523030751186115405
608F3122-39B4-11E8-BF66-D9AA8AFF4A69	SUBJECT_PROCESS	C53609B6-A912-B65B-92A9-B89E0BB6C2E1	FILE_OBJECT_FILE	EVENT_READ	1523030751186115405
608F3122-39B4-11E8-BF66-D9AA8AFF4A69	SUBJECT_PROCESS	C53609B6-A912-B65B-92A9-B89E0BB6C2E1	FILE_OBJECT_FILE	EVENT_READ	1523030751186115405
608F3122-39B4-11E8-BF66-D9AA8AFF4A69	SUBJECT_PROCESS	C53609B6-A912-B65B-92A9-B89E0BB6C2E1	FILE_OBJECT_FILE	EVENT_CLOSE	1523030751196111416
608F3122-39B4-11E8-BF66-D9AA8AFF4A69	SUBJECT_PROCESS	D496A680-EF0C-5554-8CEF-97252455C14A	FILE_OBJECT_FILE	EVENT_OPEN	1523030751196111416
608F3122-39B4-11E8-BF66-D9AA8AFF4A69	SUBJECT_PROCESS	D496A680-EF0C-5554-8CEF-97252455C14A	FILE_OBJECT_FILE	EVENT_READ	1523030751196111416
608F3122-39B4-11E8-BF66-D9AA8AFF4A69	SUBJECT_PROCESS	D496A680-EF0C-5554-8CEF-97252455C14A	FILE_OBJECT_FILE	EVENT_READ	1523030751196111416
608F3122-39B4-11E8-BF66-D9AA8AFF4A69	SUBJECT_PROCESS	D496A680-EF0C-5554-8CEF-97252455C14A	FILE_OBJECT_FILE	EVENT_CLOSE	1523030751196111416
608F3122-39B4-11E8-BF66-D9AA8AFF4A69	SUBJECT_PROCESS	0C51AAE3-0594-4A51-9405-4FC4214A0041	FILE_OBJECT_FILE	EVENT_READ	1523030751196111416
608F3122-39B4-11E8-BF66-D9AA8AFF4A69	SUBJECT_PROCESS	0C51AAE3-0594-4A51-9405-4FC4214A0041	FILE_OBJECT_FILE	EVENT_READ	1523030751196111416
608F3122-39B4-11E8-BF66-D9AA8AFF4A69	SUBJECT_PROCESS	0C51AAE3-0594-4A51-9405-4FC4214A0041	FILE_OBJECT_FILE	EVENT_READ	1523030751196111416
608F3122-39B4-11E8-BF66-D9AA8AFF4A69	SUBJECT_PROCESS	0C51AAE3-0594-4A51-9405-4FC4214A0041	FILE_OBJECT_FILE	EVENT_READ	1523030751196111416
608F3122-39B4-11E8-BF66-D9AA8AFF4A69	SUBJECT_PROCESS	0C51AAE3-0594-4A51-9405-4FC4214A0041	FILE_OBJECT_FILE	EVENT_READ	1523030751196111416
608F3122-39B4-11E8-BF66-D9AA8AFF4A69	SUBJECT_PROCESS	0C51AAE3-0594-4A51-9405-4FC4214A0041	FILE_OBJECT_FILE	EVENT_READ	1523030751196111416
608F3122-39B4-11E8-BF66-D9AA8AFF4A69	SUBJECT_PROCESS	0C51AAE3-0594-4A51-9405-4FC4214A0041	FILE_OBJECT_FILE	EVENT_LSEEK	1523030751196111416
608F3122-39B4-11E8-BF66-D9AA8AFF4A69	SUBJECT_PROCESS	0C51AAE3-0594-4A51-9405-4FC4214A0041	FILE_OBJECT_FILE	EVENT_READ	1523030751196111416
608F3122-39B4-11E8-BF66-D9AA8AFF4A69	SUBJECT_PROCESS	0C51AAE3-0594-4A51-9405-4FC4214A0041	FILE_OBJECT_FILE	EVENT_LSEEK	1523030751196111416
608F3122-39B4-11E8-BF66-D9AA8AFF4A69	SUBJECT_PROCESS	0C51AAE3-0594-4A51-9405-4FC4214A0041	FILE_OBJECT_FILE	EVENT_READ	1523030751196111416
608F3122-39B4-11E8-BF66-D9AA8AFF4A69	SUBJECT_PROCESS	0C51AAE3-0594-4A51-9405-4FC4214A0041	FILE_OBJECT_FILE	EVENT_READ	1523030751196111416
608F3122-39B4-11E8-BF66-D9AA8AFF4A69	SUBJECT_PROCESS	0C51AAE3-0594-4A51-9405-4FC4214A0041	FILE_OBJECT_FILE	EVENT_READ	1523030751196111416
608F3122-39B4-11E8-BF66-D9AA8AFF4A69	SUBJECT_PROCESS	0C51AAE3-0594-4A51-9405-4FC4214A0041	FILE_OBJECT_FILE	EVENT_LSEEK	1523030751196111416
608F3122-39B4-11E8-BF66-D9AA8AFF4A69	SUBJECT_PROCESS	0C51AAE3-0594-4A51-9405-4FC4214A0041	FILE_OBJECT_FILE	EVENT_READ	1523030751196111416
608F3122-39B4-11E8-BF66-D9AA8AFF4A69	SUBJECT_PROCESS	0C51AAE3-0594-4A51-9405-4FC4214A0041	FILE_OBJECT_FILE	EVENT_READ	1523030751196111416
608F3122-39B4-11E8-BF66-D9AA8AFF4A69	SUBJECT_PROCESS	0C51AAE3-0594-4A51-9405-4FC4214A0041	FILE_OBJECT_FILE	EVENT_LSEEK	1523030751196111416
608F3122-39B4-11E8-BF66-D9AA8AFF4A69	SUBJECT_PROCESS	0C51AAE3-0594-4A51-9405-4FC4214A0041	FILE_OBJECT_FILE	EVENT_READ	1523030751196111416
608F3122-39B4-11E8-BF66-D9AA8AFF4A69	SUBJECT_PROCESS	0C51AAE3-0594-4A51-9405-4FC4214A0041	FILE_OBJECT_FILE	EVENT_READ	1523030751196111416
608F3122-39B4-11E8-BF66-D9AA8AFF4A69	SUBJECT_PROCESS	0C51AAE3-0594-4A51-9405-4FC4214A0041	FILE_OBJECT_FILE	EVENT_READ	1523030751196111416
608F3122-39B4-11E8-BF66-D9AA8AFF4A69	SUBJECT_PROCESS	0C51AAE3-0594-4A51-9405-4FC4214A0041	FILE_OBJECT_FILE	EVENT_READ	1523030751196111416
608F3122-39B4-11E8-BF66-D9AA8AFF4A69	SUBJECT_PROCESS	0C51AAE3-0594-4A51-9405-4FC4214A0041	FILE_OBJECT_FILE	EVENT_LSEEK	1523030751196111416
608F3122-39B4-11E8-BF66-D9AA8AFF4A69	SUBJECT_PROCESS	0C51AAE3-0594-4A51-9405-4FC4214A0041	FILE_OBJECT_FILE	EVENT_READ	1523030751196111416
608F3122-39B4-11E8-BF66-D9AA8AFF4A69	SUBJECT_PROCESS	0C51AAE3-0594-4A51-9405-4FC4214A0041	FILE_OBJECT_FILE	EVENT_LSEEK	1523030751196111416
608F3122-39B4-11E8-BF66-D9AA8AFF4A69	SUBJECT_PROCESS	0C51AAE3-0594-4A51-9405-4FC4214A0041	FILE_OBJECT_FILE	EVENT_READ	1523030751206117727
608F3122-39B4-11E8-BF66-D9AA8AFF4A69	SUBJECT_PROCESS	0C51AAE3-0594-4A51-9405-4FC4214A0041	FILE_OBJECT_FILE	EVENT_LSEEK	1523030751206117727
608F3122-39B4-11E8-BF66-D9AA8AFF4A69	SUBJECT_PROCESS	0C51AAE3-0594-4A51-9405-4FC4214A0041	FILE_OBJECT_FILE	EVENT_READ	1523030751206117727
608F3122-39B4-11E8-BF66-D9AA8AFF4A69	SUBJECT_PROCESS	0C51AAE3-0594-4A51-9405-4FC4214A0041	FILE_OBJECT_FILE	EVENT_LSEEK	1523030751206117727
608F3122-39B4-11E8-BF66-D9AA8AFF4A69	SUBJECT_PROCESS	0C51AAE3-0594-4A51-9405-4FC4214A0041	FILE_OBJECT_FILE	EVENT_READ	1523030751206117727
608F3122-39B4-11E8-BF66-D9AA8AFF4A69	SUBJECT_PROCESS	0C51AAE3-0594-4A51-9405-4FC4214A0041	FILE_OBJECT_FILE	EVENT_LSEEK	1523030751206117727
608F3122-39B4-11E8-BF66-D9AA8AFF4A69	SUBJECT_PROCESS	0C51AAE3-0594-4A51-9405-4FC4214A0041	FILE_OBJECT_FILE	EVENT_READ	1523030751206117727
608F3122-39B4-11E8-BF66-D9AA8AFF4A69	SUBJECT_PROCESS	0C51AAE3-0594-4A51-9405-4FC4214A0041	FILE_OBJECT_FILE	EVENT_LSEEK	1523030751206117727
608F3122-39B4-11E8-BF66-D9AA8AFF4A69	SUBJECT_PROCESS	0C51AAE3-0594-4A51-9405-4FC4214A0041	FILE_OBJECT_FILE	EVENT_READ	1523030751206117727
608F3122-39B4-11E8-BF66-D9AA8AFF4A69	SUBJECT_PROCESS	0C51AAE3-0594-4A51-9405-4FC4214A0041	FILE_OBJECT_FILE	EVENT_READ	1523030751206117727
608F3122-39B4-11E8-BF66-D9AA8AFF4A69	SUBJECT_PROCESS	0C51AAE3-0594-4A51-9405-4FC4214A0041	FILE_OBJECT_FILE	EVENT_READ	1523030751206117727
608F3122-39B4-11E8-BF66-D9AA8AFF4A69	SUBJECT_PROCESS	0C51AAE3-0594-4A51-9405-4FC4214A0041	FILE_OBJECT_FILE	EVENT_READ	1523030751206117727
608F3122-39B4-11E8-BF66-D9AA8AFF4A69	SUBJECT_PROCESS	0C51AAE3-0594-4A51-9405-4FC4214A0041	FILE_OBJECT_FILE	EVENT_READ	1523030751206117727
608F3122-39B4-11E8-BF66-D9AA8AFF4A69	SUBJECT_PROCESS	0C51AAE3-0594-4A51-9405-4FC4214A0041	FILE_OBJECT_FILE	EVENT_LSEEK	1523030751206117727
608F3122-39B4-11E8-BF66-D9AA8AFF4A69	SUBJECT_PROCESS	0C51AAE3-0594-4A51-9405-4FC4214A0041	FILE_OBJECT_FILE	EVENT_READ	1523030751206117727
608F3122-39B4-11E8-BF66-D9AA8AFF4A69	SUBJECT_PROCESS	0C51AAE3-0594-4A51-9405-4FC4214A0041	FILE_OBJECT_FILE	EVENT_READ	1523030751206117727
608F3122-39B4-11E8-BF66-D9AA8AFF4A69	SUBJECT_PROCESS	0C51AAE3-0594-4A51-9405-4FC4214A0041	FILE_OBJECT_FILE	EVENT_READ	1523030751206117727
608F3122-39B4-11E8-BF66-D9AA8AFF4A69	SUBJECT_PROCESS	0C51AAE3-0594-4A51-9405-4FC4214A0041	FILE_OBJECT_FILE	EVENT_READ	1523030751206117727
608F3122-39B4-11E8-BF66-D9AA8AFF4A69	SUBJECT_PROCESS	0C51AAE3-0594-4A51-9405-4FC4214A0041	FILE_OBJECT_FILE	EVENT_LSEEK	1523030751206117727
608F3122-39B4-11E8-BF66-D9AA8AFF4A69	SUBJECT_PROCESS	0C51AAE3-0594-4A51-9405-4FC4214A0041	FILE_OBJECT_FILE	EVENT_READ	1523030751206117727
608F3122-39B4-11E8-BF66-D9AA8AFF4A69	SUBJECT_PROCESS	0C51AAE3-0594-4A51-9405-4FC4214A0041	FILE_OBJECT_FILE	EVENT_READ	1523030751206117727
608F3122-39B4-11E8-BF66-D9AA8AFF4A69	SUBJECT_PROCESS	0C51AAE3-0594-4A51-9405-4FC4214A0041	FILE_OBJECT_FILE	EVENT_LSEEK	1523030751206117727
608F3122-39B4-11E8-BF66-D9AA8AFF4A69	SUBJECT_PROCESS	0C51AAE3-0594-4A51-9405-4FC4214A0041	FILE_OBJECT_FILE	EVENT_READ	1523030751206117727
608F3122-39B4-11E8-BF66-D9AA8AFF4A69	SUBJECT_PROCESS	0C51AAE3-0594-4A51-9405-4FC4214A0041	FILE_OBJECT_FILE	EVENT_READ	1523030751206117727
608F3122-39B4-11E8-BF66-D9AA8AFF4A69	SUBJECT_PROCESS	0C51AAE3-0594-4A51-9405-4FC4214A0041	FILE_OBJECT_FILE	EVENT_LSEEK	1523030751206117727
608F3122-39B4-11E8-BF66-D9AA8AFF4A69	SUBJECT_PROCESS	0C51AAE3-0594-4A51-9405-4FC4214A0041	FILE_OBJECT_FILE	EVENT_READ	1523030751206117727
608F3122-39B4-11E8-BF66-D9AA8AFF4A69	SUBJECT_PROCESS	0C51AAE3-0594-4A51-9405-4FC4214A0041	FILE_OBJECT_FILE	EVENT_READ	1523030751206117727
608F3122-39B4-11E8-BF66-D9AA8AFF4A69	SUBJECT_PROCESS	0C51AAE3-0594-4A51-9405-4FC4214A0041	FILE_OBJECT_FILE	EVENT_LSEEK	1523030751206117727
608F3122-39B4-11E8-BF66-D9AA8AFF4A69	SUBJECT_PROCESS	0C51AAE3-0594-4A51-9405-4FC4214A0041	FILE_OBJECT_FILE	EVENT_READ	1523030751206117727
608F3122-39B4-11E8-BF66-D9AA8AFF4A69	SUBJECT_PROCESS	0C51AAE3-0594-4A51-9405-4FC4214A0041	FILE_OBJECT_FILE	EVENT_READ	1523030751206117727
608F3122-39B4-11E8-BF66-D9AA8AFF4A69	SUBJECT_PROCESS	0C51AAE3-0594-4A51-9405-4FC4214A0041	FILE_OBJECT_FILE	EVENT_LSEEK	1523030751206117727
608F3122-39B4-11E8-BF66-D9AA8AFF4A69	SUBJECT_PROCESS	0C51AAE3-0594-4A51-9405-4FC4214A0041	FILE_OBJECT_FILE	EVENT_READ	1523030751206117727
608F3122-39B4-11E8-BF66-D9AA8AFF4A69	SUBJECT_PROCESS	0C51AAE3-0594-4A51-9405-4FC4214A0041	FILE_OBJECT_FILE	EVENT_LSEEK	1523030751216114498
608F3122-39B4-11E8-BF66-D9AA8AFF4A69	SUBJECT_PROCESS	0C51AAE3-0594-4A51-9405-4FC4214A0041	FILE_OBJECT_FILE	EVENT_READ	1523030751216114498
608F3122-39B4-11E8-BF66-D9AA8AFF4A69	SUBJECT_PROCESS	0C51AAE3-0594-4A51-9405-4FC4214A0041	FILE_OBJECT_FILE	EVENT_LSEEK	1523030751216114498
608F3122-39B4-11E8-BF66-D9AA8AFF4A69	SUBJECT_PROCESS	0C51AAE3-0594-4A51-9405-4FC4214A0041	FILE_OBJECT_FILE	EVENT_READ	1523030751216114498
608F3122-39B4-11E8-BF66-D9AA8AFF4A69	SUBJECT_PROCESS	0C51AAE3-0594-4A51-9405-4FC4214A0041	FILE_OBJECT_FILE	EVENT_LSEEK	1523030751216114498
608F3122-39B4-11E8-BF66-D9AA8AFF4A69	SUBJECT_PROCESS	0C51AAE3-0594-4A51-9405-4FC4214A0041	FILE_OBJECT_FILE	EVENT_READ	1523030751216114498
608F3122-39B4-11E8-BF66-D9AA8AFF4A69	SUBJECT_PROCESS	0C51AAE3-0594-4A51-9405-4FC4214A0041	FILE_OBJECT_FILE	EVENT_LSEEK	1523030751216114498
608F3122-39B4-11E8-BF66-D9AA8AFF4A69	SUBJECT_PROCESS	0C51AAE3-0594-4A51-9405-4FC4214A0041	FILE_OBJECT_FILE	EVENT_READ	1523030751216114498
608F3122-39B4-11E8-BF66-D9AA8AFF4A69	SUBJECT_PROCESS	0C51AAE3-0594-4A51-9405-4FC4214A0041	FILE_OBJECT_FILE	EVENT_LSEEK	1523030751216114498
608F3122-39B4-11E8-BF66-D9AA8AFF4A69	SUBJECT_PROCESS	0C51AAE3-0594-4A51-9405-4FC4214A0041	FILE_OBJECT_FILE	EVENT_READ	1523030751216114498
608F3122-39B4-11E8-BF66-D9AA8AFF4A69	SUBJECT_PROCESS	0C51AAE3-0594-4A51-9405-4FC4214A0041	FILE_OBJECT_FILE	EVENT_LSEEK	1523030751216114498
608F3122-39B4-11E8-BF66-D9AA8AFF4A69	SUBJECT_PROCESS	0C51AAE3-0594-4A51-9405-4FC4214A0041	FILE_OBJECT_FILE	EVENT_READ	1523030751216114498
608F3122-39B4-11E8-BF66-D9AA8AFF4A69	SUBJECT_PROCESS	0C51AAE3-0594-4A51-9405-4FC4214A0041	FILE_OBJECT_FILE	EVENT_READ	1523030751216114498
608F3122-39B4-11E8-BF66-D9AA8AFF4A69	SUBJECT_PROCESS	0C51AAE3-0594-4A51-9405-4FC4214A0041	FILE_OBJECT_FILE	EVENT_READ	1523030751216114498
608F3122-39B4-11E8-BF66-D9AA8AFF4A69	SUBJECT_PROCESS	0C51AAE3-0594-4A51-9405-4FC4214A0041	FILE_OBJECT_FILE	EVENT_READ	1523030751216114498
608F3122-39B4-11E8-BF66-D9AA8AFF4A69	SUBJECT_PROCESS	0C51AAE3-0594-4A51-9405-4FC4214A0041	FILE_OBJECT_FILE	EVENT_LSEEK	1523030751216114498
608F3122-39B4-11E8-BF66-D9AA8AFF4A69	SUBJECT_PROCESS	0C51AAE3-0594-4A51-9405-4FC4214A0041	FILE_OBJECT_FILE	EVENT_READ	1523030751216114498
608F3122-39B4-11E8-BF66-D9AA8AFF4A69	SUBJECT_PROCESS	0C51AAE3-0594-4A51-9405-4FC4214A0041	FILE_OBJECT_FILE	EVENT_READ	1523030751216114498
608F3122-39B4-11E8-BF66-D9AA8AFF4A69	SUBJECT_PROCESS	0C51AAE3-0594-4A51-9405-4FC4214A0041	FILE_OBJECT_FILE	EVENT_READ	1523030751216114498
608F3122-39B4-11E8-BF66-D9AA8AFF4A69	SUBJECT_PROCESS	0C51AAE3-0594-4A51-9405-4FC4214A0041	FILE_OBJECT_FILE	EVENT_READ	1523030751216114498
608F3122-39B4-11E8-BF66-D9AA8AFF4A69	SUBJECT_PROCESS	0C51AAE3-0594-4A51-9405-4FC4214A0041	FILE_OBJECT_FILE	EVENT_READ	1523030751216114498
608F3122-39B4-11E8-BF66-D9AA8AFF4A69	SUBJECT_PROCESS	0C51AAE3-0594-4A51-9405-4FC4214A0041	FILE_OBJECT_FILE	EVENT_READ	1523030751216114498
608F3122-39B4-11E8-BF66-D9AA8AFF4A69	SUBJECT_PROCESS	0C51AAE3-0594-4A51-9405-4FC4214A0041	FILE_OBJECT_FILE	EVENT_LSEEK	1523030751216114498
608F3122-39B4-11E8-BF66-D9AA8AFF4A69	SUBJECT_PROCESS	0C51AAE3-0594-4A51-9405-4FC4214A0041	FILE_OBJECT_FILE	EVENT_READ	1523030751216114498
608F3122-39B4-11E8-BF66-D9AA8AFF4A69	SUBJECT_PROCESS	0C51AAE3-0594-4A51-9405-4FC4214A0041	FILE_OBJECT_FILE	EVENT_READ	1523030751216114498
608F3122-39B4-11E8-BF66-D9AA8AFF4A69	SUBJECT_PROCESS	0C51AAE3-0594-4A51-9405-4FC4214A0041	FILE_OBJECT_FILE	EVENT_LSEEK	1523030751216114498
608F3122-39B4-11E8-BF66-D9AA8AFF4A69	SUBJECT_PROCESS	0C51AAE3-0594-4A51-9405-4FC4214A0041	FILE_OBJECT_FILE	EVENT_READ	1523030751216114498
608F3122-39B4-11E8-BF66-D9AA8AFF4A69	SUBJECT_PROCESS	0C51AAE3-0594-4A51-9405-4FC4214A0041	FILE_OBJECT_FILE	EVENT_READ	1523030751216114498
608F3122-39B4-11E8-BF66-D9AA8AFF4A69	SUBJECT_PROCESS	0C51AAE3-0594-4A51-9405-4FC4214A0041	FILE_OBJECT_FILE	EVENT_LSEEK	1523030751216114498
608F3122-39B4-11E8-BF66-D9AA8AFF4A69	SUBJECT_PROCESS	0C51AAE3-0594-4A51-9405-4FC4214A0041	FILE_OBJECT_FILE	EVENT_READ	1523030751216114498
608F3122-39B4-11E8-BF66-D9AA8AFF4A69	SUBJECT_PROCESS	0C51AAE3-0594-4A51-9405-4FC4214A0041	FILE_OBJECT_FILE	EVENT_LSEEK	1523030751216114498
608F3122-39B4-11E8-BF66-D9AA8AFF4A69	SUBJECT_PROCESS	0C51AAE3-0594-4A51-9405-4FC4214A0041	FILE_OBJECT_FILE	EVENT_READ	1523030751226115938
608F3122-39B4-11E8-BF66-D9AA8AFF4A69	SUBJECT_PROCESS	0C51AAE3-0594-4A51-9405-4FC4214A0041	FILE_OBJECT_FILE	EVENT_LSEEK	1523030751226115938
608F3122-39B4-11E8-BF66-D9AA8AFF4A69	SUBJECT_PROCESS	0C51AAE3-0594-4A51-9405-4FC4214A0041	FILE_OBJECT_FILE	EVENT_READ	1523030751226115938
608F3122-39B4-11E8-BF66-D9AA8AFF4A69	SUBJECT_PROCESS	0C51AAE3-0594-4A51-9405-4FC4214A0041	FILE_OBJECT_FILE	EVENT_LSEEK	1523030751226115938
608F3122-39B4-11E8-BF66-D9AA8AFF4A69	SUBJECT_PROCESS	0C51AAE3-0594-4A51-9405-4FC4214A0041	FILE_OBJECT_FILE	EVENT_READ	1523030751226115938
608F3122-39B4-11E8-BF66-D9AA8AFF4A69	SUBJECT_PROCESS	0C51AAE3-0594-4A51-9405-4FC4214A0041	FILE_OBJECT_FILE	EVENT_LSEEK	1523030751226115938
608F3122-39B4-11E8-BF66-D9AA8AFF4A69	SUBJECT_PROCESS	0C51AAE3-0594-4A51-9405-4FC4214A0041	FILE_OBJECT_FILE	EVENT_READ	1523030751226115938
608F3122-39B4-11E8-BF66-D9AA8AFF4A69	SUBJECT_PROCESS	0C51AAE3-0594-4A51-9405-4FC4214A0041	FILE_OBJECT_FILE	EVENT_READ	1523030751226115938
608F3122-39B4-11E8-BF66-D9AA8AFF4A69	SUBJECT_PROCESS	0C51AAE3-0594-4A51-9405-4FC4214A0041	FILE_OBJECT_FILE	EVENT_READ	1523030751226115938
608F3122-39B4-11E8-BF66-D9AA8AFF4A69	SUBJECT_PROCESS	0C51AAE3-0594-4A51-9405-4FC4214A0041	FILE_OBJECT_FILE	EVENT_LSEEK	1523030751226115938
608F3122-39B4-11E8-BF66-D9AA8AFF4A69	SUBJECT_PROCESS	0C51AAE3-0594-4A51-9405-4FC4214A0041	FILE_OBJECT_FILE	EVENT_READ	1523030751226115938
608F3122-39B4-11E8-BF66-D9AA8AFF4A69	SUBJECT_PROCESS	0C51AAE3-0594-4A51-9405-4FC4214A0041	FILE_OBJECT_FILE	EVENT_LSEEK	1523030751226115938
608F3122-39B4-11E8-BF66-D9AA8AFF4A69	SUBJECT_PROCESS	0C51AAE3-0594-4A51-9405-4FC4214A0041	FILE_OBJECT_FILE	EVENT_READ	1523030751226115938
608F3122-39B4-11E8-BF66-D9AA8AFF4A69	SUBJECT_PROCESS	0C51AAE3-0594-4A51-9405-4FC4214A0041	FILE_OBJECT_FILE	EVENT_LSEEK	1523030751226115938
608F3122-39B4-11E8-BF66-D9AA8AFF4A69	SUBJECT_PROCESS	0C51AAE3-0594-4A51-9405-4FC4214A0041	FILE_OBJECT_FILE	EVENT_READ	1523030751226115938
608F3122-39B4-11E8-BF66-D9AA8AFF4A69	SUBJECT_PROCESS	0C51AAE3-0594-4A51-9405-4FC4214A0041	FILE_OBJECT_FILE	EVENT_LSEEK	1523030751226115938
608F3122-39B4-11E8-BF66-D9AA8AFF4A69	SUBJECT_PROCESS	0C51AAE3-0594-4A51-9405-4FC4214A0041	FILE_OBJECT_FILE	EVENT_READ	1523030751226115938
608F3122-39B4-11E8-BF66-D9AA8AFF4A69	SUBJECT_PROCESS	0C51AAE3-0594-4A51-9405-4FC4214A0041	FILE_OBJECT_FILE	EVENT_LSEEK	1523030751226115938
608F3122-39B4-11E8-BF66-D9AA8AFF4A69	SUBJECT_PROCESS	0C51AAE3-0594-4A51-9405-4FC4214A0041	FILE_OBJECT_FILE	EVENT_READ	1523030751226115938
608F3122-39B4-11E8-BF66-D9AA8AFF4A69	SUBJECT_PROCESS	0C51AAE3-0594-4A51-9405-4FC4214A0041	FILE_OBJECT_FILE	EVENT_LSEEK	1523030751226115938
608F3122-39B4-11E8-BF66-D9AA8AFF4A69	SUBJECT_PROCESS	0C51AAE3-0594-4A51-9405-4FC4214A0041	FILE_OBJECT_FILE	EVENT_READ	1523030751226115938
608F3122-39B4-11E8-BF66-D9AA8AFF4A69	SUBJECT_PROCESS	0C51AAE3-0594-4A51-9405-4FC4214A0041	FILE_OBJECT_FILE	EVENT_LSEEK	1523030751226115938
608F3122-39B4-11E8-BF66-D9AA8AFF4A69	SUBJECT_PROCESS	0C51AAE3-0594-4A51-9405-4FC4214A0041	FILE_OBJECT_FILE	EVENT_READ	1523030751226115938
608F3122-39B4-11E8-BF66-D9AA8AFF4A69	SUBJECT_PROCESS	0C51AAE3-0594-4A51-9405-4FC4214A0041	FILE_OBJECT_FILE	EVENT_READ	1523030751226115938
608F3122-39B4-11E8-BF66-D9AA8AFF4A69	SUBJECT_PROCESS	0C51AAE3-0594-4A51-9405-4FC4214A0041	FILE_OBJECT_FILE	EVENT_LSEEK	1523030751226115938
608F3122-39B4-11E8-BF66-D9AA8AFF4A69	SUBJECT_PROCESS	0C51AAE3-0594-4A51-9405-4FC4214A0041	FILE_OBJECT_FILE	EVENT_READ	1523030751226115938
608F3122-39B4-11E8-BF66-D9AA8AFF4A69	SUBJECT_PROCESS	0C51AAE3-0594-4A51-9405-4FC4214A0041	FILE_OBJECT_FILE	EVENT_LSEEK	1523030751226115938
608F3122-39B4-11E8-BF66-D9AA8AFF4A69	SUBJECT_PROCESS	0C51AAE3-0594-4A51-9405-4FC4214A0041	FILE_OBJECT_FILE	EVENT_READ	1523030751226115938
608F3122-39B4-11E8-BF66-D9AA8AFF4A69	SUBJECT_PROCESS	0C51AAE3-0594-4A51-9405-4FC4214A0041	FILE_OBJECT_FILE	EVENT_LSEEK	1523030751226115938
608F3122-39B4-11E8-BF66-D9AA8AFF4A69	SUBJECT_PROCESS	0C51AAE3-0594-4A51-9405-4FC4214A0041	FILE_OBJECT_FILE	EVENT_READ	1523030751226115938
608F3122-39B4-11E8-BF66-D9AA8AFF4A69	SUBJECT_PROCESS	0C51AAE3-0594-4A51-9405-4FC4214A0041	FILE_OBJECT_FILE	EVENT_LSEEK	1523030751226115938
608F3122-39B4-11E8-BF66-D9AA8AFF4A69	SUBJECT_PROCESS	0C51AAE3-0594-4A51-9405-4FC4214A0041	FILE_OBJECT_FILE	EVENT_READ	1523030751226115938
608F3122-39B4-11E8-BF66-D9AA8AFF4A69	SUBJECT_PROCESS	0C51AAE3-0594-4A51-9405-4FC4214A0041	FILE_OBJECT_FILE	EVENT_LSEEK	1523030751236112009
608F3122-39B4-11E8-BF66-D9AA8AFF4A69	SUBJECT_PROCESS	0C51AAE3-0594-4A51-9405-4FC4214A0041	FILE_OBJECT_FILE	EVENT_READ	1523030751236112009
608F3122-39B4-11E8-BF66-D9AA8AFF4A69	SUBJECT_PROCESS	0C51AAE3-0594-4A51-9405-4FC4214A0041	FILE_OBJECT_FILE	EVENT_READ	1523030751236112009
608F3122-39B4-11E8-BF66-D9AA8AFF4A69	SUBJECT_PROCESS	0C51AAE3-0594-4A51-9405-4FC4214A0041	FILE_OBJECT_FILE	EVENT_LSEEK	1523030751236112009
608F3122-39B4-11E8-BF66-D9AA8AFF4A69	SUBJECT_PROCESS	0C51AAE3-0594-4A51-9405-4FC4214A0041	FILE_OBJECT_FILE	EVENT_READ	1523030751236112009
608F3122-39B4-11E8-BF66-D9AA8AFF4A69	SUBJECT_PROCESS	0C51AAE3-0594-4A51-9405-4FC4214A0041	FILE_OBJECT_FILE	EVENT_LSEEK	1523030751236112009
608F3122-39B4-11E8-BF66-D9AA8AFF4A69	SUBJECT_PROCESS	0C51AAE3-0594-4A51-9405-4FC4214A0041	FILE_OBJECT_FILE	EVENT_READ	1523030751236112009
608F3122-39B4-11E8-BF66-D9AA8AFF4A69	SUBJECT_PROCESS	0C51AAE3-0594-4A51-9405-4FC4214A0041	FILE_OBJECT_FILE	EVENT_LSEEK	1523030751236112009
608F3122-39B4-11E8-BF66-D9AA8AFF4A69	SUBJECT_PROCESS	0C51AAE3-0594-4A51-9405-4FC4214A0041	FILE_OBJECT_FILE	EVENT_READ	1523030751236112009
608F3122-39B4-11E8-BF66-D9AA8AFF4A69	SUBJECT_PROCESS	0C51AAE3-0594-4A51-9405-4FC4214A0041	FILE_OBJECT_FILE	EVENT_READ	1523030751236112009
608F3122-39B4-11E8-BF66-D9AA8AFF4A69	SUBJECT_PROCESS	0C51AAE3-0594-4A51-9405-4FC4214A0041	FILE_OBJECT_FILE	EVENT_READ	1523030751236112009
608F3122-39B4-11E8-BF66-D9AA8AFF4A69	SUBJECT_PROCESS	0C51AAE3-0594-4A51-9405-4FC4214A0041	FILE_OBJECT_FILE	EVENT_LSEEK	1523030751236112009
608F3122-39B4-11E8-BF66-D9AA8AFF4A69	SUBJECT_PROCESS	0C51AAE3-0594-4A51-9405-4FC4214A0041	FILE_OBJECT_FILE	EVENT_READ	1523030751236112009
608F3122-39B4-11E8-BF66-D9AA8AFF4A69	SUBJECT_PROCESS	0C51AAE3-0594-4A51-9405-4FC4214A0041	FILE_OBJECT_FILE	EVENT_READ	1523030751236112009
608F3122-39B4-11E8-BF66-D9AA8AFF4A69	SUBJECT_PROCESS	0C51AAE3-0594-4A51-9405-4FC4214A0041	FILE_OBJECT_FILE	EVENT_LSEEK	1523030751236112009
608F3122-39B4-11E8-BF66-D9AA8AFF4A69	SUBJECT_PROCESS	0C51AAE3-0594-4A51-9405-4FC4214A0041	FILE_OBJECT_FILE	EVENT_READ	1523030751236112009
608F3122-39B4-11E8-BF66-D9AA8AFF4A69	SUBJECT_PROCESS	0C51AAE3-0594-4A51-9405-4FC4214A0041	FILE_OBJECT_FILE	EVENT_LSEEK	1523030751236112009
608F3122-39B4-11E8-BF66-D9AA8AFF4A69	SUBJECT_PROCESS	0C51AAE3-0594-4A51-9405-4FC4214A0041	FILE_OBJECT_FILE	EVENT_READ	1523030751236112009
608F3122-39B4-11E8-BF66-D9AA8AFF4A69	SUBJECT_PROCESS	0C51AAE3-0594-4A51-9405-4FC4214A0041	FILE_OBJECT_FILE	EVENT_LSEEK	1523030751236112009
608F3122-39B4-11E8-BF66-D9AA8AFF4A69	SUBJECT_PROCESS	0C51AAE3-0594-4A51-9405-4FC4214A0041	FILE_OBJECT_FILE	EVENT_READ	1523030751236112009
608F3122-39B4-11E8-BF66-D9AA8AFF4A69	SUBJECT_PROCESS	0C51AAE3-0594-4A51-9405-4FC4214A0041	FILE_OBJECT_FILE	EVENT_LSEEK	1523030751236112009
608F3122-39B4-11E8-BF66-D9AA8AFF4A69	SUBJECT_PROCESS	0C51AAE3-0594-4A51-9405-4FC4214A0041	FILE_OBJECT_FILE	EVENT_READ	1523030751236112009
608F3122-39B4-11E8-BF66-D9AA8AFF4A69	SUBJECT_PROCESS	0C51AAE3-0594-4A51-9405-4FC4214A0041	FILE_OBJECT_FILE	EVENT_LSEEK	1523030751236112009
608F3122-39B4-11E8-BF66-D9AA8AFF4A69	SUBJECT_PROCESS	0C51AAE3-0594-4A51-9405-4FC4214A0041	FILE_OBJECT_FILE	EVENT_READ	1523030751236112009
608F3122-39B4-11E8-BF66-D9AA8AFF4A69	SUBJECT_PROCESS	0C51AAE3-0594-4A51-9405-4FC4214A0041	FILE_OBJECT_FILE	EVENT_LSEEK	1523030751236112009
608F3122-39B4-11E8-BF66-D9AA8AFF4A69	SUBJECT_PROCESS	0C51AAE3-0594-4A51-9405-4FC4214A0041	FILE_OBJECT_FILE	EVENT_READ	1523030751236112009
608F3122-39B4-11E8-BF66-D9AA8AFF4A69	SUBJECT_PROCESS	0C51AAE3-0594-4A51-9405-4FC4214A0041	FILE_OBJECT_FILE	EVENT_READ	1523030751236112009
608F3122-39B4-11E8-BF66-D9AA8AFF4A69	SUBJECT_PROCESS	0C51AAE3-0594-4A51-9405-4FC4214A0041	FILE_OBJECT_FILE	EVENT_READ	1523030751236112009
608F3122-39B4-11E8-BF66-D9AA8AFF4A69	SUBJECT_PROCESS	0C51AAE3-0594-4A51-9405-4FC4214A0041	FILE_OBJECT_FILE	EVENT_READ	1523030751236112009
608F3122-39B4-11E8-BF66-D9AA8AFF4A69	SUBJECT_PROCESS	0C51AAE3-0594-4A51-9405-4FC4214A0041	FILE_OBJECT_FILE	EVENT_READ	1523030751236112009
608F3122-39B4-11E8-BF66-D9AA8AFF4A69	SUBJECT_PROCESS	0C51AAE3-0594-4A51-9405-4FC4214A0041	FILE_OBJECT_FILE	EVENT_LSEEK	1523030751236112009
608F3122-39B4-11E8-BF66-D9AA8AFF4A69	SUBJECT_PROCESS	0C51AAE3-0594-4A51-9405-4FC4214A0041	FILE_OBJECT_FILE	EVENT_READ	1523030751236112009
608F3122-39B4-11E8-BF66-D9AA8AFF4A69	SUBJECT_PROCESS	0C51AAE3-0594-4A51-9405-4FC4214A0041	FILE_OBJECT_FILE	EVENT_LSEEK	1523030751246112480
608F3122-39B4-11E8-BF66-D9AA8AFF4A69	SUBJECT_PROCESS	0C51AAE3-0594-4A51-9405-4FC4214A0041	FILE_OBJECT_FILE	EVENT_READ	1523030751246112480
608F3122-39B4-11E8-BF66-D9AA8AFF4A69	SUBJECT_PROCESS	0C51AAE3-0594-4A51-9405-4FC4214A0041	FILE_OBJECT_FILE	EVENT_LSEEK	1523030751246112480
608F3122-39B4-11E8-BF66-D9AA8AFF4A69	SUBJECT_PROCESS	0C51AAE3-0594-4A51-9405-4FC4214A0041	FILE_OBJECT_FILE	EVENT_READ	1523030751246112480
608F3122-39B4-11E8-BF66-D9AA8AFF4A69	SUBJECT_PROCESS	0C51AAE3-0594-4A51-9405-4FC4214A0041	FILE_OBJECT_FILE	EVENT_LSEEK	1523030751246112480
608F3122-39B4-11E8-BF66-D9AA8AFF4A69	SUBJECT_PROCESS	0C51AAE3-0594-4A51-9405-4FC4214A0041	FILE_OBJECT_FILE	EVENT_READ	1523030751246112480
608F3122-39B4-11E8-BF66-D9AA8AFF4A69	SUBJECT_PROCESS	0C51AAE3-0594-4A51-9405-4FC4214A0041	FILE_OBJECT_FILE	EVENT_LSEEK	1523030751246112480
608F3122-39B4-11E8-BF66-D9AA8AFF4A69	SUBJECT_PROCESS	0C51AAE3-0594-4A51-9405-4FC4214A0041	FILE_OBJECT_FILE	EVENT_READ	1523030751246112480
608F3122-39B4-11E8-BF66-D9AA8AFF4A69	SUBJECT_PROCESS	0C51AAE3-0594-4A51-9405-4FC4214A0041	FILE_OBJECT_FILE	EVENT_LSEEK	1523030751246112480
608F3122-39B4-11E8-BF66-D9AA8AFF4A69	SUBJECT_PROCESS	0C51AAE3-0594-4A51-9405-4FC4214A0041	FILE_OBJECT_FILE	EVENT_READ	1523030751246112480
608F3122-39B4-11E8-BF66-D9AA8AFF4A69	SUBJECT_PROCESS	0C51AAE3-0594-4A51-9405-4FC4214A0041	FILE_OBJECT_FILE	EVENT_LSEEK	1523030751246112480
608F3122-39B4-11E8-BF66-D9AA8AFF4A69	SUBJECT_PROCESS	0C51AAE3-0594-4A51-9405-4FC4214A0041	FILE_OBJECT_FILE	EVENT_READ	1523030751246112480
608F3122-39B4-11E8-BF66-D9AA8AFF4A69	SUBJECT_PROCESS	0C51AAE3-0594-4A51-9405-4FC4214A0041	FILE_OBJECT_FILE	EVENT_LSEEK	1523030751246112480
608F3122-39B4-11E8-BF66-D9AA8AFF4A69	SUBJECT_PROCESS	0C51AAE3-0594-4A51-9405-4FC4214A0041	FILE_OBJECT_FILE	EVENT_READ	1523030751246112480
608F3122-39B4-11E8-BF66-D9AA8AFF4A69	SUBJECT_PROCESS	0C51AAE3-0594-4A51-9405-4FC4214A0041	FILE_OBJECT_FILE	EVENT_LSEEK	1523030751246112480
608F3122-39B4-11E8-BF66-D9AA8AFF4A69	SUBJECT_PROCESS	0C51AAE3-0594-4A51-9405-4FC4214A0041	FILE_OBJECT_FILE	EVENT_READ	1523030751246112480
608F3122-39B4-11E8-BF66-D9AA8AFF4A69	SUBJECT_PROCESS	0C51AAE3-0594-4A51-9405-4FC4214A0041	FILE_OBJECT_FILE	EVENT_LSEEK	1523030751246112480
608F3122-39B4-11E8-BF66-D9AA8AFF4A69	SUBJECT_PROCESS	0C51AAE3-0594-4A51-9405-4FC4214A0041	FILE_OBJECT_FILE	EVENT_READ	1523030751246112480
608F3122-39B4-11E8-BF66-D9AA8AFF4A69	SUBJECT_PROCESS	0C51AAE3-0594-4A51-9405-4FC4214A0041	FILE_OBJECT_FILE	EVENT_READ	1523030751246112480
608F3122-39B4-11E8-BF66-D9AA8AFF4A69	SUBJECT_PROCESS	0C51AAE3-0594-4A51-9405-4FC4214A0041	FILE_OBJECT_FILE	EVENT_READ	1523030751246112480
608F3122-39B4-11E8-BF66-D9AA8AFF4A69	SUBJECT_PROCESS	0C51AAE3-0594-4A51-9405-4FC4214A0041	FILE_OBJECT_FILE	EVENT_READ	1523030751246112480
608F3122-39B4-11E8-BF66-D9AA8AFF4A69	SUBJECT_PROCESS	0C51AAE3-0594-4A51-9405-4FC4214A0041	FILE_OBJECT_FILE	EVENT_LSEEK	1523030751246112480
608F3122-39B4-11E8-BF66-D9AA8AFF4A69	SUBJECT_PROCESS	0C51AAE3-0594-4A51-9405-4FC4214A0041	FILE_OBJECT_FILE	EVENT_READ	1523030751246112480
608F3122-39B4-11E8-BF66-D9AA8AFF4A69	SUBJECT_PROCESS	0C51AAE3-0594-4A51-9405-4FC4214A0041	FILE_OBJECT_FILE	EVENT_LSEEK	1523030751246112480
608F3122-39B4-11E8-BF66-D9AA8AFF4A69	SUBJECT_PROCESS	0C51AAE3-0594-4A51-9405-4FC4214A0041	FILE_OBJECT_FILE	EVENT_READ	1523030751246112480
608F3122-39B4-11E8-BF66-D9AA8AFF4A69	SUBJECT_PROCESS	0C51AAE3-0594-4A51-9405-4FC4214A0041	FILE_OBJECT_FILE	EVENT_LSEEK	1523030751246112480
608F3122-39B4-11E8-BF66-D9AA8AFF4A69	SUBJECT_PROCESS	0C51AAE3-0594-4A51-9405-4FC4214A0041	FILE_OBJECT_FILE	EVENT_READ	1523030751246112480
608F3122-39B4-11E8-BF66-D9AA8AFF4A69	SUBJECT_PROCESS	0C51AAE3-0594-4A51-9405-4FC4214A0041	FILE_OBJECT_FILE	EVENT_READ	1523030751246112480
608F3122-39B4-11E8-BF66-D9AA8AFF4A69	SUBJECT_PROCESS	0C51AAE3-0594-4A51-9405-4FC4214A0041	FILE_OBJECT_FILE	EVENT_LSEEK	1523030751246112480
608F3122-39B4-11E8-BF66-D9AA8AFF4A69	SUBJECT_PROCESS	0C51AAE3-0594-4A51-9405-4FC4214A0041	FILE_OBJECT_FILE	EVENT_READ	1523030751246112480
608F3122-39B4-11E8-BF66-D9AA8AFF4A69	SUBJECT_PROCESS	0C51AAE3-0594-4A51-9405-4FC4214A0041	FILE_OBJECT_FILE	EVENT_READ	1523030751246112480
608F3122-39B4-11E8-BF66-D9AA8AFF4A69	SUBJECT_PROCESS	0C51AAE3-0594-4A51-9405-4FC4214A0041	FILE_OBJECT_FILE	EVENT_READ	1523030751246112480
608F3122-39B4-11E8-BF66-D9AA8AFF4A69	SUBJECT_PROCESS	0C51AAE3-0594-4A51-9405-4FC4214A0041	FILE_OBJECT_FILE	EVENT_READ	1523030751246112480
608F3122-39B4-11E8-BF66-D9AA8AFF4A69	SUBJECT_PROCESS	0C51AAE3-0594-4A51-9405-4FC4214A0041	FILE_OBJECT_FILE	EVENT_READ	1523030751256112131
608F3122-39B4-11E8-BF66-D9AA8AFF4A69	SUBJECT_PROCESS	0C51AAE3-0594-4A51-9405-4FC4214A0041	FILE_OBJECT_FILE	EVENT_READ	1523030751256112131
608F3122-39B4-11E8-BF66-D9AA8AFF4A69	SUBJECT_PROCESS	0C51AAE3-0594-4A51-9405-4FC4214A0041	FILE_OBJECT_FILE	EVENT_LSEEK	1523030751256112131
608F3122-39B4-11E8-BF66-D9AA8AFF4A69	SUBJECT_PROCESS	0C51AAE3-0594-4A51-9405-4FC4214A0041	FILE_OBJECT_FILE	EVENT_READ	1523030751256112131
608F3122-39B4-11E8-BF66-D9AA8AFF4A69	SUBJECT_PROCESS	0C51AAE3-0594-4A51-9405-4FC4214A0041	FILE_OBJECT_FILE	EVENT_LSEEK	1523030751256112131
608F3122-39B4-11E8-BF66-D9AA8AFF4A69	SUBJECT_PROCESS	0C51AAE3-0594-4A51-9405-4FC4214A0041	FILE_OBJECT_FILE	EVENT_READ	1523030751256112131
608F3122-39B4-11E8-BF66-D9AA8AFF4A69	SUBJECT_PROCESS	0C51AAE3-0594-4A51-9405-4FC4214A0041	FILE_OBJECT_FILE	EVENT_READ	1523030751256112131
608F3122-39B4-11E8-BF66-D9AA8AFF4A69	SUBJECT_PROCESS	0C51AAE3-0594-4A51-9405-4FC4214A0041	FILE_OBJECT_FILE	EVENT_LSEEK	1523030751256112131
608F3122-39B4-11E8-BF66-D9AA8AFF4A69	SUBJECT_PROCESS	0C51AAE3-0594-4A51-9405-4FC4214A0041	FILE_OBJECT_FILE	EVENT_READ	1523030751256112131
608F3122-39B4-11E8-BF66-D9AA8AFF4A69	SUBJECT_PROCESS	0C51AAE3-0594-4A51-9405-4FC4214A0041	FILE_OBJECT_FILE	EVENT_READ	1523030751256112131
608F3122-39B4-11E8-BF66-D9AA8AFF4A69	SUBJECT_PROCESS	0C51AAE3-0594-4A51-9405-4FC4214A0041	FILE_OBJECT_FILE	EVENT_LSEEK	1523030751256112131
608F3122-39B4-11E8-BF66-D9AA8AFF4A69	SUBJECT_PROCESS	0C51AAE3-0594-4A51-9405-4FC4214A0041	FILE_OBJECT_FILE	EVENT_READ	1523030751256112131
608F3122-39B4-11E8-BF66-D9AA8AFF4A69	SUBJECT_PROCESS	0C51AAE3-0594-4A51-9405-4FC4214A0041	FILE_OBJECT_FILE	EVENT_LSEEK	1523030751256112131
608F3122-39B4-11E8-BF66-D9AA8AFF4A69	SUBJECT_PROCESS	0C51AAE3-0594-4A51-9405-4FC4214A0041	FILE_OBJECT_FILE	EVENT_READ	1523030751256112131
608F3122-39B4-11E8-BF66-D9AA8AFF4A69	SUBJECT_PROCESS	0C51AAE3-0594-4A51-9405-4FC4214A0041	FILE_OBJECT_FILE	EVENT_READ	1523030751256112131
608F3122-39B4-11E8-BF66-D9AA8AFF4A69	SUBJECT_PROCESS	0C51AAE3-0594-4A51-9405-4FC4214A0041	FILE_OBJECT_FILE	EVENT_READ	1523030751256112131
608F3122-39B4-11E8-BF66-D9AA8AFF4A69	SUBJECT_PROCESS	0C51AAE3-0594-4A51-9405-4FC4214A0041	FILE_OBJECT_FILE	EVENT_READ	1523030751256112131
608F3122-39B4-11E8-BF66-D9AA8AFF4A69	SUBJECT_PROCESS	0C51AAE3-0594-4A51-9405-4FC4214A0041	FILE_OBJECT_FILE	EVENT_READ	1523030751256112131
608F3122-39B4-11E8-BF66-D9AA8AFF4A69	SUBJECT_PROCESS	0C51AAE3-0594-4A51-9405-4FC4214A0041	FILE_OBJECT_FILE	EVENT_LSEEK	1523030751256112131
608F3122-39B4-11E8-BF66-D9AA8AFF4A69	SUBJECT_PROCESS	0C51AAE3-0594-4A51-9405-4FC4214A0041	FILE_OBJECT_FILE	EVENT_READ	1523030751256112131
608F3122-39B4-11E8-BF66-D9AA8AFF4A69	SUBJECT_PROCESS	0C51AAE3-0594-4A51-9405-4FC4214A0041	FILE_OBJECT_FILE	EVENT_LSEEK	1523030751256112131
608F3122-39B4-11E8-BF66-D9AA8AFF4A69	SUBJECT_PROCESS	0C51AAE3-0594-4A51-9405-4FC4214A0041	FILE_OBJECT_FILE	EVENT_READ	1523030751256112131
608F3122-39B4-11E8-BF66-D9AA8AFF4A69	SUBJECT_PROCESS	0C51AAE3-0594-4A51-9405-4FC4214A0041	FILE_OBJECT_FILE	EVENT_LSEEK	1523030751256112131
608F3122-39B4-11E8-BF66-D9AA8AFF4A69	SUBJECT_PROCESS	0C51AAE3-0594-4A51-9405-4FC4214A0041	FILE_OBJECT_FILE	EVENT_READ	1523030751256112131
608F3122-39B4-11E8-BF66-D9AA8AFF4A69	SUBJECT_PROCESS	0C51AAE3-0594-4A51-9405-4FC4214A0041	FILE_OBJECT_FILE	EVENT_LSEEK	1523030751256112131
608F3122-39B4-11E8-BF66-D9AA8AFF4A69	SUBJECT_PROCESS	0C51AAE3-0594-4A51-9405-4FC4214A0041	FILE_OBJECT_FILE	EVENT_READ	1523030751256112131
608F3122-39B4-11E8-BF66-D9AA8AFF4A69	SUBJECT_PROCESS	0C51AAE3-0594-4A51-9405-4FC4214A0041	FILE_OBJECT_FILE	EVENT_LSEEK	1523030751256112131
608F3122-39B4-11E8-BF66-D9AA8AFF4A69	SUBJECT_PROCESS	0C51AAE3-0594-4A51-9405-4FC4214A0041	FILE_OBJECT_FILE	EVENT_READ	1523030751256112131
608F3122-39B4-11E8-BF66-D9AA8AFF4A69	SUBJECT_PROCESS	0C51AAE3-0594-4A51-9405-4FC4214A0041	FILE_OBJECT_FILE	EVENT_LSEEK	1523030751256112131
608F3122-39B4-11E8-BF66-D9AA8AFF4A69	SUBJECT_PROCESS	0C51AAE3-0594-4A51-9405-4FC4214A0041	FILE_OBJECT_FILE	EVENT_READ	1523030751256112131
608F3122-39B4-11E8-BF66-D9AA8AFF4A69	SUBJECT_PROCESS	0C51AAE3-0594-4A51-9405-4FC4214A0041	FILE_OBJECT_FILE	EVENT_READ	1523030751256112131
608F3122-39B4-11E8-BF66-D9AA8AFF4A69	SUBJECT_PROCESS	0C51AAE3-0594-4A51-9405-4FC4214A0041	FILE_OBJECT_FILE	EVENT_READ	1523030751266113262
608F3122-39B4-11E8-BF66-D9AA8AFF4A69	SUBJECT_PROCESS	0C51AAE3-0594-4A51-9405-4FC4214A0041	FILE_OBJECT_FILE	EVENT_LSEEK	1523030751266113262
608F3122-39B4-11E8-BF66-D9AA8AFF4A69	SUBJECT_PROCESS	0C51AAE3-0594-4A51-9405-4FC4214A0041	FILE_OBJECT_FILE	EVENT_READ	1523030751266113262
608F3122-39B4-11E8-BF66-D9AA8AFF4A69	SUBJECT_PROCESS	0C51AAE3-0594-4A51-9405-4FC4214A0041	FILE_OBJECT_FILE	EVENT_LSEEK	1523030751266113262
608F3122-39B4-11E8-BF66-D9AA8AFF4A69	SUBJECT_PROCESS	0C51AAE3-0594-4A51-9405-4FC4214A0041	FILE_OBJECT_FILE	EVENT_READ	1523030751266113262
608F3122-39B4-11E8-BF66-D9AA8AFF4A69	SUBJECT_PROCESS	0C51AAE3-0594-4A51-9405-4FC4214A0041	FILE_OBJECT_FILE	EVENT_LSEEK	1523030751266113262
608F3122-39B4-11E8-BF66-D9AA8AFF4A69	SUBJECT_PROCESS	0C51AAE3-0594-4A51-9405-4FC4214A0041	FILE_OBJECT_FILE	EVENT_READ	1523030751266113262
608F3122-39B4-11E8-BF66-D9AA8AFF4A69	SUBJECT_PROCESS	0C51AAE3-0594-4A51-9405-4FC4214A0041	FILE_OBJECT_FILE	EVENT_LSEEK	1523030751266113262
608F3122-39B4-11E8-BF66-D9AA8AFF4A69	SUBJECT_PROCESS	0C51AAE3-0594-4A51-9405-4FC4214A0041	FILE_OBJECT_FILE	EVENT_READ	1523030751266113262
608F3122-39B4-11E8-BF66-D9AA8AFF4A69	SUBJECT_PROCESS	0C51AAE3-0594-4A51-9405-4FC4214A0041	FILE_OBJECT_FILE	EVENT_LSEEK	1523030751266113262
608F3122-39B4-11E8-BF66-D9AA8AFF4A69	SUBJECT_PROCESS	0C51AAE3-0594-4A51-9405-4FC4214A0041	FILE_OBJECT_FILE	EVENT_READ	1523030751266113262
608F3122-39B4-11E8-BF66-D9AA8AFF4A69	SUBJECT_PROCESS	0C51AAE3-0594-4A51-9405-4FC4214A0041	FILE_OBJECT_FILE	EVENT_LSEEK	1523030751266113262
608F3122-39B4-11E8-BF66-D9AA8AFF4A69	SUBJECT_PROCESS	0C51AAE3-0594-4A51-9405-4FC4214A0041	FILE_OBJECT_FILE	EVENT_READ	1523030751266113262
608F3122-39B4-11E8-BF66-D9AA8AFF4A69	SUBJECT_PROCESS	0C51AAE3-0594-4A51-9405-4FC4214A0041	FILE_OBJECT_FILE	EVENT_LSEEK	1523030751266113262
608F3122-39B4-11E8-BF66-D9AA8AFF4A69	SUBJECT_PROCESS	0C51AAE3-0594-4A51-9405-4FC4214A0041	FILE_OBJECT_FILE	EVENT_READ	1523030751266113262
608F3122-39B4-11E8-BF66-D9AA8AFF4A69	SUBJECT_PROCESS	0C51AAE3-0594-4A51-9405-4FC4214A0041	FILE_OBJECT_FILE	EVENT_LSEEK	1523030751266113262
608F3122-39B4-11E8-BF66-D9AA8AFF4A69	SUBJECT_PROCESS	0C51AAE3-0594-4A51-9405-4FC4214A0041	FILE_OBJECT_FILE	EVENT_READ	1523030751266113262
608F3122-39B4-11E8-BF66-D9AA8AFF4A69	SUBJECT_PROCESS	0C51AAE3-0594-4A51-9405-4FC4214A0041	FILE_OBJECT_FILE	EVENT_READ	1523030751266113262
608F3122-39B4-11E8-BF66-D9AA8AFF4A69	SUBJECT_PROCESS	0C51AAE3-0594-4A51-9405-4FC4214A0041	FILE_OBJECT_FILE	EVENT_READ	1523030751266113262
608F3122-39B4-11E8-BF66-D9AA8AFF4A69	SUBJECT_PROCESS	0C51AAE3-0594-4A51-9405-4FC4214A0041	FILE_OBJECT_FILE	EVENT_LSEEK	1523030751266113262
608F3122-39B4-11E8-BF66-D9AA8AFF4A69	SUBJECT_PROCESS	0C51AAE3-0594-4A51-9405-4FC4214A0041	FILE_OBJECT_FILE	EVENT_READ	1523030751266113262
608F3122-39B4-11E8-BF66-D9AA8AFF4A69	SUBJECT_PROCESS	0C51AAE3-0594-4A51-9405-4FC4214A0041	FILE_OBJECT_FILE	EVENT_READ	1523030751266113262
608F3122-39B4-11E8-BF66-D9AA8AFF4A69	SUBJECT_PROCESS	0C51AAE3-0594-4A51-9405-4FC4214A0041	FILE_OBJECT_FILE	EVENT_READ	1523030751266113262
608F3122-39B4-11E8-BF66-D9AA8AFF4A69	SUBJECT_PROCESS	0C51AAE3-0594-4A51-9405-4FC4214A0041	FILE_OBJECT_FILE	EVENT_LSEEK	1523030751266113262
608F3122-39B4-11E8-BF66-D9AA8AFF4A69	SUBJECT_PROCESS	0C51AAE3-0594-4A51-9405-4FC4214A0041	FILE_OBJECT_FILE	EVENT_READ	1523030751266113262
608F3122-39B4-11E8-BF66-D9AA8AFF4A69	SUBJECT_PROCESS	0C51AAE3-0594-4A51-9405-4FC4214A0041	FILE_OBJECT_FILE	EVENT_READ	1523030751266113262
608F3122-39B4-11E8-BF66-D9AA8AFF4A69	SUBJECT_PROCESS	0C51AAE3-0594-4A51-9405-4FC4214A0041	FILE_OBJECT_FILE	EVENT_READ	1523030751266113262
608F3122-39B4-11E8-BF66-D9AA8AFF4A69	SUBJECT_PROCESS	0C51AAE3-0594-4A51-9405-4FC4214A0041	FILE_OBJECT_FILE	EVENT_LSEEK	1523030751266113262
608F3122-39B4-11E8-BF66-D9AA8AFF4A69	SUBJECT_PROCESS	0C51AAE3-0594-4A51-9405-4FC4214A0041	FILE_OBJECT_FILE	EVENT_READ	1523030751266113262
608F3122-39B4-11E8-BF66-D9AA8AFF4A69	SUBJECT_PROCESS	0C51AAE3-0594-4A51-9405-4FC4214A0041	FILE_OBJECT_FILE	EVENT_LSEEK	1523030751266113262
608F3122-39B4-11E8-BF66-D9AA8AFF4A69	SUBJECT_PROCESS	0C51AAE3-0594-4A51-9405-4FC4214A0041	FILE_OBJECT_FILE	EVENT_READ	1523030751266113262
608F3122-39B4-11E8-BF66-D9AA8AFF4A69	SUBJECT_PROCESS	0C51AAE3-0594-4A51-9405-4FC4214A0041	FILE_OBJECT_FILE	EVENT_LSEEK	1523030751266113262
608F3122-39B4-11E8-BF66-D9AA8AFF4A69	SUBJECT_PROCESS	0C51AAE3-0594-4A51-9405-4FC4214A0041	FILE_OBJECT_FILE	EVENT_READ	1523030751266113262
608F3122-39B4-11E8-BF66-D9AA8AFF4A69	SUBJECT_PROCESS	0C51AAE3-0594-4A51-9405-4FC4214A0041	FILE_OBJECT_FILE	EVENT_READ	1523030751276111142
608F3122-39B4-11E8-BF66-D9AA8AFF4A69	SUBJECT_PROCESS	0C51AAE3-0594-4A51-9405-4FC4214A0041	FILE_OBJECT_FILE	EVENT_LSEEK	1523030751276111142
608F3122-39B4-11E8-BF66-D9AA8AFF4A69	SUBJECT_PROCESS	0C51AAE3-0594-4A51-9405-4FC4214A0041	FILE_OBJECT_FILE	EVENT_READ	1523030751276111142
608F3122-39B4-11E8-BF66-D9AA8AFF4A69	SUBJECT_PROCESS	0C51AAE3-0594-4A51-9405-4FC4214A0041	FILE_OBJECT_FILE	EVENT_READ	1523030751276111142
608F3122-39B4-11E8-BF66-D9AA8AFF4A69	SUBJECT_PROCESS	0C51AAE3-0594-4A51-9405-4FC4214A0041	FILE_OBJECT_FILE	EVENT_LSEEK	1523030751276111142
608F3122-39B4-11E8-BF66-D9AA8AFF4A69	SUBJECT_PROCESS	0C51AAE3-0594-4A51-9405-4FC4214A0041	FILE_OBJECT_FILE	EVENT_READ	1523030751276111142
608F3122-39B4-11E8-BF66-D9AA8AFF4A69	SUBJECT_PROCESS	0C51AAE3-0594-4A51-9405-4FC4214A0041	FILE_OBJECT_FILE	EVENT_LSEEK	1523030751276111142
608F3122-39B4-11E8-BF66-D9AA8AFF4A69	SUBJECT_PROCESS	0C51AAE3-0594-4A51-9405-4FC4214A0041	FILE_OBJECT_FILE	EVENT_READ	1523030751276111142
608F3122-39B4-11E8-BF66-D9AA8AFF4A69	SUBJECT_PROCESS	0C51AAE3-0594-4A51-9405-4FC4214A0041	FILE_OBJECT_FILE	EVENT_LSEEK	1523030751276111142
608F3122-39B4-11E8-BF66-D9AA8AFF4A69	SUBJECT_PROCESS	0C51AAE3-0594-4A51-9405-4FC4214A0041	FILE_OBJECT_FILE	EVENT_READ	1523030751276111142
608F3122-39B4-11E8-BF66-D9AA8AFF4A69	SUBJECT_PROCESS	0C51AAE3-0594-4A51-9405-4FC4214A0041	FILE_OBJECT_FILE	EVENT_READ	1523030751276111142
608F3122-39B4-11E8-BF66-D9AA8AFF4A69	SUBJECT_PROCESS	0C51AAE3-0594-4A51-9405-4FC4214A0041	FILE_OBJECT_FILE	EVENT_LSEEK	1523030751276111142
608F3122-39B4-11E8-BF66-D9AA8AFF4A69	SUBJECT_PROCESS	0C51AAE3-0594-4A51-9405-4FC4214A0041	FILE_OBJECT_FILE	EVENT_READ	1523030751276111142
608F3122-39B4-11E8-BF66-D9AA8AFF4A69	SUBJECT_PROCESS	0C51AAE3-0594-4A51-9405-4FC4214A0041	FILE_OBJECT_FILE	EVENT_READ	1523030751276111142
608F3122-39B4-11E8-BF66-D9AA8AFF4A69	SUBJECT_PROCESS	0C51AAE3-0594-4A51-9405-4FC4214A0041	FILE_OBJECT_FILE	EVENT_READ	1523030751276111142
608F3122-39B4-11E8-BF66-D9AA8AFF4A69	SUBJECT_PROCESS	0C51AAE3-0594-4A51-9405-4FC4214A0041	FILE_OBJECT_FILE	EVENT_READ	1523030751276111142
608F3122-39B4-11E8-BF66-D9AA8AFF4A69	SUBJECT_PROCESS	0C51AAE3-0594-4A51-9405-4FC4214A0041	FILE_OBJECT_FILE	EVENT_LSEEK	1523030751276111142
608F3122-39B4-11E8-BF66-D9AA8AFF4A69	SUBJECT_PROCESS	0C51AAE3-0594-4A51-9405-4FC4214A0041	FILE_OBJECT_FILE	EVENT_READ	1523030751276111142
608F3122-39B4-11E8-BF66-D9AA8AFF4A69	SUBJECT_PROCESS	0C51AAE3-0594-4A51-9405-4FC4214A0041	FILE_OBJECT_FILE	EVENT_READ	1523030751276111142
608F3122-39B4-11E8-BF66-D9AA8AFF4A69	SUBJECT_PROCESS	0C51AAE3-0594-4A51-9405-4FC4214A0041	FILE_OBJECT_FILE	EVENT_LSEEK	1523030751276111142
608F3122-39B4-11E8-BF66-D9AA8AFF4A69	SUBJECT_PROCESS	0C51AAE3-0594-4A51-9405-4FC4214A0041	FILE_OBJECT_FILE	EVENT_READ	1523030751276111142
608F3122-39B4-11E8-BF66-D9AA8AFF4A69	SUBJECT_PROCESS	0C51AAE3-0594-4A51-9405-4FC4214A0041	FILE_OBJECT_FILE	EVENT_READ	1523030751276111142
608F3122-39B4-11E8-BF66-D9AA8AFF4A69	SUBJECT_PROCESS	0C51AAE3-0594-4A51-9405-4FC4214A0041	FILE_OBJECT_FILE	EVENT_LSEEK	1523030751276111142
608F3122-39B4-11E8-BF66-D9AA8AFF4A69	SUBJECT_PROCESS	0C51AAE3-0594-4A51-9405-4FC4214A0041	FILE_OBJECT_FILE	EVENT_READ	1523030751276111142
608F3122-39B4-11E8-BF66-D9AA8AFF4A69	SUBJECT_PROCESS	0C51AAE3-0594-4A51-9405-4FC4214A0041	FILE_OBJECT_FILE	EVENT_LSEEK	1523030751276111142
608F3122-39B4-11E8-BF66-D9AA8AFF4A69	SUBJECT_PROCESS	0C51AAE3-0594-4A51-9405-4FC4214A0041	FILE_OBJECT_FILE	EVENT_READ	1523030751276111142
608F3122-39B4-11E8-BF66-D9AA8AFF4A69	SUBJECT_PROCESS	0C51AAE3-0594-4A51-9405-4FC4214A0041	FILE_OBJECT_FILE	EVENT_LSEEK	1523030751276111142
608F3122-39B4-11E8-BF66-D9AA8AFF4A69	SUBJECT_PROCESS	0C51AAE3-0594-4A51-9405-4FC4214A0041	FILE_OBJECT_FILE	EVENT_READ	1523030751276111142
608F3122-39B4-11E8-BF66-D9AA8AFF4A69	SUBJECT_PROCESS	0C51AAE3-0594-4A51-9405-4FC4214A0041	FILE_OBJECT_FILE	EVENT_LSEEK	1523030751276111142
608F3122-39B4-11E8-BF66-D9AA8AFF4A69	SUBJECT_PROCESS	0C51AAE3-0594-4A51-9405-4FC4214A0041	FILE_OBJECT_FILE	EVENT_READ	1523030751276111142
608F3122-39B4-11E8-BF66-D9AA8AFF4A69	SUBJECT_PROCESS	0C51AAE3-0594-4A51-9405-4FC4214A0041	FILE_OBJECT_FILE	EVENT_LSEEK	1523030751276111142
608F3122-39B4-11E8-BF66-D9AA8AFF4A69	SUBJECT_PROCESS	0C51AAE3-0594-4A51-9405-4FC4214A0041	FILE_OBJECT_FILE	EVENT_READ	1523030751276111142
608F3122-39B4-11E8-BF66-D9AA8AFF4A69	SUBJECT_PROCESS	0C51AAE3-0594-4A51-9405-4FC4214A0041	FILE_OBJECT_FILE	EVENT_LSEEK	1523030751286114323
608F3122-39B4-11E8-BF66-D9AA8AFF4A69	SUBJECT_PROCESS	0C51AAE3-0594-4A51-9405-4FC4214A0041	FILE_OBJECT_FILE	EVENT_READ	1523030751286114323
608F3122-39B4-11E8-BF66-D9AA8AFF4A69	SUBJECT_PROCESS	0C51AAE3-0594-4A51-9405-4FC4214A0041	FILE_OBJECT_FILE	EVENT_LSEEK	1523030751286114323
608F3122-39B4-11E8-BF66-D9AA8AFF4A69	SUBJECT_PROCESS	0C51AAE3-0594-4A51-9405-4FC4214A0041	FILE_OBJECT_FILE	EVENT_READ	1523030751286114323
608F3122-39B4-11E8-BF66-D9AA8AFF4A69	SUBJECT_PROCESS	0C51AAE3-0594-4A51-9405-4FC4214A0041	FILE_OBJECT_FILE	EVENT_LSEEK	1523030751286114323
608F3122-39B4-11E8-BF66-D9AA8AFF4A69	SUBJECT_PROCESS	0C51AAE3-0594-4A51-9405-4FC4214A0041	FILE_OBJECT_FILE	EVENT_READ	1523030751286114323
608F3122-39B4-11E8-BF66-D9AA8AFF4A69	SUBJECT_PROCESS	0C51AAE3-0594-4A51-9405-4FC4214A0041	FILE_OBJECT_FILE	EVENT_LSEEK	1523030751286114323
608F3122-39B4-11E8-BF66-D9AA8AFF4A69	SUBJECT_PROCESS	0C51AAE3-0594-4A51-9405-4FC4214A0041	FILE_OBJECT_FILE	EVENT_READ	1523030751286114323
608F3122-39B4-11E8-BF66-D9AA8AFF4A69	SUBJECT_PROCESS	0C51AAE3-0594-4A51-9405-4FC4214A0041	FILE_OBJECT_FILE	EVENT_LSEEK	1523030751286114323
608F3122-39B4-11E8-BF66-D9AA8AFF4A69	SUBJECT_PROCESS	0C51AAE3-0594-4A51-9405-4FC4214A0041	FILE_OBJECT_FILE	EVENT_READ	1523030751286114323
608F3122-39B4-11E8-BF66-D9AA8AFF4A69	SUBJECT_PROCESS	0C51AAE3-0594-4A51-9405-4FC4214A0041	FILE_OBJECT_FILE	EVENT_LSEEK	1523030751286114323
608F3122-39B4-11E8-BF66-D9AA8AFF4A69	SUBJECT_PROCESS	0C51AAE3-0594-4A51-9405-4FC4214A0041	FILE_OBJECT_FILE	EVENT_READ	1523030751286114323
608F3122-39B4-11E8-BF66-D9AA8AFF4A69	SUBJECT_PROCESS	0C51AAE3-0594-4A51-9405-4FC4214A0041	FILE_OBJECT_FILE	EVENT_LSEEK	1523030751286114323
608F3122-39B4-11E8-BF66-D9AA8AFF4A69	SUBJECT_PROCESS	0C51AAE3-0594-4A51-9405-4FC4214A0041	FILE_OBJECT_FILE	EVENT_READ	1523030751286114323
608F3122-39B4-11E8-BF66-D9AA8AFF4A69	SUBJECT_PROCESS	0C51AAE3-0594-4A51-9405-4FC4214A0041	FILE_OBJECT_FILE	EVENT_LSEEK	1523030751286114323
608F3122-39B4-11E8-BF66-D9AA8AFF4A69	SUBJECT_PROCESS	0C51AAE3-0594-4A51-9405-4FC4214A0041	FILE_OBJECT_FILE	EVENT_READ	1523030751286114323
608F3122-39B4-11E8-BF66-D9AA8AFF4A69	SUBJECT_PROCESS	0C51AAE3-0594-4A51-9405-4FC4214A0041	FILE_OBJECT_FILE	EVENT_LSEEK	1523030751286114323
608F3122-39B4-11E8-BF66-D9AA8AFF4A69	SUBJECT_PROCESS	0C51AAE3-0594-4A51-9405-4FC4214A0041	FILE_OBJECT_FILE	EVENT_READ	1523030751286114323
608F3122-39B4-11E8-BF66-D9AA8AFF4A69	SUBJECT_PROCESS	0C51AAE3-0594-4A51-9405-4FC4214A0041	FILE_OBJECT_FILE	EVENT_LSEEK	1523030751286114323
608F3122-39B4-11E8-BF66-D9AA8AFF4A69	SUBJECT_PROCESS	0C51AAE3-0594-4A51-9405-4FC4214A0041	FILE_OBJECT_FILE	EVENT_READ	1523030751286114323
608F3122-39B4-11E8-BF66-D9AA8AFF4A69	SUBJECT_PROCESS	0C51AAE3-0594-4A51-9405-4FC4214A0041	FILE_OBJECT_FILE	EVENT_LSEEK	1523030751286114323
608F3122-39B4-11E8-BF66-D9AA8AFF4A69	SUBJECT_PROCESS	0C51AAE3-0594-4A51-9405-4FC4214A0041	FILE_OBJECT_FILE	EVENT_READ	1523030751286114323
608F3122-39B4-11E8-BF66-D9AA8AFF4A69	SUBJECT_PROCESS	0C51AAE3-0594-4A51-9405-4FC4214A0041	FILE_OBJECT_FILE	EVENT_LSEEK	1523030751286114323
608F3122-39B4-11E8-BF66-D9AA8AFF4A69	SUBJECT_PROCESS	0C51AAE3-0594-4A51-9405-4FC4214A0041	FILE_OBJECT_FILE	EVENT_READ	1523030751286114323
608F3122-39B4-11E8-BF66-D9AA8AFF4A69	SUBJECT_PROCESS	0C51AAE3-0594-4A51-9405-4FC4214A0041	FILE_OBJECT_FILE	EVENT_LSEEK	1523030751286114323
608F3122-39B4-11E8-BF66-D9AA8AFF4A69	SUBJECT_PROCESS	0C51AAE3-0594-4A51-9405-4FC4214A0041	FILE_OBJECT_FILE	EVENT_READ	1523030751286114323
608F3122-39B4-11E8-BF66-D9AA8AFF4A69	SUBJECT_PROCESS	0C51AAE3-0594-4A51-9405-4FC4214A0041	FILE_OBJECT_FILE	EVENT_LSEEK	1523030751286114323
608F3122-39B4-11E8-BF66-D9AA8AFF4A69	SUBJECT_PROCESS	0C51AAE3-0594-4A51-9405-4FC4214A0041	FILE_OBJECT_FILE	EVENT_READ	1523030751286114323
608F3122-39B4-11E8-BF66-D9AA8AFF4A69	SUBJECT_PROCESS	0C51AAE3-0594-4A51-9405-4FC4214A0041	FILE_OBJECT_FILE	EVENT_LSEEK	1523030751286114323
608F3122-39B4-11E8-BF66-D9AA8AFF4A69	SUBJECT_PROCESS	0C51AAE3-0594-4A51-9405-4FC4214A0041	FILE_OBJECT_FILE	EVENT_READ	1523030751286114323
608F3122-39B4-11E8-BF66-D9AA8AFF4A69	SUBJECT_PROCESS	0C51AAE3-0594-4A51-9405-4FC4214A0041	FILE_OBJECT_FILE	EVENT_LSEEK	1523030751296122424
608F3122-39B4-11E8-BF66-D9AA8AFF4A69	SUBJECT_PROCESS	0C51AAE3-0594-4A51-9405-4FC4214A0041	FILE_OBJECT_FILE	EVENT_READ	1523030751296122424
608F3122-39B4-11E8-BF66-D9AA8AFF4A69	SUBJECT_PROCESS	0C51AAE3-0594-4A51-9405-4FC4214A0041	FILE_OBJECT_FILE	EVENT_LSEEK	1523030751296122424
608F3122-39B4-11E8-BF66-D9AA8AFF4A69	SUBJECT_PROCESS	0C51AAE3-0594-4A51-9405-4FC4214A0041	FILE_OBJECT_FILE	EVENT_READ	1523030751296122424
608F3122-39B4-11E8-BF66-D9AA8AFF4A69	SUBJECT_PROCESS	0C51AAE3-0594-4A51-9405-4FC4214A0041	FILE_OBJECT_FILE	EVENT_LSEEK	1523030751296122424
608F3122-39B4-11E8-BF66-D9AA8AFF4A69	SUBJECT_PROCESS	0C51AAE3-0594-4A51-9405-4FC4214A0041	FILE_OBJECT_FILE	EVENT_READ	1523030751296122424
608F3122-39B4-11E8-BF66-D9AA8AFF4A69	SUBJECT_PROCESS	0C51AAE3-0594-4A51-9405-4FC4214A0041	FILE_OBJECT_FILE	EVENT_LSEEK	1523030751296122424
608F3122-39B4-11E8-BF66-D9AA8AFF4A69	SUBJECT_PROCESS	0C51AAE3-0594-4A51-9405-4FC4214A0041	FILE_OBJECT_FILE	EVENT_READ	1523030751296122424
608F3122-39B4-11E8-BF66-D9AA8AFF4A69	SUBJECT_PROCESS	0C51AAE3-0594-4A51-9405-4FC4214A0041	FILE_OBJECT_FILE	EVENT_LSEEK	1523030751296122424
608F3122-39B4-11E8-BF66-D9AA8AFF4A69	SUBJECT_PROCESS	0C51AAE3-0594-4A51-9405-4FC4214A0041	FILE_OBJECT_FILE	EVENT_READ	1523030751296122424
608F3122-39B4-11E8-BF66-D9AA8AFF4A69	SUBJECT_PROCESS	0C51AAE3-0594-4A51-9405-4FC4214A0041	FILE_OBJECT_FILE	EVENT_LSEEK	1523030751296122424
608F3122-39B4-11E8-BF66-D9AA8AFF4A69	SUBJECT_PROCESS	0C51AAE3-0594-4A51-9405-4FC4214A0041	FILE_OBJECT_FILE	EVENT_READ	1523030751296122424
608F3122-39B4-11E8-BF66-D9AA8AFF4A69	SUBJECT_PROCESS	0C51AAE3-0594-4A51-9405-4FC4214A0041	FILE_OBJECT_FILE	EVENT_LSEEK	1523030751296122424
608F3122-39B4-11E8-BF66-D9AA8AFF4A69	SUBJECT_PROCESS	0C51AAE3-0594-4A51-9405-4FC4214A0041	FILE_OBJECT_FILE	EVENT_READ	1523030751296122424
608F3122-39B4-11E8-BF66-D9AA8AFF4A69	SUBJECT_PROCESS	0C51AAE3-0594-4A51-9405-4FC4214A0041	FILE_OBJECT_FILE	EVENT_LSEEK	1523030751296122424
608F3122-39B4-11E8-BF66-D9AA8AFF4A69	SUBJECT_PROCESS	0C51AAE3-0594-4A51-9405-4FC4214A0041	FILE_OBJECT_FILE	EVENT_READ	1523030751296122424
608F3122-39B4-11E8-BF66-D9AA8AFF4A69	SUBJECT_PROCESS	0C51AAE3-0594-4A51-9405-4FC4214A0041	FILE_OBJECT_FILE	EVENT_LSEEK	1523030751296122424
608F3122-39B4-11E8-BF66-D9AA8AFF4A69	SUBJECT_PROCESS	0C51AAE3-0594-4A51-9405-4FC4214A0041	FILE_OBJECT_FILE	EVENT_READ	1523030751296122424
608F3122-39B4-11E8-BF66-D9AA8AFF4A69	SUBJECT_PROCESS	0C51AAE3-0594-4A51-9405-4FC4214A0041	FILE_OBJECT_FILE	EVENT_LSEEK	1523030751296122424
608F3122-39B4-11E8-BF66-D9AA8AFF4A69	SUBJECT_PROCESS	0C51AAE3-0594-4A51-9405-4FC4214A0041	FILE_OBJECT_FILE	EVENT_READ	1523030751296122424
608F3122-39B4-11E8-BF66-D9AA8AFF4A69	SUBJECT_PROCESS	0C51AAE3-0594-4A51-9405-4FC4214A0041	FILE_OBJECT_FILE	EVENT_LSEEK	1523030751296122424
608F3122-39B4-11E8-BF66-D9AA8AFF4A69	SUBJECT_PROCESS	0C51AAE3-0594-4A51-9405-4FC4214A0041	FILE_OBJECT_FILE	EVENT_READ	1523030751296122424
608F3122-39B4-11E8-BF66-D9AA8AFF4A69	SUBJECT_PROCESS	0C51AAE3-0594-4A51-9405-4FC4214A0041	FILE_OBJECT_FILE	EVENT_LSEEK	1523030751296122424
608F3122-39B4-11E8-BF66-D9AA8AFF4A69	SUBJECT_PROCESS	0C51AAE3-0594-4A51-9405-4FC4214A0041	FILE_OBJECT_FILE	EVENT_READ	1523030751296122424
608F3122-39B4-11E8-BF66-D9AA8AFF4A69	SUBJECT_PROCESS	0C51AAE3-0594-4A51-9405-4FC4214A0041	FILE_OBJECT_FILE	EVENT_LSEEK	1523030751296122424
608F3122-39B4-11E8-BF66-D9AA8AFF4A69	SUBJECT_PROCESS	0C51AAE3-0594-4A51-9405-4FC4214A0041	FILE_OBJECT_FILE	EVENT_READ	1523030751296122424
608F3122-39B4-11E8-BF66-D9AA8AFF4A69	SUBJECT_PROCESS	0C51AAE3-0594-4A51-9405-4FC4214A0041	FILE_OBJECT_FILE	EVENT_LSEEK	1523030751296122424
608F3122-39B4-11E8-BF66-D9AA8AFF4A69	SUBJECT_PROCESS	0C51AAE3-0594-4A51-9405-4FC4214A0041	FILE_OBJECT_FILE	EVENT_READ	1523030751296122424
608F3122-39B4-11E8-BF66-D9AA8AFF4A69	SUBJECT_PROCESS	0C51AAE3-0594-4A51-9405-4FC4214A0041	FILE_OBJECT_FILE	EVENT_LSEEK	1523030751296122424
608F3122-39B4-11E8-BF66-D9AA8AFF4A69	SUBJECT_PROCESS	0C51AAE3-0594-4A51-9405-4FC4214A0041	FILE_OBJECT_FILE	EVENT_READ	1523030751306111225
608F3122-39B4-11E8-BF66-D9AA8AFF4A69	SUBJECT_PROCESS	0C51AAE3-0594-4A51-9405-4FC4214A0041	FILE_OBJECT_FILE	EVENT_LSEEK	1523030751306111225
608F3122-39B4-11E8-BF66-D9AA8AFF4A69	SUBJECT_PROCESS	0C51AAE3-0594-4A51-9405-4FC4214A0041	FILE_OBJECT_FILE	EVENT_READ	1523030751306111225
608F3122-39B4-11E8-BF66-D9AA8AFF4A69	SUBJECT_PROCESS	0C51AAE3-0594-4A51-9405-4FC4214A0041	FILE_OBJECT_FILE	EVENT_LSEEK	1523030751306111225
608F3122-39B4-11E8-BF66-D9AA8AFF4A69	SUBJECT_PROCESS	0C51AAE3-0594-4A51-9405-4FC4214A0041	FILE_OBJECT_FILE	EVENT_READ	1523030751306111225
608F3122-39B4-11E8-BF66-D9AA8AFF4A69	SUBJECT_PROCESS	0C51AAE3-0594-4A51-9405-4FC4214A0041	FILE_OBJECT_FILE	EVENT_LSEEK	1523030751306111225
608F3122-39B4-11E8-BF66-D9AA8AFF4A69	SUBJECT_PROCESS	0C51AAE3-0594-4A51-9405-4FC4214A0041	FILE_OBJECT_FILE	EVENT_READ	1523030751306111225
608F3122-39B4-11E8-BF66-D9AA8AFF4A69	SUBJECT_PROCESS	0C51AAE3-0594-4A51-9405-4FC4214A0041	FILE_OBJECT_FILE	EVENT_LSEEK	1523030751306111225
608F3122-39B4-11E8-BF66-D9AA8AFF4A69	SUBJECT_PROCESS	0C51AAE3-0594-4A51-9405-4FC4214A0041	FILE_OBJECT_FILE	EVENT_READ	1523030751306111225
608F3122-39B4-11E8-BF66-D9AA8AFF4A69	SUBJECT_PROCESS	0C51AAE3-0594-4A51-9405-4FC4214A0041	FILE_OBJECT_FILE	EVENT_LSEEK	1523030751306111225
608F3122-39B4-11E8-BF66-D9AA8AFF4A69	SUBJECT_PROCESS	0C51AAE3-0594-4A51-9405-4FC4214A0041	FILE_OBJECT_FILE	EVENT_READ	1523030751306111225
608F3122-39B4-11E8-BF66-D9AA8AFF4A69	SUBJECT_PROCESS	0C51AAE3-0594-4A51-9405-4FC4214A0041	FILE_OBJECT_FILE	EVENT_LSEEK	1523030751306111225
608F3122-39B4-11E8-BF66-D9AA8AFF4A69	SUBJECT_PROCESS	0C51AAE3-0594-4A51-9405-4FC4214A0041	FILE_OBJECT_FILE	EVENT_READ	1523030751306111225
608F3122-39B4-11E8-BF66-D9AA8AFF4A69	SUBJECT_PROCESS	0C51AAE3-0594-4A51-9405-4FC4214A0041	FILE_OBJECT_FILE	EVENT_LSEEK	1523030751306111225
608F3122-39B4-11E8-BF66-D9AA8AFF4A69	SUBJECT_PROCESS	0C51AAE3-0594-4A51-9405-4FC4214A0041	FILE_OBJECT_FILE	EVENT_READ	1523030751306111225
608F3122-39B4-11E8-BF66-D9AA8AFF4A69	SUBJECT_PROCESS	0C51AAE3-0594-4A51-9405-4FC4214A0041	FILE_OBJECT_FILE	EVENT_LSEEK	1523030751306111225
608F3122-39B4-11E8-BF66-D9AA8AFF4A69	SUBJECT_PROCESS	0C51AAE3-0594-4A51-9405-4FC4214A0041	FILE_OBJECT_FILE	EVENT_READ	1523030751306111225
608F3122-39B4-11E8-BF66-D9AA8AFF4A69	SUBJECT_PROCESS	0C51AAE3-0594-4A51-9405-4FC4214A0041	FILE_OBJECT_FILE	EVENT_LSEEK	1523030751306111225
608F3122-39B4-11E8-BF66-D9AA8AFF4A69	SUBJECT_PROCESS	0C51AAE3-0594-4A51-9405-4FC4214A0041	FILE_OBJECT_FILE	EVENT_READ	1523030751306111225
608F3122-39B4-11E8-BF66-D9AA8AFF4A69	SUBJECT_PROCESS	0C51AAE3-0594-4A51-9405-4FC4214A0041	FILE_OBJECT_FILE	EVENT_LSEEK	1523030751306111225
608F3122-39B4-11E8-BF66-D9AA8AFF4A69	SUBJECT_PROCESS	0C51AAE3-0594-4A51-9405-4FC4214A0041	FILE_OBJECT_FILE	EVENT_READ	1523030751306111225
608F3122-39B4-11E8-BF66-D9AA8AFF4A69	SUBJECT_PROCESS	0C51AAE3-0594-4A51-9405-4FC4214A0041	FILE_OBJECT_FILE	EVENT_LSEEK	1523030751306111225
608F3122-39B4-11E8-BF66-D9AA8AFF4A69	SUBJECT_PROCESS	0C51AAE3-0594-4A51-9405-4FC4214A0041	FILE_OBJECT_FILE	EVENT_READ	1523030751306111225
608F3122-39B4-11E8-BF66-D9AA8AFF4A69	SUBJECT_PROCESS	0C51AAE3-0594-4A51-9405-4FC4214A0041	FILE_OBJECT_FILE	EVENT_LSEEK	1523030751306111225
608F3122-39B4-11E8-BF66-D9AA8AFF4A69	SUBJECT_PROCESS	0C51AAE3-0594-4A51-9405-4FC4214A0041	FILE_OBJECT_FILE	EVENT_READ	1523030751306111225
608F3122-39B4-11E8-BF66-D9AA8AFF4A69	SUBJECT_PROCESS	0C51AAE3-0594-4A51-9405-4FC4214A0041	FILE_OBJECT_FILE	EVENT_LSEEK	1523030751306111225
608F3122-39B4-11E8-BF66-D9AA8AFF4A69	SUBJECT_PROCESS	0C51AAE3-0594-4A51-9405-4FC4214A0041	FILE_OBJECT_FILE	EVENT_READ	1523030751306111225
608F3122-39B4-11E8-BF66-D9AA8AFF4A69	SUBJECT_PROCESS	0C51AAE3-0594-4A51-9405-4FC4214A0041	FILE_OBJECT_FILE	EVENT_LSEEK	1523030751306111225
608F3122-39B4-11E8-BF66-D9AA8AFF4A69	SUBJECT_PROCESS	0C51AAE3-0594-4A51-9405-4FC4214A0041	FILE_OBJECT_FILE	EVENT_READ	1523030751306111225
608F3122-39B4-11E8-BF66-D9AA8AFF4A69	SUBJECT_PROCESS	0C51AAE3-0594-4A51-9405-4FC4214A0041	FILE_OBJECT_FILE	EVENT_LSEEK	1523030751306111225
608F3122-39B4-11E8-BF66-D9AA8AFF4A69	SUBJECT_PROCESS	0C51AAE3-0594-4A51-9405-4FC4214A0041	FILE_OBJECT_FILE	EVENT_READ	1523030751306111225
608F3122-39B4-11E8-BF66-D9AA8AFF4A69	SUBJECT_PROCESS	0C51AAE3-0594-4A51-9405-4FC4214A0041	FILE_OBJECT_FILE	EVENT_LSEEK	1523030751306111225
608F3122-39B4-11E8-BF66-D9AA8AFF4A69	SUBJECT_PROCESS	0C51AAE3-0594-4A51-9405-4FC4214A0041	FILE_OBJECT_FILE	EVENT_READ	1523030751306111225
608F3122-39B4-11E8-BF66-D9AA8AFF4A69	SUBJECT_PROCESS	0C51AAE3-0594-4A51-9405-4FC4214A0041	FILE_OBJECT_FILE	EVENT_LSEEK	1523030751316112546
608F3122-39B4-11E8-BF66-D9AA8AFF4A69	SUBJECT_PROCESS	0C51AAE3-0594-4A51-9405-4FC4214A0041	FILE_OBJECT_FILE	EVENT_READ	1523030751316112546
608F3122-39B4-11E8-BF66-D9AA8AFF4A69	SUBJECT_PROCESS	0C51AAE3-0594-4A51-9405-4FC4214A0041	FILE_OBJECT_FILE	EVENT_LSEEK	1523030751316112546
608F3122-39B4-11E8-BF66-D9AA8AFF4A69	SUBJECT_PROCESS	0C51AAE3-0594-4A51-9405-4FC4214A0041	FILE_OBJECT_FILE	EVENT_READ	1523030751316112546
608F3122-39B4-11E8-BF66-D9AA8AFF4A69	SUBJECT_PROCESS	0C51AAE3-0594-4A51-9405-4FC4214A0041	FILE_OBJECT_FILE	EVENT_LSEEK	1523030751316112546
608F3122-39B4-11E8-BF66-D9AA8AFF4A69	SUBJECT_PROCESS	0C51AAE3-0594-4A51-9405-4FC4214A0041	FILE_OBJECT_FILE	EVENT_READ	1523030751316112546
608F3122-39B4-11E8-BF66-D9AA8AFF4A69	SUBJECT_PROCESS	0C51AAE3-0594-4A51-9405-4FC4214A0041	FILE_OBJECT_FILE	EVENT_LSEEK	1523030751316112546
608F3122-39B4-11E8-BF66-D9AA8AFF4A69	SUBJECT_PROCESS	0C51AAE3-0594-4A51-9405-4FC4214A0041	FILE_OBJECT_FILE	EVENT_READ	1523030751316112546
608F3122-39B4-11E8-BF66-D9AA8AFF4A69	SUBJECT_PROCESS	0C51AAE3-0594-4A51-9405-4FC4214A0041	FILE_OBJECT_FILE	EVENT_LSEEK	1523030751316112546
608F3122-39B4-11E8-BF66-D9AA8AFF4A69	SUBJECT_PROCESS	0C51AAE3-0594-4A51-9405-4FC4214A0041	FILE_OBJECT_FILE	EVENT_READ	1523030751316112546
608F3122-39B4-11E8-BF66-D9AA8AFF4A69	SUBJECT_PROCESS	0C51AAE3-0594-4A51-9405-4FC4214A0041	FILE_OBJECT_FILE	EVENT_LSEEK	1523030751316112546
608F3122-39B4-11E8-BF66-D9AA8AFF4A69	SUBJECT_PROCESS	0C51AAE3-0594-4A51-9405-4FC4214A0041	FILE_OBJECT_FILE	EVENT_READ	1523030751316112546
608F3122-39B4-11E8-BF66-D9AA8AFF4A69	SUBJECT_PROCESS	0C51AAE3-0594-4A51-9405-4FC4214A0041	FILE_OBJECT_FILE	EVENT_LSEEK	1523030751316112546
608F3122-39B4-11E8-BF66-D9AA8AFF4A69	SUBJECT_PROCESS	0C51AAE3-0594-4A51-9405-4FC4214A0041	FILE_OBJECT_FILE	EVENT_READ	1523030751316112546
608F3122-39B4-11E8-BF66-D9AA8AFF4A69	SUBJECT_PROCESS	0C51AAE3-0594-4A51-9405-4FC4214A0041	FILE_OBJECT_FILE	EVENT_LSEEK	1523030751316112546
608F3122-39B4-11E8-BF66-D9AA8AFF4A69	SUBJECT_PROCESS	0C51AAE3-0594-4A51-9405-4FC4214A0041	FILE_OBJECT_FILE	EVENT_READ	1523030751316112546
608F3122-39B4-11E8-BF66-D9AA8AFF4A69	SUBJECT_PROCESS	0C51AAE3-0594-4A51-9405-4FC4214A0041	FILE_OBJECT_FILE	EVENT_LSEEK	1523030751316112546
608F3122-39B4-11E8-BF66-D9AA8AFF4A69	SUBJECT_PROCESS	0C51AAE3-0594-4A51-9405-4FC4214A0041	FILE_OBJECT_FILE	EVENT_READ	1523030751316112546
608F3122-39B4-11E8-BF66-D9AA8AFF4A69	SUBJECT_PROCESS	0C51AAE3-0594-4A51-9405-4FC4214A0041	FILE_OBJECT_FILE	EVENT_LSEEK	1523030751316112546
608F3122-39B4-11E8-BF66-D9AA8AFF4A69	SUBJECT_PROCESS	0C51AAE3-0594-4A51-9405-4FC4214A0041	FILE_OBJECT_FILE	EVENT_READ	1523030751316112546
608F3122-39B4-11E8-BF66-D9AA8AFF4A69	SUBJECT_PROCESS	0C51AAE3-0594-4A51-9405-4FC4214A0041	FILE_OBJECT_FILE	EVENT_LSEEK	1523030751316112546
608F3122-39B4-11E8-BF66-D9AA8AFF4A69	SUBJECT_PROCESS	0C51AAE3-0594-4A51-9405-4FC4214A0041	FILE_OBJECT_FILE	EVENT_READ	1523030751316112546
608F3122-39B4-11E8-BF66-D9AA8AFF4A69	SUBJECT_PROCESS	0C51AAE3-0594-4A51-9405-4FC4214A0041	FILE_OBJECT_FILE	EVENT_LSEEK	1523030751316112546
608F3122-39B4-11E8-BF66-D9AA8AFF4A69	SUBJECT_PROCESS	0C51AAE3-0594-4A51-9405-4FC4214A0041	FILE_OBJECT_FILE	EVENT_READ	1523030751316112546
608F3122-39B4-11E8-BF66-D9AA8AFF4A69	SUBJECT_PROCESS	0C51AAE3-0594-4A51-9405-4FC4214A0041	FILE_OBJECT_FILE	EVENT_LSEEK	1523030751316112546
608F3122-39B4-11E8-BF66-D9AA8AFF4A69	SUBJECT_PROCESS	0C51AAE3-0594-4A51-9405-4FC4214A0041	FILE_OBJECT_FILE	EVENT_READ	1523030751316112546
608F3122-39B4-11E8-BF66-D9AA8AFF4A69	SUBJECT_PROCESS	0C51AAE3-0594-4A51-9405-4FC4214A0041	FILE_OBJECT_FILE	EVENT_LSEEK	1523030751316112546
608F3122-39B4-11E8-BF66-D9AA8AFF4A69	SUBJECT_PROCESS	0C51AAE3-0594-4A51-9405-4FC4214A0041	FILE_OBJECT_FILE	EVENT_READ	1523030751316112546
608F3122-39B4-11E8-BF66-D9AA8AFF4A69	SUBJECT_PROCESS	0C51AAE3-0594-4A51-9405-4FC4214A0041	FILE_OBJECT_FILE	EVENT_LSEEK	1523030751316112546
608F3122-39B4-11E8-BF66-D9AA8AFF4A69	SUBJECT_PROCESS	0C51AAE3-0594-4A51-9405-4FC4214A0041	FILE_OBJECT_FILE	EVENT_READ	1523030751316112546
608F3122-39B4-11E8-BF66-D9AA8AFF4A69	SUBJECT_PROCESS	0C51AAE3-0594-4A51-9405-4FC4214A0041	FILE_OBJECT_FILE	EVENT_LSEEK	1523030751316112546
608F3122-39B4-11E8-BF66-D9AA8AFF4A69	SUBJECT_PROCESS	0C51AAE3-0594-4A51-9405-4FC4214A0041	FILE_OBJECT_FILE	EVENT_READ	1523030751316112546
608F3122-39B4-11E8-BF66-D9AA8AFF4A69	SUBJECT_PROCESS	0C51AAE3-0594-4A51-9405-4FC4214A0041	FILE_OBJECT_FILE	EVENT_LSEEK	1523030751326113336
608F3122-39B4-11E8-BF66-D9AA8AFF4A69	SUBJECT_PROCESS	0C51AAE3-0594-4A51-9405-4FC4214A0041	FILE_OBJECT_FILE	EVENT_READ	1523030751326113336
608F3122-39B4-11E8-BF66-D9AA8AFF4A69	SUBJECT_PROCESS	0C51AAE3-0594-4A51-9405-4FC4214A0041	FILE_OBJECT_FILE	EVENT_LSEEK	1523030751326113336
608F3122-39B4-11E8-BF66-D9AA8AFF4A69	SUBJECT_PROCESS	0C51AAE3-0594-4A51-9405-4FC4214A0041	FILE_OBJECT_FILE	EVENT_READ	1523030751326113336
608F3122-39B4-11E8-BF66-D9AA8AFF4A69	SUBJECT_PROCESS	0C51AAE3-0594-4A51-9405-4FC4214A0041	FILE_OBJECT_FILE	EVENT_LSEEK	1523030751326113336
608F3122-39B4-11E8-BF66-D9AA8AFF4A69	SUBJECT_PROCESS	0C51AAE3-0594-4A51-9405-4FC4214A0041	FILE_OBJECT_FILE	EVENT_READ	1523030751326113336
608F3122-39B4-11E8-BF66-D9AA8AFF4A69	SUBJECT_PROCESS	0C51AAE3-0594-4A51-9405-4FC4214A0041	FILE_OBJECT_FILE	EVENT_LSEEK	1523030751326113336
608F3122-39B4-11E8-BF66-D9AA8AFF4A69	SUBJECT_PROCESS	0C51AAE3-0594-4A51-9405-4FC4214A0041	FILE_OBJECT_FILE	EVENT_READ	1523030751326113336
608F3122-39B4-11E8-BF66-D9AA8AFF4A69	SUBJECT_PROCESS	0C51AAE3-0594-4A51-9405-4FC4214A0041	FILE_OBJECT_FILE	EVENT_LSEEK	1523030751326113336
608F3122-39B4-11E8-BF66-D9AA8AFF4A69	SUBJECT_PROCESS	0C51AAE3-0594-4A51-9405-4FC4214A0041	FILE_OBJECT_FILE	EVENT_READ	1523030751326113336
608F3122-39B4-11E8-BF66-D9AA8AFF4A69	SUBJECT_PROCESS	0C51AAE3-0594-4A51-9405-4FC4214A0041	FILE_OBJECT_FILE	EVENT_LSEEK	1523030751326113336
608F3122-39B4-11E8-BF66-D9AA8AFF4A69	SUBJECT_PROCESS	0C51AAE3-0594-4A51-9405-4FC4214A0041	FILE_OBJECT_FILE	EVENT_READ	1523030751326113336
608F3122-39B4-11E8-BF66-D9AA8AFF4A69	SUBJECT_PROCESS	0C51AAE3-0594-4A51-9405-4FC4214A0041	FILE_OBJECT_FILE	EVENT_LSEEK	1523030751326113336
608F3122-39B4-11E8-BF66-D9AA8AFF4A69	SUBJECT_PROCESS	0C51AAE3-0594-4A51-9405-4FC4214A0041	FILE_OBJECT_FILE	EVENT_READ	1523030751326113336
608F3122-39B4-11E8-BF66-D9AA8AFF4A69	SUBJECT_PROCESS	0C51AAE3-0594-4A51-9405-4FC4214A0041	FILE_OBJECT_FILE	EVENT_LSEEK	1523030751326113336
608F3122-39B4-11E8-BF66-D9AA8AFF4A69	SUBJECT_PROCESS	0C51AAE3-0594-4A51-9405-4FC4214A0041	FILE_OBJECT_FILE	EVENT_READ	1523030751326113336
608F3122-39B4-11E8-BF66-D9AA8AFF4A69	SUBJECT_PROCESS	0C51AAE3-0594-4A51-9405-4FC4214A0041	FILE_OBJECT_FILE	EVENT_LSEEK	1523030751326113336
608F3122-39B4-11E8-BF66-D9AA8AFF4A69	SUBJECT_PROCESS	0C51AAE3-0594-4A51-9405-4FC4214A0041	FILE_OBJECT_FILE	EVENT_READ	1523030751326113336
608F3122-39B4-11E8-BF66-D9AA8AFF4A69	SUBJECT_PROCESS	0C51AAE3-0594-4A51-9405-4FC4214A0041	FILE_OBJECT_FILE	EVENT_LSEEK	1523030751326113336
608F3122-39B4-11E8-BF66-D9AA8AFF4A69	SUBJECT_PROCESS	0C51AAE3-0594-4A51-9405-4FC4214A0041	FILE_OBJECT_FILE	EVENT_READ	1523030751326113336
608F3122-39B4-11E8-BF66-D9AA8AFF4A69	SUBJECT_PROCESS	0C51AAE3-0594-4A51-9405-4FC4214A0041	FILE_OBJECT_FILE	EVENT_LSEEK	1523030751326113336
608F3122-39B4-11E8-BF66-D9AA8AFF4A69	SUBJECT_PROCESS	0C51AAE3-0594-4A51-9405-4FC4214A0041	FILE_OBJECT_FILE	EVENT_READ	1523030751326113336
608F3122-39B4-11E8-BF66-D9AA8AFF4A69	SUBJECT_PROCESS	0C51AAE3-0594-4A51-9405-4FC4214A0041	FILE_OBJECT_FILE	EVENT_LSEEK	1523030751326113336
608F3122-39B4-11E8-BF66-D9AA8AFF4A69	SUBJECT_PROCESS	0C51AAE3-0594-4A51-9405-4FC4214A0041	FILE_OBJECT_FILE	EVENT_READ	1523030751326113336
608F3122-39B4-11E8-BF66-D9AA8AFF4A69	SUBJECT_PROCESS	0C51AAE3-0594-4A51-9405-4FC4214A0041	FILE_OBJECT_FILE	EVENT_LSEEK	1523030751326113336
608F3122-39B4-11E8-BF66-D9AA8AFF4A69	SUBJECT_PROCESS	0C51AAE3-0594-4A51-9405-4FC4214A0041	FILE_OBJECT_FILE	EVENT_READ	1523030751326113336
608F3122-39B4-11E8-BF66-D9AA8AFF4A69	SUBJECT_PROCESS	0C51AAE3-0594-4A51-9405-4FC4214A0041	FILE_OBJECT_FILE	EVENT_LSEEK	1523030751326113336
608F3122-39B4-11E8-BF66-D9AA8AFF4A69	SUBJECT_PROCESS	0C51AAE3-0594-4A51-9405-4FC4214A0041	FILE_OBJECT_FILE	EVENT_READ	1523030751326113336
608F3122-39B4-11E8-BF66-D9AA8AFF4A69	SUBJECT_PROCESS	0C51AAE3-0594-4A51-9405-4FC4214A0041	FILE_OBJECT_FILE	EVENT_LSEEK	1523030751326113336
608F3122-39B4-11E8-BF66-D9AA8AFF4A69	SUBJECT_PROCESS	0C51AAE3-0594-4A51-9405-4FC4214A0041	FILE_OBJECT_FILE	EVENT_READ	1523030751326113336
608F3122-39B4-11E8-BF66-D9AA8AFF4A69	SUBJECT_PROCESS	0C51AAE3-0594-4A51-9405-4FC4214A0041	FILE_OBJECT_FILE	EVENT_LSEEK	1523030751326113336
608F3122-39B4-11E8-BF66-D9AA8AFF4A69	SUBJECT_PROCESS	0C51AAE3-0594-4A51-9405-4FC4214A0041	FILE_OBJECT_FILE	EVENT_READ	1523030751326113336
608F3122-39B4-11E8-BF66-D9AA8AFF4A69	SUBJECT_PROCESS	0C51AAE3-0594-4A51-9405-4FC4214A0041	FILE_OBJECT_FILE	EVENT_LSEEK	1523030751326113336
608F3122-39B4-11E8-BF66-D9AA8AFF4A69	SUBJECT_PROCESS	0C51AAE3-0594-4A51-9405-4FC4214A0041	FILE_OBJECT_FILE	EVENT_READ	1523030751336112177
608F3122-39B4-11E8-BF66-D9AA8AFF4A69	SUBJECT_PROCESS	0C51AAE3-0594-4A51-9405-4FC4214A0041	FILE_OBJECT_FILE	EVENT_LSEEK	1523030751336112177
608F3122-39B4-11E8-BF66-D9AA8AFF4A69	SUBJECT_PROCESS	0C51AAE3-0594-4A51-9405-4FC4214A0041	FILE_OBJECT_FILE	EVENT_READ	1523030751336112177
608F3122-39B4-11E8-BF66-D9AA8AFF4A69	SUBJECT_PROCESS	0C51AAE3-0594-4A51-9405-4FC4214A0041	FILE_OBJECT_FILE	EVENT_LSEEK	1523030751336112177
608F3122-39B4-11E8-BF66-D9AA8AFF4A69	SUBJECT_PROCESS	0C51AAE3-0594-4A51-9405-4FC4214A0041	FILE_OBJECT_FILE	EVENT_READ	1523030751336112177
608F3122-39B4-11E8-BF66-D9AA8AFF4A69	SUBJECT_PROCESS	0C51AAE3-0594-4A51-9405-4FC4214A0041	FILE_OBJECT_FILE	EVENT_LSEEK	1523030751336112177
608F3122-39B4-11E8-BF66-D9AA8AFF4A69	SUBJECT_PROCESS	0C51AAE3-0594-4A51-9405-4FC4214A0041	FILE_OBJECT_FILE	EVENT_READ	1523030751336112177
608F3122-39B4-11E8-BF66-D9AA8AFF4A69	SUBJECT_PROCESS	0C51AAE3-0594-4A51-9405-4FC4214A0041	FILE_OBJECT_FILE	EVENT_LSEEK	1523030751336112177
608F3122-39B4-11E8-BF66-D9AA8AFF4A69	SUBJECT_PROCESS	0C51AAE3-0594-4A51-9405-4FC4214A0041	FILE_OBJECT_FILE	EVENT_READ	1523030751336112177
608F3122-39B4-11E8-BF66-D9AA8AFF4A69	SUBJECT_PROCESS	0C51AAE3-0594-4A51-9405-4FC4214A0041	FILE_OBJECT_FILE	EVENT_LSEEK	1523030751336112177
608F3122-39B4-11E8-BF66-D9AA8AFF4A69	SUBJECT_PROCESS	0C51AAE3-0594-4A51-9405-4FC4214A0041	FILE_OBJECT_FILE	EVENT_READ	1523030751336112177
608F3122-39B4-11E8-BF66-D9AA8AFF4A69	SUBJECT_PROCESS	0C51AAE3-0594-4A51-9405-4FC4214A0041	FILE_OBJECT_FILE	EVENT_LSEEK	1523030751336112177
608F3122-39B4-11E8-BF66-D9AA8AFF4A69	SUBJECT_PROCESS	0C51AAE3-0594-4A51-9405-4FC4214A0041	FILE_OBJECT_FILE	EVENT_READ	1523030751336112177
608F3122-39B4-11E8-BF66-D9AA8AFF4A69	SUBJECT_PROCESS	0C51AAE3-0594-4A51-9405-4FC4214A0041	FILE_OBJECT_FILE	EVENT_LSEEK	1523030751336112177
608F3122-39B4-11E8-BF66-D9AA8AFF4A69	SUBJECT_PROCESS	0C51AAE3-0594-4A51-9405-4FC4214A0041	FILE_OBJECT_FILE	EVENT_READ	1523030751336112177
608F3122-39B4-11E8-BF66-D9AA8AFF4A69	SUBJECT_PROCESS	0C51AAE3-0594-4A51-9405-4FC4214A0041	FILE_OBJECT_FILE	EVENT_LSEEK	1523030751336112177
608F3122-39B4-11E8-BF66-D9AA8AFF4A69	SUBJECT_PROCESS	0C51AAE3-0594-4A51-9405-4FC4214A0041	FILE_OBJECT_FILE	EVENT_READ	1523030751336112177
608F3122-39B4-11E8-BF66-D9AA8AFF4A69	SUBJECT_PROCESS	0C51AAE3-0594-4A51-9405-4FC4214A0041	FILE_OBJECT_FILE	EVENT_LSEEK	1523030751336112177
608F3122-39B4-11E8-BF66-D9AA8AFF4A69	SUBJECT_PROCESS	0C51AAE3-0594-4A51-9405-4FC4214A0041	FILE_OBJECT_FILE	EVENT_READ	1523030751336112177
608F3122-39B4-11E8-BF66-D9AA8AFF4A69	SUBJECT_PROCESS	0C51AAE3-0594-4A51-9405-4FC4214A0041	FILE_OBJECT_FILE	EVENT_LSEEK	1523030751336112177
608F3122-39B4-11E8-BF66-D9AA8AFF4A69	SUBJECT_PROCESS	0C51AAE3-0594-4A51-9405-4FC4214A0041	FILE_OBJECT_FILE	EVENT_READ	1523030751336112177
608F3122-39B4-11E8-BF66-D9AA8AFF4A69	SUBJECT_PROCESS	0C51AAE3-0594-4A51-9405-4FC4214A0041	FILE_OBJECT_FILE	EVENT_LSEEK	1523030751336112177
608F3122-39B4-11E8-BF66-D9AA8AFF4A69	SUBJECT_PROCESS	0C51AAE3-0594-4A51-9405-4FC4214A0041	FILE_OBJECT_FILE	EVENT_READ	1523030751336112177
608F3122-39B4-11E8-BF66-D9AA8AFF4A69	SUBJECT_PROCESS	0C51AAE3-0594-4A51-9405-4FC4214A0041	FILE_OBJECT_FILE	EVENT_LSEEK	1523030751336112177
608F3122-39B4-11E8-BF66-D9AA8AFF4A69	SUBJECT_PROCESS	0C51AAE3-0594-4A51-9405-4FC4214A0041	FILE_OBJECT_FILE	EVENT_READ	1523030751336112177
608F3122-39B4-11E8-BF66-D9AA8AFF4A69	SUBJECT_PROCESS	0C51AAE3-0594-4A51-9405-4FC4214A0041	FILE_OBJECT_FILE	EVENT_LSEEK	1523030751336112177
608F3122-39B4-11E8-BF66-D9AA8AFF4A69	SUBJECT_PROCESS	0C51AAE3-0594-4A51-9405-4FC4214A0041	FILE_OBJECT_FILE	EVENT_READ	1523030751336112177
608F3122-39B4-11E8-BF66-D9AA8AFF4A69	SUBJECT_PROCESS	0C51AAE3-0594-4A51-9405-4FC4214A0041	FILE_OBJECT_FILE	EVENT_LSEEK	1523030751336112177
608F3122-39B4-11E8-BF66-D9AA8AFF4A69	SUBJECT_PROCESS	0C51AAE3-0594-4A51-9405-4FC4214A0041	FILE_OBJECT_FILE	EVENT_READ	1523030751336112177
608F3122-39B4-11E8-BF66-D9AA8AFF4A69	SUBJECT_PROCESS	0C51AAE3-0594-4A51-9405-4FC4214A0041	FILE_OBJECT_FILE	EVENT_LSEEK	1523030751336112177
608F3122-39B4-11E8-BF66-D9AA8AFF4A69	SUBJECT_PROCESS	0C51AAE3-0594-4A51-9405-4FC4214A0041	FILE_OBJECT_FILE	EVENT_READ	1523030751336112177
608F3122-39B4-11E8-BF66-D9AA8AFF4A69	SUBJECT_PROCESS	0C51AAE3-0594-4A51-9405-4FC4214A0041	FILE_OBJECT_FILE	EVENT_LSEEK	1523030751336112177
608F3122-39B4-11E8-BF66-D9AA8AFF4A69	SUBJECT_PROCESS	0C51AAE3-0594-4A51-9405-4FC4214A0041	FILE_OBJECT_FILE	EVENT_READ	1523030751336112177
608F3122-39B4-11E8-BF66-D9AA8AFF4A69	SUBJECT_PROCESS	0C51AAE3-0594-4A51-9405-4FC4214A0041	FILE_OBJECT_FILE	EVENT_LSEEK	1523030751346112708
608F3122-39B4-11E8-BF66-D9AA8AFF4A69	SUBJECT_PROCESS	0C51AAE3-0594-4A51-9405-4FC4214A0041	FILE_OBJECT_FILE	EVENT_READ	1523030751346112708
608F3122-39B4-11E8-BF66-D9AA8AFF4A69	SUBJECT_PROCESS	0C51AAE3-0594-4A51-9405-4FC4214A0041	FILE_OBJECT_FILE	EVENT_LSEEK	1523030751346112708
608F3122-39B4-11E8-BF66-D9AA8AFF4A69	SUBJECT_PROCESS	0C51AAE3-0594-4A51-9405-4FC4214A0041	FILE_OBJECT_FILE	EVENT_READ	1523030751346112708
608F3122-39B4-11E8-BF66-D9AA8AFF4A69	SUBJECT_PROCESS	0C51AAE3-0594-4A51-9405-4FC4214A0041	FILE_OBJECT_FILE	EVENT_LSEEK	1523030751346112708
608F3122-39B4-11E8-BF66-D9AA8AFF4A69	SUBJECT_PROCESS	0C51AAE3-0594-4A51-9405-4FC4214A0041	FILE_OBJECT_FILE	EVENT_READ	1523030751346112708
608F3122-39B4-11E8-BF66-D9AA8AFF4A69	SUBJECT_PROCESS	0C51AAE3-0594-4A51-9405-4FC4214A0041	FILE_OBJECT_FILE	EVENT_LSEEK	1523030751346112708
608F3122-39B4-11E8-BF66-D9AA8AFF4A69	SUBJECT_PROCESS	0C51AAE3-0594-4A51-9405-4FC4214A0041	FILE_OBJECT_FILE	EVENT_READ	1523030751346112708
608F3122-39B4-11E8-BF66-D9AA8AFF4A69	SUBJECT_PROCESS	0C51AAE3-0594-4A51-9405-4FC4214A0041	FILE_OBJECT_FILE	EVENT_LSEEK	1523030751346112708
608F3122-39B4-11E8-BF66-D9AA8AFF4A69	SUBJECT_PROCESS	0C51AAE3-0594-4A51-9405-4FC4214A0041	FILE_OBJECT_FILE	EVENT_READ	1523030751346112708
608F3122-39B4-11E8-BF66-D9AA8AFF4A69	SUBJECT_PROCESS	0C51AAE3-0594-4A51-9405-4FC4214A0041	FILE_OBJECT_FILE	EVENT_LSEEK	1523030751346112708
608F3122-39B4-11E8-BF66-D9AA8AFF4A69	SUBJECT_PROCESS	0C51AAE3-0594-4A51-9405-4FC4214A0041	FILE_OBJECT_FILE	EVENT_READ	1523030751346112708
608F3122-39B4-11E8-BF66-D9AA8AFF4A69	SUBJECT_PROCESS	0C51AAE3-0594-4A51-9405-4FC4214A0041	FILE_OBJECT_FILE	EVENT_LSEEK	1523030751346112708
608F3122-39B4-11E8-BF66-D9AA8AFF4A69	SUBJECT_PROCESS	0C51AAE3-0594-4A51-9405-4FC4214A0041	FILE_OBJECT_FILE	EVENT_READ	1523030751346112708
608F3122-39B4-11E8-BF66-D9AA8AFF4A69	SUBJECT_PROCESS	0C51AAE3-0594-4A51-9405-4FC4214A0041	FILE_OBJECT_FILE	EVENT_LSEEK	1523030751346112708
608F3122-39B4-11E8-BF66-D9AA8AFF4A69	SUBJECT_PROCESS	0C51AAE3-0594-4A51-9405-4FC4214A0041	FILE_OBJECT_FILE	EVENT_READ	1523030751346112708
608F3122-39B4-11E8-BF66-D9AA8AFF4A69	SUBJECT_PROCESS	C53609B6-A912-B65B-92A9-B89E0BB6C2E1	FILE_OBJECT_FILE	EVENT_OPEN	1523030751346112708
608F3122-39B4-11E8-BF66-D9AA8AFF4A69	SUBJECT_PROCESS	C53609B6-A912-B65B-92A9-B89E0BB6C2E1	FILE_OBJECT_FILE	EVENT_READ	1523030751346112708
608F3122-39B4-11E8-BF66-D9AA8AFF4A69	SUBJECT_PROCESS	C53609B6-A912-B65B-92A9-B89E0BB6C2E1	FILE_OBJECT_FILE	EVENT_READ	1523030751346112708
608F3122-39B4-11E8-BF66-D9AA8AFF4A69	SUBJECT_PROCESS	C53609B6-A912-B65B-92A9-B89E0BB6C2E1	FILE_OBJECT_FILE	EVENT_READ	1523030751346112708
608F3122-39B4-11E8-BF66-D9AA8AFF4A69	SUBJECT_PROCESS	C53609B6-A912-B65B-92A9-B89E0BB6C2E1	FILE_OBJECT_FILE	EVENT_READ	1523030751346112708
608F3122-39B4-11E8-BF66-D9AA8AFF4A69	SUBJECT_PROCESS	C53609B6-A912-B65B-92A9-B89E0BB6C2E1	FILE_OBJECT_FILE	EVENT_READ	1523030751346112708
608F3122-39B4-11E8-BF66-D9AA8AFF4A69	SUBJECT_PROCESS	C53609B6-A912-B65B-92A9-B89E0BB6C2E1	FILE_OBJECT_FILE	EVENT_READ	1523030751346112708
608F3122-39B4-11E8-BF66-D9AA8AFF4A69	SUBJECT_PROCESS	C53609B6-A912-B65B-92A9-B89E0BB6C2E1	FILE_OBJECT_FILE	EVENT_READ	1523030751346112708
608F3122-39B4-11E8-BF66-D9AA8AFF4A69	SUBJECT_PROCESS	C53609B6-A912-B65B-92A9-B89E0BB6C2E1	FILE_OBJECT_FILE	EVENT_READ	1523030751346112708
608F3122-39B4-11E8-BF66-D9AA8AFF4A69	SUBJECT_PROCESS	C53609B6-A912-B65B-92A9-B89E0BB6C2E1	FILE_OBJECT_FILE	EVENT_READ	1523030751346112708
608F3122-39B4-11E8-BF66-D9AA8AFF4A69	SUBJECT_PROCESS	C53609B6-A912-B65B-92A9-B89E0BB6C2E1	FILE_OBJECT_FILE	EVENT_CLOSE	1523030751346112708
608F3122-39B4-11E8-BF66-D9AA8AFF4A69	SUBJECT_PROCESS	9F924E33-11DC-C954-9C11-ABA0F4C94D90	FILE_OBJECT_FILE	EVENT_OPEN	1523030751346112708
608F3122-39B4-11E8-BF66-D9AA8AFF4A69	SUBJECT_PROCESS	9F924E33-11DC-C954-9C11-ABA0F4C94D90	FILE_OBJECT_FILE	EVENT_READ	1523030751346112708
608F3122-39B4-11E8-BF66-D9AA8AFF4A69	SUBJECT_PROCESS	9F924E33-11DC-C954-9C11-ABA0F4C94D90	FILE_OBJECT_FILE	EVENT_READ	1523030751346112708
608F3122-39B4-11E8-BF66-D9AA8AFF4A69	SUBJECT_PROCESS	9F924E33-11DC-C954-9C11-ABA0F4C94D90	FILE_OBJECT_FILE	EVENT_CLOSE	1523030751356111119
608F3122-39B4-11E8-BF66-D9AA8AFF4A69	SUBJECT_PROCESS	C6372CCF-39E0-835A-A039-155BFA837272	FILE_OBJECT_FILE	EVENT_OPEN	1523030751356111119
608F3122-39B4-11E8-BF66-D9AA8AFF4A69	SUBJECT_PROCESS	C6372CCF-39E0-835A-A039-155BFA837272	FILE_OBJECT_FILE	EVENT_READ	1523030751356111119
608F3122-39B4-11E8-BF66-D9AA8AFF4A69	SUBJECT_PROCESS	C6372CCF-39E0-835A-A039-155BFA837272	FILE_OBJECT_FILE	EVENT_READ	1523030751356111119
608F3122-39B4-11E8-BF66-D9AA8AFF4A69	SUBJECT_PROCESS	C6372CCF-39E0-835A-A039-155BFA837272	FILE_OBJECT_FILE	EVENT_CLOSE	1523030751356111119
608F3122-39B4-11E8-BF66-D9AA8AFF4A69	SUBJECT_PROCESS	60ABFC92-39B4-11E8-BF66-D9AA8AFF4A69	NetFlowObject	EVENT_CONNECT	1523030751356111119
608F3122-39B4-11E8-BF66-D9AA8AFF4A69	SUBJECT_PROCESS	60ABFC92-39B4-11E8-BF66-D9AA8AFF4A69	NetFlowObject	EVENT_SENDTO	1523030751356111119
608F3122-39B4-11E8-BF66-D9AA8AFF4A69	SUBJECT_PROCESS	60ABFC92-39B4-11E8-BF66-D9AA8AFF4A69	NetFlowObject	EVENT_RECVFROM	1523030751356111119
608F3122-39B4-11E8-BF66-D9AA8AFF4A69	SUBJECT_PROCESS	60ABFC92-39B4-11E8-BF66-D9AA8AFF4A69	NetFlowObject	EVENT_CLOSE	1523030751356111119
608F3122-39B4-11E8-BF66-D9AA8AFF4A69	SUBJECT_PROCESS	2F088072-F622-7354-A2F6-2AA974734AA9	FILE_OBJECT_FILE	EVENT_OPEN	1523030751356111119
608F3122-39B4-11E8-BF66-D9AA8AFF4A69	SUBJECT_PROCESS	2F088072-F622-7354-A2F6-2AA974734AA9	FILE_OBJECT_FILE	EVENT_LSEEK	1523030751356111119
608F3122-39B4-11E8-BF66-D9AA8AFF4A69	SUBJECT_PROCESS	2F088072-F622-7354-A2F6-2AA974734AA9	FILE_OBJECT_FILE	EVENT_LSEEK	1523030751356111119
608F3122-39B4-11E8-BF66-D9AA8AFF4A69	SUBJECT_PROCESS	2F088072-F622-7354-A2F6-2AA974734AA9	FILE_OBJECT_FILE	EVENT_READ	1523030751356111119
608F3122-39B4-11E8-BF66-D9AA8AFF4A69	SUBJECT_PROCESS	2F088072-F622-7354-A2F6-2AA974734AA9	FILE_OBJECT_FILE	EVENT_READ	1523030751356111119
608F3122-39B4-11E8-BF66-D9AA8AFF4A69	SUBJECT_PROCESS	2F088072-F622-7354-A2F6-2AA974734AA9	FILE_OBJECT_FILE	EVENT_READ	1523030751356111119
608F3122-39B4-11E8-BF66-D9AA8AFF4A69	SUBJECT_PROCESS	2F088072-F622-7354-A2F6-2AA974734AA9	FILE_OBJECT_FILE	EVENT_READ	1523030751356111119
608F3122-39B4-11E8-BF66-D9AA8AFF4A69	SUBJECT_PROCESS	2F088072-F622-7354-A2F6-2AA974734AA9	FILE_OBJECT_FILE	EVENT_CLOSE	1523030751356111119
608F3122-39B4-11E8-BF66-D9AA8AFF4A69	SUBJECT_PROCESS	C6372CCF-39E0-835A-A039-155BFA837272	FILE_OBJECT_FILE	EVENT_OPEN	1523030751356111119
608F3122-39B4-11E8-BF66-D9AA8AFF4A69	SUBJECT_PROCESS	C6372CCF-39E0-835A-A039-155BFA837272	FILE_OBJECT_FILE	EVENT_READ	1523030751356111119
608F3122-39B4-11E8-BF66-D9AA8AFF4A69	SUBJECT_PROCESS	C6372CCF-39E0-835A-A039-155BFA837272	FILE_OBJECT_FILE	EVENT_CLOSE	1523030751356111119
608F3122-39B4-11E8-BF66-D9AA8AFF4A69	SUBJECT_PROCESS	2F088072-F622-7354-A2F6-2AA974734AA9	FILE_OBJECT_FILE	EVENT_OPEN	1523030751356111119
608F3122-39B4-11E8-BF66-D9AA8AFF4A69	SUBJECT_PROCESS	2F088072-F622-7354-A2F6-2AA974734AA9	FILE_OBJECT_FILE	EVENT_LSEEK	1523030751356111119
608F3122-39B4-11E8-BF66-D9AA8AFF4A69	SUBJECT_PROCESS	2F088072-F622-7354-A2F6-2AA974734AA9	FILE_OBJECT_FILE	EVENT_LSEEK	1523030751356111119
608F3122-39B4-11E8-BF66-D9AA8AFF4A69	SUBJECT_PROCESS	2F088072-F622-7354-A2F6-2AA974734AA9	FILE_OBJECT_FILE	EVENT_READ	1523030751356111119
608F3122-39B4-11E8-BF66-D9AA8AFF4A69	SUBJECT_PROCESS	2F088072-F622-7354-A2F6-2AA974734AA9	FILE_OBJECT_FILE	EVENT_READ	1523030751356111119
608F3122-39B4-11E8-BF66-D9AA8AFF4A69	SUBJECT_PROCESS	2F088072-F622-7354-A2F6-2AA974734AA9	FILE_OBJECT_FILE	EVENT_READ	1523030751366111850
608F3122-39B4-11E8-BF66-D9AA8AFF4A69	SUBJECT_PROCESS	2F088072-F622-7354-A2F6-2AA974734AA9	FILE_OBJECT_FILE	EVENT_READ	1523030751366111850
608F3122-39B4-11E8-BF66-D9AA8AFF4A69	SUBJECT_PROCESS	2F088072-F622-7354-A2F6-2AA974734AA9	FILE_OBJECT_FILE	EVENT_CLOSE	1523030751366111850
608F3122-39B4-11E8-BF66-D9AA8AFF4A69	SUBJECT_PROCESS	2F088072-F622-7354-A2F6-2AA974734AA9	FILE_OBJECT_FILE	EVENT_OPEN	1523030751366111850
608F3122-39B4-11E8-BF66-D9AA8AFF4A69	SUBJECT_PROCESS	2F088072-F622-7354-A2F6-2AA974734AA9	FILE_OBJECT_FILE	EVENT_LSEEK	1523030751366111850
608F3122-39B4-11E8-BF66-D9AA8AFF4A69	SUBJECT_PROCESS	2F088072-F622-7354-A2F6-2AA974734AA9	FILE_OBJECT_FILE	EVENT_LSEEK	1523030751366111850
608F3122-39B4-11E8-BF66-D9AA8AFF4A69	SUBJECT_PROCESS	2F088072-F622-7354-A2F6-2AA974734AA9	FILE_OBJECT_FILE	EVENT_READ	1523030751366111850
608F3122-39B4-11E8-BF66-D9AA8AFF4A69	SUBJECT_PROCESS	2F088072-F622-7354-A2F6-2AA974734AA9	FILE_OBJECT_FILE	EVENT_READ	1523030751366111850
608F3122-39B4-11E8-BF66-D9AA8AFF4A69	SUBJECT_PROCESS	2F088072-F622-7354-A2F6-2AA974734AA9	FILE_OBJECT_FILE	EVENT_READ	1523030751366111850
608F3122-39B4-11E8-BF66-D9AA8AFF4A69	SUBJECT_PROCESS	2F088072-F622-7354-A2F6-2AA974734AA9	FILE_OBJECT_FILE	EVENT_READ	1523030751366111850
608F3122-39B4-11E8-BF66-D9AA8AFF4A69	SUBJECT_PROCESS	2F088072-F622-7354-A2F6-2AA974734AA9	FILE_OBJECT_FILE	EVENT_CLOSE	1523030751366111850
608F3122-39B4-11E8-BF66-D9AA8AFF4A69	SUBJECT_PROCESS	C6372CCF-39E0-835A-A039-155BFA837272	FILE_OBJECT_FILE	EVENT_OPEN	1523030751366111850
608F3122-39B4-11E8-BF66-D9AA8AFF4A69	SUBJECT_PROCESS	C6372CCF-39E0-835A-A039-155BFA837272	FILE_OBJECT_FILE	EVENT_READ	1523030751366111850
608F3122-39B4-11E8-BF66-D9AA8AFF4A69	SUBJECT_PROCESS	C6372CCF-39E0-835A-A039-155BFA837272	FILE_OBJECT_FILE	EVENT_CLOSE	1523030751366111850
608F3122-39B4-11E8-BF66-D9AA8AFF4A69	SUBJECT_PROCESS	2F088072-F622-7354-A2F6-2AA974734AA9	FILE_OBJECT_FILE	EVENT_OPEN	1523030751366111850
608F3122-39B4-11E8-BF66-D9AA8AFF4A69	SUBJECT_PROCESS	2F088072-F622-7354-A2F6-2AA974734AA9	FILE_OBJECT_FILE	EVENT_LSEEK	1523030751366111850
608F3122-39B4-11E8-BF66-D9AA8AFF4A69	SUBJECT_PROCESS	2F088072-F622-7354-A2F6-2AA974734AA9	FILE_OBJECT_FILE	EVENT_LSEEK	1523030751366111850
608F3122-39B4-11E8-BF66-D9AA8AFF4A69	SUBJECT_PROCESS	2F088072-F622-7354-A2F6-2AA974734AA9	FILE_OBJECT_FILE	EVENT_READ	1523030751366111850
608F3122-39B4-11E8-BF66-D9AA8AFF4A69	SUBJECT_PROCESS	2F088072-F622-7354-A2F6-2AA974734AA9	FILE_OBJECT_FILE	EVENT_READ	1523030751366111850
608F3122-39B4-11E8-BF66-D9AA8AFF4A69	SUBJECT_PROCESS	2F088072-F622-7354-A2F6-2AA974734AA9	FILE_OBJECT_FILE	EVENT_READ	1523030751366111850
608F3122-39B4-11E8-BF66-D9AA8AFF4A69	SUBJECT_PROCESS	2F088072-F622-7354-A2F6-2AA974734AA9	FILE_OBJECT_FILE	EVENT_READ	1523030751366111850
608F3122-39B4-11E8-BF66-D9AA8AFF4A69	SUBJECT_PROCESS	2F088072-F622-7354-A2F6-2AA974734AA9	FILE_OBJECT_FILE	EVENT_CLOSE	1523030751366111850
608F3122-39B4-11E8-BF66-D9AA8AFF4A69	SUBJECT_PROCESS	C6372CCF-39E0-835A-A039-155BFA837272	FILE_OBJECT_FILE	EVENT_OPEN	1523030751366111850
608F3122-39B4-11E8-BF66-D9AA8AFF4A69	SUBJECT_PROCESS	C6372CCF-39E0-835A-A039-155BFA837272	FILE_OBJECT_FILE	EVENT_READ	1523030751366111850
608F3122-39B4-11E8-BF66-D9AA8AFF4A69	SUBJECT_PROCESS	C6372CCF-39E0-835A-A039-155BFA837272	FILE_OBJECT_FILE	EVENT_CLOSE	1523030751366111850
608F3122-39B4-11E8-BF66-D9AA8AFF4A69	SUBJECT_PROCESS	2F088072-F622-7354-A2F6-2AA974734AA9	FILE_OBJECT_FILE	EVENT_OPEN	1523030751366111850
608F3122-39B4-11E8-BF66-D9AA8AFF4A69	SUBJECT_PROCESS	2F088072-F622-7354-A2F6-2AA974734AA9	FILE_OBJECT_FILE	EVENT_LSEEK	1523030751366111850
608F3122-39B4-11E8-BF66-D9AA8AFF4A69	SUBJECT_PROCESS	2F088072-F622-7354-A2F6-2AA974734AA9	FILE_OBJECT_FILE	EVENT_LSEEK	1523030751376114221
608F3122-39B4-11E8-BF66-D9AA8AFF4A69	SUBJECT_PROCESS	2F088072-F622-7354-A2F6-2AA974734AA9	FILE_OBJECT_FILE	EVENT_READ	1523030751376114221
608F3122-39B4-11E8-BF66-D9AA8AFF4A69	SUBJECT_PROCESS	2F088072-F622-7354-A2F6-2AA974734AA9	FILE_OBJECT_FILE	EVENT_READ	1523030751376114221
608F3122-39B4-11E8-BF66-D9AA8AFF4A69	SUBJECT_PROCESS	2F088072-F622-7354-A2F6-2AA974734AA9	FILE_OBJECT_FILE	EVENT_READ	1523030751376114221
608F3122-39B4-11E8-BF66-D9AA8AFF4A69	SUBJECT_PROCESS	2F088072-F622-7354-A2F6-2AA974734AA9	FILE_OBJECT_FILE	EVENT_READ	1523030751376114221
608F3122-39B4-11E8-BF66-D9AA8AFF4A69	SUBJECT_PROCESS	2F088072-F622-7354-A2F6-2AA974734AA9	FILE_OBJECT_FILE	EVENT_CLOSE	1523030751376114221
608F3122-39B4-11E8-BF66-D9AA8AFF4A69	SUBJECT_PROCESS	C6372CCF-39E0-835A-A039-155BFA837272	FILE_OBJECT_FILE	EVENT_OPEN	1523030751376114221
608F3122-39B4-11E8-BF66-D9AA8AFF4A69	SUBJECT_PROCESS	C6372CCF-39E0-835A-A039-155BFA837272	FILE_OBJECT_FILE	EVENT_READ	1523030751376114221
608F3122-39B4-11E8-BF66-D9AA8AFF4A69	SUBJECT_PROCESS	C6372CCF-39E0-835A-A039-155BFA837272	FILE_OBJECT_FILE	EVENT_CLOSE	1523030751376114221
608F3122-39B4-11E8-BF66-D9AA8AFF4A69	SUBJECT_PROCESS	2F088072-F622-7354-A2F6-2AA974734AA9	FILE_OBJECT_FILE	EVENT_OPEN	1523030751376114221
608F3122-39B4-11E8-BF66-D9AA8AFF4A69	SUBJECT_PROCESS	2F088072-F622-7354-A2F6-2AA974734AA9	FILE_OBJECT_FILE	EVENT_LSEEK	1523030751376114221
608F3122-39B4-11E8-BF66-D9AA8AFF4A69	SUBJECT_PROCESS	2F088072-F622-7354-A2F6-2AA974734AA9	FILE_OBJECT_FILE	EVENT_LSEEK	1523030751376114221
608F3122-39B4-11E8-BF66-D9AA8AFF4A69	SUBJECT_PROCESS	2F088072-F622-7354-A2F6-2AA974734AA9	FILE_OBJECT_FILE	EVENT_READ	1523030751376114221
608F3122-39B4-11E8-BF66-D9AA8AFF4A69	SUBJECT_PROCESS	2F088072-F622-7354-A2F6-2AA974734AA9	FILE_OBJECT_FILE	EVENT_READ	1523030751376114221
608F3122-39B4-11E8-BF66-D9AA8AFF4A69	SUBJECT_PROCESS	2F088072-F622-7354-A2F6-2AA974734AA9	FILE_OBJECT_FILE	EVENT_READ	1523030751376114221
608F3122-39B4-11E8-BF66-D9AA8AFF4A69	SUBJECT_PROCESS	2F088072-F622-7354-A2F6-2AA974734AA9	FILE_OBJECT_FILE	EVENT_READ	1523030751376114221
608F3122-39B4-11E8-BF66-D9AA8AFF4A69	SUBJECT_PROCESS	2F088072-F622-7354-A2F6-2AA974734AA9	FILE_OBJECT_FILE	EVENT_CLOSE	1523030751376114221
608F3122-39B4-11E8-BF66-D9AA8AFF4A69	SUBJECT_PROCESS	2F088072-F622-7354-A2F6-2AA974734AA9	FILE_OBJECT_FILE	EVENT_OPEN	1523030751376114221
608F3122-39B4-11E8-BF66-D9AA8AFF4A69	SUBJECT_PROCESS	2F088072-F622-7354-A2F6-2AA974734AA9	FILE_OBJECT_FILE	EVENT_LSEEK	1523030751376114221
608F3122-39B4-11E8-BF66-D9AA8AFF4A69	SUBJECT_PROCESS	2F088072-F622-7354-A2F6-2AA974734AA9	FILE_OBJECT_FILE	EVENT_LSEEK	1523030751376114221
608F3122-39B4-11E8-BF66-D9AA8AFF4A69	SUBJECT_PROCESS	2F088072-F622-7354-A2F6-2AA974734AA9	FILE_OBJECT_FILE	EVENT_READ	1523030751376114221
608F3122-39B4-11E8-BF66-D9AA8AFF4A69	SUBJECT_PROCESS	2F088072-F622-7354-A2F6-2AA974734AA9	FILE_OBJECT_FILE	EVENT_READ	1523030751376114221
608F3122-39B4-11E8-BF66-D9AA8AFF4A69	SUBJECT_PROCESS	2F088072-F622-7354-A2F6-2AA974734AA9	FILE_OBJECT_FILE	EVENT_READ	1523030751376114221
608F3122-39B4-11E8-BF66-D9AA8AFF4A69	SUBJECT_PROCESS	2F088072-F622-7354-A2F6-2AA974734AA9	FILE_OBJECT_FILE	EVENT_READ	1523030751376114221
608F3122-39B4-11E8-BF66-D9AA8AFF4A69	SUBJECT_PROCESS	2F088072-F622-7354-A2F6-2AA974734AA9	FILE_OBJECT_FILE	EVENT_CLOSE	1523030751376114221
608F3122-39B4-11E8-BF66-D9AA8AFF4A69	SUBJECT_PROCESS	C6372CCF-39E0-835A-A039-155BFA837272	FILE_OBJECT_FILE	EVENT_OPEN	1523030751376114221
608F3122-39B4-11E8-BF66-D9AA8AFF4A69	SUBJECT_PROCESS	C6372CCF-39E0-835A-A039-155BFA837272	FILE_OBJECT_FILE	EVENT_READ	1523030751386111431
608F3122-39B4-11E8-BF66-D9AA8AFF4A69	SUBJECT_PROCESS	C6372CCF-39E0-835A-A039-155BFA837272	FILE_OBJECT_FILE	EVENT_CLOSE	1523030751386111431
608F3122-39B4-11E8-BF66-D9AA8AFF4A69	SUBJECT_PROCESS	2F088072-F622-7354-A2F6-2AA974734AA9	FILE_OBJECT_FILE	EVENT_OPEN	1523030751386111431
608F3122-39B4-11E8-BF66-D9AA8AFF4A69	SUBJECT_PROCESS	2F088072-F622-7354-A2F6-2AA974734AA9	FILE_OBJECT_FILE	EVENT_LSEEK	1523030751386111431
608F3122-39B4-11E8-BF66-D9AA8AFF4A69	SUBJECT_PROCESS	2F088072-F622-7354-A2F6-2AA974734AA9	FILE_OBJECT_FILE	EVENT_LSEEK	1523030751386111431
608F3122-39B4-11E8-BF66-D9AA8AFF4A69	SUBJECT_PROCESS	2F088072-F622-7354-A2F6-2AA974734AA9	FILE_OBJECT_FILE	EVENT_READ	1523030751386111431
608F3122-39B4-11E8-BF66-D9AA8AFF4A69	SUBJECT_PROCESS	2F088072-F622-7354-A2F6-2AA974734AA9	FILE_OBJECT_FILE	EVENT_READ	1523030751386111431
608F3122-39B4-11E8-BF66-D9AA8AFF4A69	SUBJECT_PROCESS	2F088072-F622-7354-A2F6-2AA974734AA9	FILE_OBJECT_FILE	EVENT_READ	1523030751386111431
608F3122-39B4-11E8-BF66-D9AA8AFF4A69	SUBJECT_PROCESS	2F088072-F622-7354-A2F6-2AA974734AA9	FILE_OBJECT_FILE	EVENT_READ	1523030751386111431
608F3122-39B4-11E8-BF66-D9AA8AFF4A69	SUBJECT_PROCESS	2F088072-F622-7354-A2F6-2AA974734AA9	FILE_OBJECT_FILE	EVENT_CLOSE	1523030751386111431
608F3122-39B4-11E8-BF66-D9AA8AFF4A69	SUBJECT_PROCESS	C6372CCF-39E0-835A-A039-155BFA837272	FILE_OBJECT_FILE	EVENT_OPEN	1523030751386111431
608F3122-39B4-11E8-BF66-D9AA8AFF4A69	SUBJECT_PROCESS	C6372CCF-39E0-835A-A039-155BFA837272	FILE_OBJECT_FILE	EVENT_READ	1523030751386111431
608F3122-39B4-11E8-BF66-D9AA8AFF4A69	SUBJECT_PROCESS	C6372CCF-39E0-835A-A039-155BFA837272	FILE_OBJECT_FILE	EVENT_CLOSE	1523030751386111431
608F3122-39B4-11E8-BF66-D9AA8AFF4A69	SUBJECT_PROCESS	DB1A5421-4509-D15D-8945-9F45CDD1A77E	FILE_OBJECT_FILE	EVENT_WRITE	1523030751386111431
608F3122-39B4-11E8-BF66-D9AA8AFF4A69	SUBJECT_PROCESS	608F3122-39B4-11E8-BF66-D9AA8AFF4A69	SUBJECT_PROCESS	EVENT_EXIT	1523030751386111431
D59C58B7-373D-11E8-BF66-D9AA8AFF4A69	SUBJECT_PROCESS	60B1322F-39B4-11E8-BF66-D9AA8AFF4A69	SUBJECT_PROCESS	EVENT_FORK	1523030751386111431
60B1322F-39B4-11E8-BF66-D9AA8AFF4A69	SUBJECT_PROCESS	CC349957-3DA4-8E5E-A43D-C7740E8ECAA9	FILE_OBJECT_FILE	EVENT_CLOSE	1523030751386111431
60B1322F-39B4-11E8-BF66-D9AA8AFF4A69	SUBJECT_PROCESS	6C836AA2-BB54-3A58-94BB-1E5D583A637E	FILE_OBJECT_FILE	EVENT_EXECUTE	1523030751386111431
60B1322F-39B4-11E8-BF66-D9AA8AFF4A69	SUBJECT_PROCESS	7A350F75-9945-425D-8599-15CEBD426F06	FILE_OBJECT_FILE	EVENT_EXECUTE	1523030751386111431
60B1322F-39B4-11E8-BF66-D9AA8AFF4A69	SUBJECT_PROCESS	51110606-D232-9652-B2D2-3A7242968F8A	FILE_OBJECT_FILE	EVENT_OPEN	1523030751386111431
60B1322F-39B4-11E8-BF66-D9AA8AFF4A69	SUBJECT_PROCESS	51110606-D232-9652-B2D2-3A7242968F8A	FILE_OBJECT_FILE	EVENT_READ	1523030751386111431
60B1322F-39B4-11E8-BF66-D9AA8AFF4A69	SUBJECT_PROCESS	51110606-D232-9652-B2D2-3A7242968F8A	FILE_OBJECT_FILE	EVENT_CLOSE	1523030751386111431
60B1322F-39B4-11E8-BF66-D9AA8AFF4A69	SUBJECT_PROCESS	8A44F292-648B-7854-8B64-00F954785A79	FILE_OBJECT_FILE	EVENT_OPEN	1523030751386111431
60B1322F-39B4-11E8-BF66-D9AA8AFF4A69	SUBJECT_PROCESS	8A44F292-648B-7854-8B64-00F954785A79	FILE_OBJECT_FILE	EVENT_READ	1523030751386111431
60B1322F-39B4-11E8-BF66-D9AA8AFF4A69	SUBJECT_PROCESS	8A44F292-648B-7854-8B64-00F954785A79	FILE_OBJECT_FILE	EVENT_READ	1523030751386111431
60B1322F-39B4-11E8-BF66-D9AA8AFF4A69	SUBJECT_PROCESS	8A44F292-648B-7854-8B64-00F954785A79	FILE_OBJECT_FILE	EVENT_CLOSE	1523030751386111431
60B1322F-39B4-11E8-BF66-D9AA8AFF4A69	SUBJECT_PROCESS	76A739B1-A13E-FD50-BEA1-B218A0FD0400	FILE_OBJECT_FILE	EVENT_OPEN	1523030751386111431
60B1322F-39B4-11E8-BF66-D9AA8AFF4A69	SUBJECT_PROCESS	76A739B1-A13E-FD50-BEA1-B218A0FD0400	FILE_OBJECT_FILE	EVENT_MMAP	1523030751396112482
60B1322F-39B4-11E8-BF66-D9AA8AFF4A69	SUBJECT_PROCESS	76A739B1-A13E-FD50-BEA1-B218A0FD0400	FILE_OBJECT_FILE	EVENT_MMAP	1523030751396112482
60B1322F-39B4-11E8-BF66-D9AA8AFF4A69	SUBJECT_PROCESS	76A739B1-A13E-FD50-BEA1-B218A0FD0400	FILE_OBJECT_FILE	EVENT_MMAP	1523030751396112482
60B1322F-39B4-11E8-BF66-D9AA8AFF4A69	SUBJECT_PROCESS	76A739B1-A13E-FD50-BEA1-B218A0FD0400	FILE_OBJECT_FILE	EVENT_MMAP	1523030751396112482
60B1322F-39B4-11E8-BF66-D9AA8AFF4A69	SUBJECT_PROCESS	76A739B1-A13E-FD50-BEA1-B218A0FD0400	FILE_OBJECT_FILE	EVENT_MMAP	1523030751396112482
60B1322F-39B4-11E8-BF66-D9AA8AFF4A69	SUBJECT_PROCESS	76A739B1-A13E-FD50-BEA1-B218A0FD0400	FILE_OBJECT_FILE	EVENT_MMAP	1523030751396112482
60B1322F-39B4-11E8-BF66-D9AA8AFF4A69	SUBJECT_PROCESS	76A739B1-A13E-FD50-BEA1-B218A0FD0400	FILE_OBJECT_FILE	EVENT_CLOSE	1523030751396112482
60B1322F-39B4-11E8-BF66-D9AA8AFF4A69	SUBJECT_PROCESS	F410BE96-4C0C-765E-8C4C-6F0E2E760020	FILE_OBJECT_FILE	EVENT_OPEN	1523030751396112482
60B1322F-39B4-11E8-BF66-D9AA8AFF4A69	SUBJECT_PROCESS	F410BE96-4C0C-765E-8C4C-6F0E2E760020	FILE_OBJECT_FILE	EVENT_MMAP	1523030751396112482
60B1322F-39B4-11E8-BF66-D9AA8AFF4A69	SUBJECT_PROCESS	F410BE96-4C0C-765E-8C4C-6F0E2E760020	FILE_OBJECT_FILE	EVENT_MMAP	1523030751396112482
60B1322F-39B4-11E8-BF66-D9AA8AFF4A69	SUBJECT_PROCESS	F410BE96-4C0C-765E-8C4C-6F0E2E760020	FILE_OBJECT_FILE	EVENT_CLOSE	1523030751396112482
72FB0406-3678-11E8-BF66-D9AA8AFF4A69	SUBJECT_PROCESS	6059A999-39B4-11E8-BF66-D9AA8AFF4A69	FILE_OBJECT_UNIX_SOCKET	EVENT_CLOSE	1523030751836111167
72FB0406-3678-11E8-BF66-D9AA8AFF4A69	SUBJECT_PROCESS	6059AA3D-39B4-11E8-BF66-D9AA8AFF4A69	FILE_OBJECT_UNIX_SOCKET	EVENT_CLOSE	1523030751836111167
72FB0406-3678-11E8-BF66-D9AA8AFF4A69	SUBJECT_PROCESS	60F520FA-39B4-11E8-BF66-D9AA8AFF4A69	FILE_OBJECT_UNIX_SOCKET	EVENT_CREATE_OBJECT	1523030751836111167
72FB0406-3678-11E8-BF66-D9AA8AFF4A69	SUBJECT_PROCESS	60F52169-39B4-11E8-BF66-D9AA8AFF4A69	FILE_OBJECT_UNIX_SOCKET	EVENT_CREATE_OBJECT	1523030751836111167
72FB0406-3678-11E8-BF66-D9AA8AFF4A69	SUBJECT_PROCESS	60F520FA-39B4-11E8-BF66-D9AA8AFF4A69	FILE_OBJECT_UNIX_SOCKET	EVENT_CLOSE	1523030752816110705
72FB0406-3678-11E8-BF66-D9AA8AFF4A69	SUBJECT_PROCESS	60F52169-39B4-11E8-BF66-D9AA8AFF4A69	FILE_OBJECT_UNIX_SOCKET	EVENT_CLOSE	1523030752816110705
72FB0406-3678-11E8-BF66-D9AA8AFF4A69	SUBJECT_PROCESS	618AC6C9-39B4-11E8-BF66-D9AA8AFF4A69	FILE_OBJECT_UNIX_SOCKET	EVENT_CREATE_OBJECT	1523030752816110705
72FB0406-3678-11E8-BF66-D9AA8AFF4A69	SUBJECT_PROCESS	618AC72E-39B4-11E8-BF66-D9AA8AFF4A69	FILE_OBJECT_UNIX_SOCKET	EVENT_CREATE_OBJECT	1523030752816110705
72FB0406-3678-11E8-BF66-D9AA8AFF4A69	SUBJECT_PROCESS	618AC6C9-39B4-11E8-BF66-D9AA8AFF4A69	FILE_OBJECT_UNIX_SOCKET	EVENT_CLOSE	1523030753806112084
72FB0406-3678-11E8-BF66-D9AA8AFF4A69	SUBJECT_PROCESS	618AC72E-39B4-11E8-BF66-D9AA8AFF4A69	FILE_OBJECT_UNIX_SOCKET	EVENT_CLOSE	1523030753806112084
72FB0406-3678-11E8-BF66-D9AA8AFF4A69	SUBJECT_PROCESS	6221E9C8-39B4-11E8-BF66-D9AA8AFF4A69	FILE_OBJECT_UNIX_SOCKET	EVENT_CREATE_OBJECT	1523030753806112084
72FB0406-3678-11E8-BF66-D9AA8AFF4A69	SUBJECT_PROCESS	6221EA66-39B4-11E8-BF66-D9AA8AFF4A69	FILE_OBJECT_UNIX_SOCKET	EVENT_CREATE_OBJECT	1523030753806112084
72FB0406-3678-11E8-BF66-D9AA8AFF4A69	SUBJECT_PROCESS	6221E9C8-39B4-11E8-BF66-D9AA8AFF4A69	FILE_OBJECT_UNIX_SOCKET	EVENT_CLOSE	1523030754816110504
72FB0406-3678-11E8-BF66-D9AA8AFF4A69	SUBJECT_PROCESS	6221EA66-39B4-11E8-BF66-D9AA8AFF4A69	FILE_OBJECT_UNIX_SOCKET	EVENT_CLOSE	1523030754816110504
72FB0406-3678-11E8-BF66-D9AA8AFF4A69	SUBJECT_PROCESS	62BBF855-39B4-11E8-BF66-D9AA8AFF4A69	FILE_OBJECT_UNIX_SOCKET	EVENT_CREATE_OBJECT	1523030754816110504
72FB0406-3678-11E8-BF66-D9AA8AFF4A69	SUBJECT_PROCESS	62BBF8C1-39B4-11E8-BF66-D9AA8AFF4A69	FILE_OBJECT_UNIX_SOCKET	EVENT_CREATE_OBJECT	1523030754816110504
72FB0406-3678-11E8-BF66-D9AA8AFF4A69	SUBJECT_PROCESS	62BBF855-39B4-11E8-BF66-D9AA8AFF4A69	FILE_OBJECT_UNIX_SOCKET	EVENT_CLOSE	1523030755806114083
72FB0406-3678-11E8-BF66-D9AA8AFF4A69	SUBJECT_PROCESS	62BBF8C1-39B4-11E8-BF66-D9AA8AFF4A69	FILE_OBJECT_UNIX_SOCKET	EVENT_CLOSE	1523030755806114083
72FB0406-3678-11E8-BF66-D9AA8AFF4A69	SUBJECT_PROCESS	635301AB-39B4-11E8-BF66-D9AA8AFF4A69	FILE_OBJECT_UNIX_SOCKET	EVENT_CREATE_OBJECT	1523030755806114083
72FB0406-3678-11E8-BF66-D9AA8AFF4A69	SUBJECT_PROCESS	63530216-39B4-11E8-BF66-D9AA8AFF4A69	FILE_OBJECT_UNIX_SOCKET	EVENT_CREATE_OBJECT	1523030755806114083
72FB0406-3678-11E8-BF66-D9AA8AFF4A69	SUBJECT_PROCESS	635301AB-39B4-11E8-BF66-D9AA8AFF4A69	FILE_OBJECT_UNIX_SOCKET	EVENT_CLOSE	1523030756806109573
72FB0406-3678-11E8-BF66-D9AA8AFF4A69	SUBJECT_PROCESS	63530216-39B4-11E8-BF66-D9AA8AFF4A69	FILE_OBJECT_UNIX_SOCKET	EVENT_CLOSE	1523030756806109573
72FB0406-3678-11E8-BF66-D9AA8AFF4A69	SUBJECT_PROCESS	63EBADE9-39B4-11E8-BF66-D9AA8AFF4A69	FILE_OBJECT_UNIX_SOCKET	EVENT_CREATE_OBJECT	1523030756806109573
72FB0406-3678-11E8-BF66-D9AA8AFF4A69	SUBJECT_PROCESS	63EBAE56-39B4-11E8-BF66-D9AA8AFF4A69	FILE_OBJECT_UNIX_SOCKET	EVENT_CREATE_OBJECT	1523030756806109573
73196676-3678-11E8-BF66-D9AA8AFF4A69	SUBJECT_PROCESS	73197B6F-3678-11E8-BF66-D9AA8AFF4A69	NetFlowObject	EVENT_ACCEPT	1523030757686112413
73196676-3678-11E8-BF66-D9AA8AFF4A69	SUBJECT_PROCESS	64725F6C-39B4-11E8-BF66-D9AA8AFF4A69	NetFlowObject	EVENT_ACCEPT	1523030757686112413
73196676-3678-11E8-BF66-D9AA8AFF4A69	SUBJECT_PROCESS	6C6363C0-07E3-553A-A24C-44AEF178A1EA	UnnamedPipeObject	EVENT_CREATE_OBJECT	1523030757686112413
73196676-3678-11E8-BF66-D9AA8AFF4A69	SUBJECT_PROCESS	647298FE-39B4-11E8-BF66-D9AA8AFF4A69	FILE_OBJECT_UNIX_SOCKET	EVENT_CREATE_OBJECT	1523030757686112413
73196676-3678-11E8-BF66-D9AA8AFF4A69	SUBJECT_PROCESS	64729965-39B4-11E8-BF66-D9AA8AFF4A69	FILE_OBJECT_UNIX_SOCKET	EVENT_CREATE_OBJECT	1523030757686112413
73196676-3678-11E8-BF66-D9AA8AFF4A69	SUBJECT_PROCESS	6472B002-39B4-11E8-BF66-D9AA8AFF4A69	SUBJECT_PROCESS	EVENT_FORK	1523030757686112413
6472B002-39B4-11E8-BF66-D9AA8AFF4A69	SUBJECT_PROCESS	647298FE-39B4-11E8-BF66-D9AA8AFF4A69	FILE_OBJECT_UNIX_SOCKET	EVENT_CLOSE	1523030757686112413
6472B002-39B4-11E8-BF66-D9AA8AFF4A69	SUBJECT_PROCESS	BDE72B85-DCD9-835C-99DC-32E13C838365	FILE_OBJECT_FILE	EVENT_EXECUTE	1523030757696112214
6472B002-39B4-11E8-BF66-D9AA8AFF4A69	SUBJECT_PROCESS	7A350F75-9945-425D-8599-15CEBD426F06	FILE_OBJECT_FILE	EVENT_EXECUTE	1523030757696112214
6472B002-39B4-11E8-BF66-D9AA8AFF4A69	SUBJECT_PROCESS	51110606-D232-9652-B2D2-3A7242968F8A	FILE_OBJECT_FILE	EVENT_OPEN	1523030757696112214
6472B002-39B4-11E8-BF66-D9AA8AFF4A69	SUBJECT_PROCESS	51110606-D232-9652-B2D2-3A7242968F8A	FILE_OBJECT_FILE	EVENT_CLOSE	1523030757696112214
6472B002-39B4-11E8-BF66-D9AA8AFF4A69	SUBJECT_PROCESS	8A44F292-648B-7854-8B64-00F954785A79	FILE_OBJECT_FILE	EVENT_OPEN	1523030757696112214
6472B002-39B4-11E8-BF66-D9AA8AFF4A69	SUBJECT_PROCESS	8A44F292-648B-7854-8B64-00F954785A79	FILE_OBJECT_FILE	EVENT_READ	1523030757696112214
6472B002-39B4-11E8-BF66-D9AA8AFF4A69	SUBJECT_PROCESS	8A44F292-648B-7854-8B64-00F954785A79	FILE_OBJECT_FILE	EVENT_CLOSE	1523030757696112214
6472B002-39B4-11E8-BF66-D9AA8AFF4A69	SUBJECT_PROCESS	0BDFF2F1-558E-765C-8E55-BF7C8C76594B	FILE_OBJECT_FILE	EVENT_OPEN	1523030757696112214
6472B002-39B4-11E8-BF66-D9AA8AFF4A69	SUBJECT_PROCESS	0BDFF2F1-558E-765C-8E55-BF7C8C76594B	FILE_OBJECT_FILE	EVENT_CLOSE	1523030757696112214
6472B002-39B4-11E8-BF66-D9AA8AFF4A69	SUBJECT_PROCESS	052EDA6C-81A5-E858-A581-8684A8E895A2	FILE_OBJECT_FILE	EVENT_OPEN	1523030757696112214
6472B002-39B4-11E8-BF66-D9AA8AFF4A69	SUBJECT_PROCESS	052EDA6C-81A5-E858-A581-8684A8E895A2	FILE_OBJECT_FILE	EVENT_CLOSE	1523030757696112214
6472B002-39B4-11E8-BF66-D9AA8AFF4A69	SUBJECT_PROCESS	9FF334BB-9072-D756-B290-556656D73728	FILE_OBJECT_FILE	EVENT_OPEN	1523030757696112214
6472B002-39B4-11E8-BF66-D9AA8AFF4A69	SUBJECT_PROCESS	9FF334BB-9072-D756-B290-556656D73728	FILE_OBJECT_FILE	EVENT_CLOSE	1523030757696112214
6472B002-39B4-11E8-BF66-D9AA8AFF4A69	SUBJECT_PROCESS	6AEDACE6-579B-545F-9B57-A1C85F54C294	FILE_OBJECT_FILE	EVENT_OPEN	1523030757696112214
6472B002-39B4-11E8-BF66-D9AA8AFF4A69	SUBJECT_PROCESS	6AEDACE6-579B-545F-9B57-A1C85F54C294	FILE_OBJECT_FILE	EVENT_CLOSE	1523030757696112214
6472B002-39B4-11E8-BF66-D9AA8AFF4A69	SUBJECT_PROCESS	EC6610BE-3938-FF59-B839-3E5D89FFD40E	FILE_OBJECT_FILE	EVENT_OPEN	1523030757696112214
6472B002-39B4-11E8-BF66-D9AA8AFF4A69	SUBJECT_PROCESS	EC6610BE-3938-FF59-B839-3E5D89FFD40E	FILE_OBJECT_FILE	EVENT_CLOSE	1523030757696112214
6472B002-39B4-11E8-BF66-D9AA8AFF4A69	SUBJECT_PROCESS	28A54E55-113F-7156-BF11-7DB506719442	FILE_OBJECT_FILE	EVENT_OPEN	1523030757696112214
6472B002-39B4-11E8-BF66-D9AA8AFF4A69	SUBJECT_PROCESS	28A54E55-113F-7156-BF11-7DB506719442	FILE_OBJECT_FILE	EVENT_CLOSE	1523030757696112214
6472B002-39B4-11E8-BF66-D9AA8AFF4A69	SUBJECT_PROCESS	7E9C53F7-06A2-BB5A-A206-8C6CFABBD7C1	FILE_OBJECT_FILE	EVENT_OPEN	1523030757696112214
6472B002-39B4-11E8-BF66-D9AA8AFF4A69	SUBJECT_PROCESS	7E9C53F7-06A2-BB5A-A206-8C6CFABBD7C1	FILE_OBJECT_FILE	EVENT_CLOSE	1523030757696112214
6472B002-39B4-11E8-BF66-D9AA8AFF4A69	SUBJECT_PROCESS	091FE082-59C9-105F-8959-650AFF103A6D	FILE_OBJECT_FILE	EVENT_OPEN	1523030757696112214
6472B002-39B4-11E8-BF66-D9AA8AFF4A69	SUBJECT_PROCESS	091FE082-59C9-105F-8959-650AFF103A6D	FILE_OBJECT_FILE	EVENT_CLOSE	1523030757696112214
6472B002-39B4-11E8-BF66-D9AA8AFF4A69	SUBJECT_PROCESS	8FDF15D1-7633-7059-B376-6B9069709617	FILE_OBJECT_FILE	EVENT_OPEN	1523030757706113344
6472B002-39B4-11E8-BF66-D9AA8AFF4A69	SUBJECT_PROCESS	8FDF15D1-7633-7059-B376-6B9069709617	FILE_OBJECT_FILE	EVENT_CLOSE	1523030757706113344
6472B002-39B4-11E8-BF66-D9AA8AFF4A69	SUBJECT_PROCESS	B7F97F36-D8FD-1B5F-BDD8-81B94F1B0F75	FILE_OBJECT_FILE	EVENT_OPEN	1523030757706113344
6472B002-39B4-11E8-BF66-D9AA8AFF4A69	SUBJECT_PROCESS	B7F97F36-D8FD-1B5F-BDD8-81B94F1B0F75	FILE_OBJECT_FILE	EVENT_CLOSE	1523030757706113344
6472B002-39B4-11E8-BF66-D9AA8AFF4A69	SUBJECT_PROCESS	76A739B1-A13E-FD50-BEA1-B218A0FD0400	FILE_OBJECT_FILE	EVENT_OPEN	1523030757706113344
6472B002-39B4-11E8-BF66-D9AA8AFF4A69	SUBJECT_PROCESS	76A739B1-A13E-FD50-BEA1-B218A0FD0400	FILE_OBJECT_FILE	EVENT_CLOSE	1523030757706113344
6472B002-39B4-11E8-BF66-D9AA8AFF4A69	SUBJECT_PROCESS	05FAA6B0-4D64-7357-A44D-7A4E97737EA5	FILE_OBJECT_FILE	EVENT_OPEN	1523030757706113344
6472B002-39B4-11E8-BF66-D9AA8AFF4A69	SUBJECT_PROCESS	05FAA6B0-4D64-7357-A44D-7A4E97737EA5	FILE_OBJECT_FILE	EVENT_CLOSE	1523030757706113344
6472B002-39B4-11E8-BF66-D9AA8AFF4A69	SUBJECT_PROCESS	3D97AF44-5626-6855-A656-4616B5688F7E	FILE_OBJECT_FILE	EVENT_OPEN	1523030757706113344
6472B002-39B4-11E8-BF66-D9AA8AFF4A69	SUBJECT_PROCESS	3D97AF44-5626-6855-A656-4616B5688F7E	FILE_OBJECT_FILE	EVENT_CLOSE	1523030757706113344
6472B002-39B4-11E8-BF66-D9AA8AFF4A69	SUBJECT_PROCESS	DEADAC7C-AED5-7E50-95AE-0452707EB22B	FILE_OBJECT_FILE	EVENT_OPEN	1523030757706113344
6472B002-39B4-11E8-BF66-D9AA8AFF4A69	SUBJECT_PROCESS	DEADAC7C-AED5-7E50-95AE-0452707EB22B	FILE_OBJECT_FILE	EVENT_CLOSE	1523030757706113344
6472B002-39B4-11E8-BF66-D9AA8AFF4A69	SUBJECT_PROCESS	65142C5B-32FF-825F-BF32-60951F827170	FILE_OBJECT_FILE	EVENT_OPEN	1523030757706113344
6472B002-39B4-11E8-BF66-D9AA8AFF4A69	SUBJECT_PROCESS	65142C5B-32FF-825F-BF32-60951F827170	FILE_OBJECT_FILE	EVENT_CLOSE	1523030757706113344
6472B002-39B4-11E8-BF66-D9AA8AFF4A69	SUBJECT_PROCESS	6981E03F-A6CE-6456-8EA6-89CA766490F0	FILE_OBJECT_FILE	EVENT_OPEN	1523030757706113344
6472B002-39B4-11E8-BF66-D9AA8AFF4A69	SUBJECT_PROCESS	6981E03F-A6CE-6456-8EA6-89CA766490F0	FILE_OBJECT_FILE	EVENT_CLOSE	1523030757706113344
6472B002-39B4-11E8-BF66-D9AA8AFF4A69	SUBJECT_PROCESS	8A1B16DC-09AE-F056-AE09-4BC6B6F0F2B4	FILE_OBJECT_FILE	EVENT_OPEN	1523030757706113344
6472B002-39B4-11E8-BF66-D9AA8AFF4A69	SUBJECT_PROCESS	8A1B16DC-09AE-F056-AE09-4BC6B6F0F2B4	FILE_OBJECT_FILE	EVENT_CLOSE	1523030757706113344
6472B002-39B4-11E8-BF66-D9AA8AFF4A69	SUBJECT_PROCESS	D94B02A1-F3D7-0B5C-97F3-6DD1CC0B3C09	FILE_OBJECT_FILE	EVENT_OPEN	1523030757706113344
6472B002-39B4-11E8-BF66-D9AA8AFF4A69	SUBJECT_PROCESS	D94B02A1-F3D7-0B5C-97F3-6DD1CC0B3C09	FILE_OBJECT_FILE	EVENT_CLOSE	1523030757706113344
6472B002-39B4-11E8-BF66-D9AA8AFF4A69	SUBJECT_PROCESS	A3BA7292-19E2-785A-A219-B904BA784FEE	FILE_OBJECT_FILE	EVENT_OPEN	1523030757706113344
6472B002-39B4-11E8-BF66-D9AA8AFF4A69	SUBJECT_PROCESS	A3BA7292-19E2-785A-A219-B904BA784FEE	FILE_OBJECT_FILE	EVENT_CLOSE	1523030757706113344
6472B002-39B4-11E8-BF66-D9AA8AFF4A69	SUBJECT_PROCESS	1CF107D7-0A3E-D258-BE0A-8B4658D2C591	FILE_OBJECT_FILE	EVENT_OPEN	1523030757706113344
6472B002-39B4-11E8-BF66-D9AA8AFF4A69	SUBJECT_PROCESS	1CF107D7-0A3E-D258-BE0A-8B4658D2C591	FILE_OBJECT_FILE	EVENT_CLOSE	1523030757706113344
6472B002-39B4-11E8-BF66-D9AA8AFF4A69	SUBJECT_PROCESS	E4D195FC-B72A-965E-AAB7-7E509E962281	FILE_OBJECT_FILE	EVENT_OPEN	1523030757716112625
6472B002-39B4-11E8-BF66-D9AA8AFF4A69	SUBJECT_PROCESS	E4D195FC-B72A-965E-AAB7-7E509E962281	FILE_OBJECT_FILE	EVENT_CLOSE	1523030757716112625
6472B002-39B4-11E8-BF66-D9AA8AFF4A69	SUBJECT_PROCESS	4D266614-A800-3A55-80A8-39E4D53A85D3	FILE_OBJECT_FILE	EVENT_OPEN	1523030757716112625
6472B002-39B4-11E8-BF66-D9AA8AFF4A69	SUBJECT_PROCESS	4D266614-A800-3A55-80A8-39E4D53A85D3	FILE_OBJECT_FILE	EVENT_CLOSE	1523030757716112625
6472B002-39B4-11E8-BF66-D9AA8AFF4A69	SUBJECT_PROCESS	F410BE96-4C0C-765E-8C4C-6F0E2E760020	FILE_OBJECT_FILE	EVENT_OPEN	1523030757716112625
6472B002-39B4-11E8-BF66-D9AA8AFF4A69	SUBJECT_PROCESS	F410BE96-4C0C-765E-8C4C-6F0E2E760020	FILE_OBJECT_FILE	EVENT_CLOSE	1523030757716112625
6472B002-39B4-11E8-BF66-D9AA8AFF4A69	SUBJECT_PROCESS	1633500B-D34B-8058-8BD3-ABB7D880915E	FILE_OBJECT_FILE	EVENT_OPEN	1523030757716112625
6472B002-39B4-11E8-BF66-D9AA8AFF4A69	SUBJECT_PROCESS	1633500B-D34B-8058-8BD3-ABB7D880915E	FILE_OBJECT_FILE	EVENT_CLOSE	1523030757716112625
6472B002-39B4-11E8-BF66-D9AA8AFF4A69	SUBJECT_PROCESS	E8D4DBDE-706C-8C52-AC70-FF9F428CC19A	FILE_OBJECT_FILE	EVENT_OPEN	1523030757716112625
6472B002-39B4-11E8-BF66-D9AA8AFF4A69	SUBJECT_PROCESS	E8D4DBDE-706C-8C52-AC70-FF9F428CC19A	FILE_OBJECT_FILE	EVENT_CLOSE	1523030757716112625
6472B002-39B4-11E8-BF66-D9AA8AFF4A69	SUBJECT_PROCESS	6477827D-39B4-11E8-BF66-D9AA8AFF4A69	FILE_OBJECT_FILE	EVENT_CLOSE	1523030757716112625
6472B002-39B4-11E8-BF66-D9AA8AFF4A69	SUBJECT_PROCESS	64779D5E-39B4-11E8-BF66-D9AA8AFF4A69	FILE_OBJECT_FILE	EVENT_CLOSE	1523030757716112625
6472B002-39B4-11E8-BF66-D9AA8AFF4A69	SUBJECT_PROCESS	BCDBE64D-1703-005A-8317-44DD6A00589D	FILE_OBJECT_FILE	EVENT_OPEN	1523030757726115256
6472B002-39B4-11E8-BF66-D9AA8AFF4A69	SUBJECT_PROCESS	BCDBE64D-1703-005A-8317-44DD6A00589D	FILE_OBJECT_FILE	EVENT_CLOSE	1523030757726115256
6472B002-39B4-11E8-BF66-D9AA8AFF4A69	SUBJECT_PROCESS	90139085-37D9-7553-9937-CFE3D375E971	FILE_OBJECT_FILE	EVENT_OPEN	1523030757726115256
6472B002-39B4-11E8-BF66-D9AA8AFF4A69	SUBJECT_PROCESS	90139085-37D9-7553-9937-CFE3D375E971	FILE_OBJECT_FILE	EVENT_READ	1523030757726115256
6472B002-39B4-11E8-BF66-D9AA8AFF4A69	SUBJECT_PROCESS	90139085-37D9-7553-9937-CFE3D375E971	FILE_OBJECT_FILE	EVENT_READ	1523030757726115256
6472B002-39B4-11E8-BF66-D9AA8AFF4A69	SUBJECT_PROCESS	90139085-37D9-7553-9937-CFE3D375E971	FILE_OBJECT_FILE	EVENT_READ	1523030757726115256
6472B002-39B4-11E8-BF66-D9AA8AFF4A69	SUBJECT_PROCESS	90139085-37D9-7553-9937-CFE3D375E971	FILE_OBJECT_FILE	EVENT_READ	1523030757726115256
6472B002-39B4-11E8-BF66-D9AA8AFF4A69	SUBJECT_PROCESS	90139085-37D9-7553-9937-CFE3D375E971	FILE_OBJECT_FILE	EVENT_READ	1523030757726115256
6472B002-39B4-11E8-BF66-D9AA8AFF4A69	SUBJECT_PROCESS	90139085-37D9-7553-9937-CFE3D375E971	FILE_OBJECT_FILE	EVENT_READ	1523030757726115256
6472B002-39B4-11E8-BF66-D9AA8AFF4A69	SUBJECT_PROCESS	90139085-37D9-7553-9937-CFE3D375E971	FILE_OBJECT_FILE	EVENT_READ	1523030757726115256
6472B002-39B4-11E8-BF66-D9AA8AFF4A69	SUBJECT_PROCESS	90139085-37D9-7553-9937-CFE3D375E971	FILE_OBJECT_FILE	EVENT_READ	1523030757726115256
6472B002-39B4-11E8-BF66-D9AA8AFF4A69	SUBJECT_PROCESS	90139085-37D9-7553-9937-CFE3D375E971	FILE_OBJECT_FILE	EVENT_CLOSE	1523030757726115256
6472B002-39B4-11E8-BF66-D9AA8AFF4A69	SUBJECT_PROCESS	06EDE678-A217-C354-97A2-9A5EA4C3F64D	FILE_OBJECT_FILE	EVENT_OPEN	1523030757726115256
6472B002-39B4-11E8-BF66-D9AA8AFF4A69	SUBJECT_PROCESS	06EDE678-A217-C354-97A2-9A5EA4C3F64D	FILE_OBJECT_FILE	EVENT_CLOSE	1523030757726115256
6472B002-39B4-11E8-BF66-D9AA8AFF4A69	SUBJECT_PROCESS	06EDE678-A217-C354-97A2-9A5EA4C3F64D	FILE_OBJECT_FILE	EVENT_OPEN	1523030757726115256
6472B002-39B4-11E8-BF66-D9AA8AFF4A69	SUBJECT_PROCESS	06EDE678-A217-C354-97A2-9A5EA4C3F64D	FILE_OBJECT_FILE	EVENT_CLOSE	1523030757726115256
6472B002-39B4-11E8-BF66-D9AA8AFF4A69	SUBJECT_PROCESS	06EDE678-A217-C354-97A2-9A5EA4C3F64D	FILE_OBJECT_FILE	EVENT_OPEN	1523030757726115256
6472B002-39B4-11E8-BF66-D9AA8AFF4A69	SUBJECT_PROCESS	06EDE678-A217-C354-97A2-9A5EA4C3F64D	FILE_OBJECT_FILE	EVENT_CLOSE	1523030757726115256
6472B002-39B4-11E8-BF66-D9AA8AFF4A69	SUBJECT_PROCESS	0E7EF538-230D-D15D-8D23-0503CDD11FB4	FILE_OBJECT_FILE	EVENT_OPEN	1523030757726115256
6472B002-39B4-11E8-BF66-D9AA8AFF4A69	SUBJECT_PROCESS	0E7EF538-230D-D15D-8D23-0503CDD11FB4	FILE_OBJECT_FILE	EVENT_CLOSE	1523030757736111967
6472B002-39B4-11E8-BF66-D9AA8AFF4A69	SUBJECT_PROCESS	B15771BC-A07F-6F55-BFA0-B6DB456F4F9C	FILE_OBJECT_FILE	EVENT_OPEN	1523030757736111967
6472B002-39B4-11E8-BF66-D9AA8AFF4A69	SUBJECT_PROCESS	B15771BC-A07F-6F55-BFA0-B6DB456F4F9C	FILE_OBJECT_FILE	EVENT_CLOSE	1523030757736111967
6472B002-39B4-11E8-BF66-D9AA8AFF4A69	SUBJECT_PROCESS	B15771BC-A07F-6F55-BFA0-B6DB456F4F9C	FILE_OBJECT_FILE	EVENT_OPEN	1523030757736111967
6472B002-39B4-11E8-BF66-D9AA8AFF4A69	SUBJECT_PROCESS	B15771BC-A07F-6F55-BFA0-B6DB456F4F9C	FILE_OBJECT_FILE	EVENT_CLOSE	1523030757736111967
6472B002-39B4-11E8-BF66-D9AA8AFF4A69	SUBJECT_PROCESS	B15771BC-A07F-6F55-BFA0-B6DB456F4F9C	FILE_OBJECT_FILE	EVENT_OPEN	1523030757736111967
6472B002-39B4-11E8-BF66-D9AA8AFF4A69	SUBJECT_PROCESS	B15771BC-A07F-6F55-BFA0-B6DB456F4F9C	FILE_OBJECT_FILE	EVENT_CLOSE	1523030757736111967
6472B002-39B4-11E8-BF66-D9AA8AFF4A69	SUBJECT_PROCESS	9AF2979B-485C-2D51-9C48-1356F12DEE1F	FILE_OBJECT_FILE	EVENT_OPEN	1523030757736111967
6472B002-39B4-11E8-BF66-D9AA8AFF4A69	SUBJECT_PROCESS	9AF2979B-485C-2D51-9C48-1356F12DEE1F	FILE_OBJECT_FILE	EVENT_CLOSE	1523030757736111967
6472B002-39B4-11E8-BF66-D9AA8AFF4A69	SUBJECT_PROCESS	3ED348B0-399E-775C-9E39-21619C776688	FILE_OBJECT_FILE	EVENT_OPEN	1523030757736111967
6472B002-39B4-11E8-BF66-D9AA8AFF4A69	SUBJECT_PROCESS	3ED348B0-399E-775C-9E39-21619C776688	FILE_OBJECT_FILE	EVENT_CLOSE	1523030757736111967
6472B002-39B4-11E8-BF66-D9AA8AFF4A69	SUBJECT_PROCESS	3ED348B0-399E-775C-9E39-21619C776688	FILE_OBJECT_FILE	EVENT_OPEN	1523030757736111967
6472B002-39B4-11E8-BF66-D9AA8AFF4A69	SUBJECT_PROCESS	3ED348B0-399E-775C-9E39-21619C776688	FILE_OBJECT_FILE	EVENT_CLOSE	1523030757736111967
6472B002-39B4-11E8-BF66-D9AA8AFF4A69	SUBJECT_PROCESS	3ED348B0-399E-775C-9E39-21619C776688	FILE_OBJECT_FILE	EVENT_OPEN	1523030757736111967
6472B002-39B4-11E8-BF66-D9AA8AFF4A69	SUBJECT_PROCESS	3ED348B0-399E-775C-9E39-21619C776688	FILE_OBJECT_FILE	EVENT_CLOSE	1523030757736111967
6472B002-39B4-11E8-BF66-D9AA8AFF4A69	SUBJECT_PROCESS	99AFAE93-7DB3-585E-B37D-8BD27E58A792	FILE_OBJECT_FILE	EVENT_OPEN	1523030757736111967
6472B002-39B4-11E8-BF66-D9AA8AFF4A69	SUBJECT_PROCESS	99AFAE93-7DB3-585E-B37D-8BD27E58A792	FILE_OBJECT_FILE	EVENT_CLOSE	1523030757736111967
6472B002-39B4-11E8-BF66-D9AA8AFF4A69	SUBJECT_PROCESS	6472B002-39B4-11E8-BF66-D9AA8AFF4A69	SUBJECT_PROCESS	EVENT_MODIFY_PROCESS	1523030757736111967
6472B002-39B4-11E8-BF66-D9AA8AFF4A69	SUBJECT_PROCESS	6472B002-39B4-11E8-BF66-D9AA8AFF4A69	SUBJECT_PROCESS	EVENT_MODIFY_PROCESS	1523030757736111967
6472B002-39B4-11E8-BF66-D9AA8AFF4A69	SUBJECT_PROCESS	6472B002-39B4-11E8-BF66-D9AA8AFF4A69	SUBJECT_PROCESS	EVENT_MODIFY_PROCESS	1523030757736111967
6472B002-39B4-11E8-BF66-D9AA8AFF4A69	SUBJECT_PROCESS	10A312B0-5B87-B35C-875B-5FF05CB3FD5D	FILE_OBJECT_DIR	EVENT_MODIFY_PROCESS	1523030757736111967
6472B002-39B4-11E8-BF66-D9AA8AFF4A69	SUBJECT_PROCESS	64729965-39B4-11E8-BF66-D9AA8AFF4A69	FILE_OBJECT_UNIX_SOCKET	EVENT_CLOSE	1523030757736111967
6472B002-39B4-11E8-BF66-D9AA8AFF4A69	SUBJECT_PROCESS	1633500B-D34B-8058-8BD3-ABB7D880915E	FILE_OBJECT_FILE	EVENT_OPEN	1523030757736111967
6472B002-39B4-11E8-BF66-D9AA8AFF4A69	SUBJECT_PROCESS	1633500B-D34B-8058-8BD3-ABB7D880915E	FILE_OBJECT_FILE	EVENT_CLOSE	1523030757736111967
6472B002-39B4-11E8-BF66-D9AA8AFF4A69	SUBJECT_PROCESS	9F924E33-11DC-C954-9C11-ABA0F4C94D90	FILE_OBJECT_FILE	EVENT_OPEN	1523030757746112798
6472B002-39B4-11E8-BF66-D9AA8AFF4A69	SUBJECT_PROCESS	9F924E33-11DC-C954-9C11-ABA0F4C94D90	FILE_OBJECT_FILE	EVENT_CLOSE	1523030757746112798
6472B002-39B4-11E8-BF66-D9AA8AFF4A69	SUBJECT_PROCESS	84F70B35-68E3-FB58-A368-CD5548FBBA24	FILE_OBJECT_FILE	EVENT_OPEN	1523030757746112798
6472B002-39B4-11E8-BF66-D9AA8AFF4A69	SUBJECT_PROCESS	28A54E55-113F-7156-BF11-7DB506719442	FILE_OBJECT_FILE	EVENT_OPEN	1523030757746112798
6472B002-39B4-11E8-BF66-D9AA8AFF4A69	SUBJECT_PROCESS	28A54E55-113F-7156-BF11-7DB506719442	FILE_OBJECT_FILE	EVENT_CLOSE	1523030757746112798
6472B002-39B4-11E8-BF66-D9AA8AFF4A69	SUBJECT_PROCESS	8E4E05FC-FF98-1C52-98FF-75C7221CB2F2	FILE_OBJECT_FILE	EVENT_OPEN	1523030757746112798
6472B002-39B4-11E8-BF66-D9AA8AFF4A69	SUBJECT_PROCESS	8E4E05FC-FF98-1C52-98FF-75C7221CB2F2	FILE_OBJECT_FILE	EVENT_CLOSE	1523030757746112798
6472B002-39B4-11E8-BF66-D9AA8AFF4A69	SUBJECT_PROCESS	84F70B35-68E3-FB58-A368-CD5548FBBA24	FILE_OBJECT_FILE	EVENT_CLOSE	1523030757746112798
6472B002-39B4-11E8-BF66-D9AA8AFF4A69	SUBJECT_PROCESS	CEE6589C-8C59-1556-998C-BCE606155D40	FILE_OBJECT_FILE	EVENT_OPEN	1523030757746112798
6472B002-39B4-11E8-BF66-D9AA8AFF4A69	SUBJECT_PROCESS	CEE6589C-8C59-1556-998C-BCE606155D40	FILE_OBJECT_FILE	EVENT_CLOSE	1523030757746112798
6472B002-39B4-11E8-BF66-D9AA8AFF4A69	SUBJECT_PROCESS	647BB20A-39B4-11E8-BF66-D9AA8AFF4A69	FILE_OBJECT_UNIX_SOCKET	EVENT_CREATE_OBJECT	1523030757746112798
6472B002-39B4-11E8-BF66-D9AA8AFF4A69	SUBJECT_PROCESS	647BB275-39B4-11E8-BF66-D9AA8AFF4A69	FILE_OBJECT_UNIX_SOCKET	EVENT_CREATE_OBJECT	1523030757746112798
6472B002-39B4-11E8-BF66-D9AA8AFF4A69	SUBJECT_PROCESS	A315872D-1E33-56AC-8BA4-15DFA9A3107C	UnnamedPipeObject	EVENT_CREATE_OBJECT	1523030757746112798
6472B002-39B4-11E8-BF66-D9AA8AFF4A69	SUBJECT_PROCESS	647C0A6E-39B4-11E8-BF66-D9AA8AFF4A69	SUBJECT_PROCESS	EVENT_FORK	1523030757746112798
647C0A6E-39B4-11E8-BF66-D9AA8AFF4A69	SUBJECT_PROCESS	647C0A6E-39B4-11E8-BF66-D9AA8AFF4A69	SUBJECT_PROCESS	EVENT_MODIFY_PROCESS	1523030757756113368
647C0A6E-39B4-11E8-BF66-D9AA8AFF4A69	SUBJECT_PROCESS	6198310B-FE73-8357-B3FE-1B0B1783B474	FILE_OBJECT_DIR	EVENT_MODIFY_PROCESS	1523030757756113368
647C0A6E-39B4-11E8-BF66-D9AA8AFF4A69	SUBJECT_PROCESS	647C0A6E-39B4-11E8-BF66-D9AA8AFF4A69	SUBJECT_PROCESS	EVENT_CHANGE_PRINCIPAL	1523030757756113368
647C0A6E-39B4-11E8-BF66-D9AA8AFF4A69	SUBJECT_PROCESS	647C0A6E-39B4-11E8-BF66-D9AA8AFF4A69	SUBJECT_PROCESS	EVENT_CHANGE_PRINCIPAL	1523030757756113368
72FB0406-3678-11E8-BF66-D9AA8AFF4A69	SUBJECT_PROCESS	63EBADE9-39B4-11E8-BF66-D9AA8AFF4A69	FILE_OBJECT_UNIX_SOCKET	EVENT_CLOSE	1523030757826110254
72FB0406-3678-11E8-BF66-D9AA8AFF4A69	SUBJECT_PROCESS	63EBAE56-39B4-11E8-BF66-D9AA8AFF4A69	FILE_OBJECT_UNIX_SOCKET	EVENT_CLOSE	1523030757826110254
72FB0406-3678-11E8-BF66-D9AA8AFF4A69	SUBJECT_PROCESS	648751E5-39B4-11E8-BF66-D9AA8AFF4A69	FILE_OBJECT_UNIX_SOCKET	EVENT_CREATE_OBJECT	1523030757826110254
72FB0406-3678-11E8-BF66-D9AA8AFF4A69	SUBJECT_PROCESS	64875251-39B4-11E8-BF66-D9AA8AFF4A69	FILE_OBJECT_UNIX_SOCKET	EVENT_CREATE_OBJECT	1523030757826110254
6472B002-39B4-11E8-BF66-D9AA8AFF4A69	SUBJECT_PROCESS	C6372CCF-39E0-835A-A039-155BFA837272	FILE_OBJECT_FILE	EVENT_OPEN	1523030757866112757
6472B002-39B4-11E8-BF66-D9AA8AFF4A69	SUBJECT_PROCESS	C6372CCF-39E0-835A-A039-155BFA837272	FILE_OBJECT_FILE	EVENT_CLOSE	1523030757866112757
6472B002-39B4-11E8-BF66-D9AA8AFF4A69	SUBJECT_PROCESS	648D8AEB-39B4-11E8-BF66-D9AA8AFF4A69	NetFlowObject	EVENT_CONNECT	1523030757866112757
6472B002-39B4-11E8-BF66-D9AA8AFF4A69	SUBJECT_PROCESS	648D8AEB-39B4-11E8-BF66-D9AA8AFF4A69	NetFlowObject	EVENT_SENDTO	1523030757866112757
6472B002-39B4-11E8-BF66-D9AA8AFF4A69	SUBJECT_PROCESS	648D8AEB-39B4-11E8-BF66-D9AA8AFF4A69	NetFlowObject	EVENT_RECVFROM	1523030757866112757
6472B002-39B4-11E8-BF66-D9AA8AFF4A69	SUBJECT_PROCESS	648D8AEB-39B4-11E8-BF66-D9AA8AFF4A69	NetFlowObject	EVENT_CLOSE	1523030757866112757
6472B002-39B4-11E8-BF66-D9AA8AFF4A69	SUBJECT_PROCESS	90139085-37D9-7553-9937-CFE3D375E971	FILE_OBJECT_FILE	EVENT_OPEN	1523030757866112757
6472B002-39B4-11E8-BF66-D9AA8AFF4A69	SUBJECT_PROCESS	90139085-37D9-7553-9937-CFE3D375E971	FILE_OBJECT_FILE	EVENT_READ	1523030757866112757
6472B002-39B4-11E8-BF66-D9AA8AFF4A69	SUBJECT_PROCESS	90139085-37D9-7553-9937-CFE3D375E971	FILE_OBJECT_FILE	EVENT_READ	1523030757866112757
6472B002-39B4-11E8-BF66-D9AA8AFF4A69	SUBJECT_PROCESS	90139085-37D9-7553-9937-CFE3D375E971	FILE_OBJECT_FILE	EVENT_READ	1523030757866112757
6472B002-39B4-11E8-BF66-D9AA8AFF4A69	SUBJECT_PROCESS	90139085-37D9-7553-9937-CFE3D375E971	FILE_OBJECT_FILE	EVENT_READ	1523030757866112757
6472B002-39B4-11E8-BF66-D9AA8AFF4A69	SUBJECT_PROCESS	90139085-37D9-7553-9937-CFE3D375E971	FILE_OBJECT_FILE	EVENT_READ	1523030757866112757
6472B002-39B4-11E8-BF66-D9AA8AFF4A69	SUBJECT_PROCESS	90139085-37D9-7553-9937-CFE3D375E971	FILE_OBJECT_FILE	EVENT_READ	1523030757866112757
6472B002-39B4-11E8-BF66-D9AA8AFF4A69	SUBJECT_PROCESS	90139085-37D9-7553-9937-CFE3D375E971	FILE_OBJECT_FILE	EVENT_READ	1523030757866112757
6472B002-39B4-11E8-BF66-D9AA8AFF4A69	SUBJECT_PROCESS	90139085-37D9-7553-9937-CFE3D375E971	FILE_OBJECT_FILE	EVENT_READ	1523030757866112757
6472B002-39B4-11E8-BF66-D9AA8AFF4A69	SUBJECT_PROCESS	90139085-37D9-7553-9937-CFE3D375E971	FILE_OBJECT_FILE	EVENT_CLOSE	1523030757866112757
6472B002-39B4-11E8-BF66-D9AA8AFF4A69	SUBJECT_PROCESS	9A717117-65ED-675C-AD65-38102C67C832	FILE_OBJECT_FILE	EVENT_OPEN	1523030757866112757
6472B002-39B4-11E8-BF66-D9AA8AFF4A69	SUBJECT_PROCESS	9A717117-65ED-675C-AD65-38102C67C832	FILE_OBJECT_FILE	EVENT_CLOSE	1523030757866112757
6472B002-39B4-11E8-BF66-D9AA8AFF4A69	SUBJECT_PROCESS	460DC568-2EC4-D151-842E-D3C7D1D125B3	FILE_OBJECT_FILE	EVENT_OPEN	1523030757876113828
6472B002-39B4-11E8-BF66-D9AA8AFF4A69	SUBJECT_PROCESS	06BF565C-7BF3-385F-B37B-036DAF3837A6	FILE_OBJECT_FILE	EVENT_OPEN	1523030757876113828
647C0A6E-39B4-11E8-BF66-D9AA8AFF4A69	SUBJECT_PROCESS	648EB161-39B4-11E8-BF66-D9AA8AFF4A69	FILE_OBJECT_FILE	EVENT_CLOSE	1523030757876113828
647C0A6E-39B4-11E8-BF66-D9AA8AFF4A69	SUBJECT_PROCESS	648EDF94-39B4-11E8-BF66-D9AA8AFF4A69	FILE_OBJECT_FILE	EVENT_CLOSE	1523030757876113828
6472B002-39B4-11E8-BF66-D9AA8AFF4A69	SUBJECT_PROCESS	06BF565C-7BF3-385F-B37B-036DAF3837A6	FILE_OBJECT_FILE	EVENT_CLOSE	1523030757876113828
6472B002-39B4-11E8-BF66-D9AA8AFF4A69	SUBJECT_PROCESS	F4740EB4-E508-D552-88E5-A946E2D52B40	FILE_OBJECT_FILE	EVENT_OPEN	1523030757876113828
647C0A6E-39B4-11E8-BF66-D9AA8AFF4A69	SUBJECT_PROCESS	648F1634-39B4-11E8-BF66-D9AA8AFF4A69	FILE_OBJECT_FILE	EVENT_CLOSE	1523030757876113828
6472B002-39B4-11E8-BF66-D9AA8AFF4A69	SUBJECT_PROCESS	F4740EB4-E508-D552-88E5-A946E2D52B40	FILE_OBJECT_FILE	EVENT_CLOSE	1523030757876113828
6472B002-39B4-11E8-BF66-D9AA8AFF4A69	SUBJECT_PROCESS	2808F81C-1C74-F155-B41C-4887E5F1F9A5	FILE_OBJECT_FILE	EVENT_OPEN	1523030757876113828
647C0A6E-39B4-11E8-BF66-D9AA8AFF4A69	SUBJECT_PROCESS	648F4464-39B4-11E8-BF66-D9AA8AFF4A69	FILE_OBJECT_FILE	EVENT_CLOSE	1523030757876113828
6472B002-39B4-11E8-BF66-D9AA8AFF4A69	SUBJECT_PROCESS	2808F81C-1C74-F155-B41C-4887E5F1F9A5	FILE_OBJECT_FILE	EVENT_CLOSE	1523030757876113828
6472B002-39B4-11E8-BF66-D9AA8AFF4A69	SUBJECT_PROCESS	06BF565C-7BF3-385F-B37B-036DAF3837A6	FILE_OBJECT_FILE	EVENT_CLOSE	1523030757876113828
6472B002-39B4-11E8-BF66-D9AA8AFF4A69	SUBJECT_PROCESS	C88B20D1-348D-465D-8D34-205F6D464FBB	FILE_OBJECT_FILE	EVENT_OPEN	1523030757876113828
647C0A6E-39B4-11E8-BF66-D9AA8AFF4A69	SUBJECT_PROCESS	648F9C68-39B4-11E8-BF66-D9AA8AFF4A69	FILE_OBJECT_FILE	EVENT_CLOSE	1523030757876113828
6472B002-39B4-11E8-BF66-D9AA8AFF4A69	SUBJECT_PROCESS	C88B20D1-348D-465D-8D34-205F6D464FBB	FILE_OBJECT_FILE	EVENT_CLOSE	1523030757876113828
647C0A6E-39B4-11E8-BF66-D9AA8AFF4A69	SUBJECT_PROCESS	648FCCC1-39B4-11E8-BF66-D9AA8AFF4A69	FILE_OBJECT_FILE	EVENT_CLOSE	1523030757876113828
6472B002-39B4-11E8-BF66-D9AA8AFF4A69	SUBJECT_PROCESS	C88B20D1-348D-465D-8D34-205F6D464FBB	FILE_OBJECT_FILE	EVENT_CLOSE	1523030757876113828
6472B002-39B4-11E8-BF66-D9AA8AFF4A69	SUBJECT_PROCESS	CF1CFFEE-DF5A-7256-9ADF-2A4636725BAD	FILE_OBJECT_FILE	EVENT_OPEN	1523030757876113828
6472B002-39B4-11E8-BF66-D9AA8AFF4A69	SUBJECT_PROCESS	CF1CFFEE-DF5A-7256-9ADF-2A4636725BAD	FILE_OBJECT_FILE	EVENT_CLOSE	1523030757886114979
6472B002-39B4-11E8-BF66-D9AA8AFF4A69	SUBJECT_PROCESS	96FEA8F0-71C6-475F-8671-74C50F475F59	FILE_OBJECT_FILE	EVENT_OPEN	1523030757886114979
6472B002-39B4-11E8-BF66-D9AA8AFF4A69	SUBJECT_PROCESS	96FEA8F0-71C6-475F-8671-74C50F475F59	FILE_OBJECT_FILE	EVENT_CLOSE	1523030757886114979
6472B002-39B4-11E8-BF66-D9AA8AFF4A69	SUBJECT_PROCESS	CF1CFFEE-DF5A-7256-9ADF-2A4636725BAD	FILE_OBJECT_FILE	EVENT_CLOSE	1523030757886114979
6472B002-39B4-11E8-BF66-D9AA8AFF4A69	SUBJECT_PROCESS	7B76A6AD-1CD5-ED52-951C-AC5D42ED5145	FILE_OBJECT_FILE	EVENT_OPEN	1523030757886114979
6472B002-39B4-11E8-BF66-D9AA8AFF4A69	SUBJECT_PROCESS	7B76A6AD-1CD5-ED52-951C-AC5D42ED5145	FILE_OBJECT_FILE	EVENT_CLOSE	1523030757886114979
6472B002-39B4-11E8-BF66-D9AA8AFF4A69	SUBJECT_PROCESS	7B76A6AD-1CD5-ED52-951C-AC5D42ED5145	FILE_OBJECT_FILE	EVENT_CLOSE	1523030757886114979
6472B002-39B4-11E8-BF66-D9AA8AFF4A69	SUBJECT_PROCESS	AC89F764-518D-3853-8D51-D0D5B3384C6B	FILE_OBJECT_FILE	EVENT_OPEN	1523030757886114979
6472B002-39B4-11E8-BF66-D9AA8AFF4A69	SUBJECT_PROCESS	AC89F764-518D-3853-8D51-D0D5B3384C6B	FILE_OBJECT_FILE	EVENT_CLOSE	1523030757886114979
6472B002-39B4-11E8-BF66-D9AA8AFF4A69	SUBJECT_PROCESS	AC89F764-518D-3853-8D51-D0D5B3384C6B	FILE_OBJECT_FILE	EVENT_CLOSE	1523030757886114979
6472B002-39B4-11E8-BF66-D9AA8AFF4A69	SUBJECT_PROCESS	CF1CFFEE-DF5A-7256-9ADF-2A4636725BAD	FILE_OBJECT_FILE	EVENT_OPEN	1523030757886114979
6472B002-39B4-11E8-BF66-D9AA8AFF4A69	SUBJECT_PROCESS	CF1CFFEE-DF5A-7256-9ADF-2A4636725BAD	FILE_OBJECT_FILE	EVENT_CLOSE	1523030757886114979
6472B002-39B4-11E8-BF66-D9AA8AFF4A69	SUBJECT_PROCESS	CF1CFFEE-DF5A-7256-9ADF-2A4636725BAD	FILE_OBJECT_FILE	EVENT_CLOSE	1523030757886114979
6472B002-39B4-11E8-BF66-D9AA8AFF4A69	SUBJECT_PROCESS	138A32A2-DAFE-1D55-BEDA-6867451D60C4	FILE_OBJECT_FILE	EVENT_OPEN	1523030757886114979
6472B002-39B4-11E8-BF66-D9AA8AFF4A69	SUBJECT_PROCESS	138A32A2-DAFE-1D55-BEDA-6867451D60C4	FILE_OBJECT_FILE	EVENT_CLOSE	1523030757886114979
6472B002-39B4-11E8-BF66-D9AA8AFF4A69	SUBJECT_PROCESS	138A32A2-DAFE-1D55-BEDA-6867451D60C4	FILE_OBJECT_FILE	EVENT_CLOSE	1523030757886114979
6472B002-39B4-11E8-BF66-D9AA8AFF4A69	SUBJECT_PROCESS	CF1CFFEE-DF5A-7256-9ADF-2A4636725BAD	FILE_OBJECT_FILE	EVENT_OPEN	1523030757886114979
6472B002-39B4-11E8-BF66-D9AA8AFF4A69	SUBJECT_PROCESS	CF1CFFEE-DF5A-7256-9ADF-2A4636725BAD	FILE_OBJECT_FILE	EVENT_CLOSE	1523030757886114979
6472B002-39B4-11E8-BF66-D9AA8AFF4A69	SUBJECT_PROCESS	CF1CFFEE-DF5A-7256-9ADF-2A4636725BAD	FILE_OBJECT_FILE	EVENT_CLOSE	1523030757886114979
6472B002-39B4-11E8-BF66-D9AA8AFF4A69	SUBJECT_PROCESS	460DC568-2EC4-D151-842E-D3C7D1D125B3	FILE_OBJECT_FILE	EVENT_CLOSE	1523030757886114979
6472B002-39B4-11E8-BF66-D9AA8AFF4A69	SUBJECT_PROCESS	AE441C70-DEC0-BD5F-80DE-3DE4DFBDF253	FILE_OBJECT_FILE	EVENT_OPEN	1523030757886114979
6472B002-39B4-11E8-BF66-D9AA8AFF4A69	SUBJECT_PROCESS	AE441C70-DEC0-BD5F-80DE-3DE4DFBDF253	FILE_OBJECT_FILE	EVENT_CLOSE	1523030757896113889
6472B002-39B4-11E8-BF66-D9AA8AFF4A69	SUBJECT_PROCESS	104A8C35-2200-3156-8022-4129E631EA52	FILE_OBJECT_FILE	EVENT_OPEN	1523030757896113889
6472B002-39B4-11E8-BF66-D9AA8AFF4A69	SUBJECT_PROCESS	104A8C35-2200-3156-8022-4129E631EA52	FILE_OBJECT_FILE	EVENT_CLOSE	1523030757896113889
6472B002-39B4-11E8-BF66-D9AA8AFF4A69	SUBJECT_PROCESS	6491D3D8-39B4-11E8-BF66-D9AA8AFF4A69	FILE_OBJECT_UNIX_SOCKET	EVENT_CONNECT	1523030757896113889
6472B002-39B4-11E8-BF66-D9AA8AFF4A69	SUBJECT_PROCESS	6491D3D8-39B4-11E8-BF66-D9AA8AFF4A69	FILE_OBJECT_UNIX_SOCKET	EVENT_SENDTO	1523030757896113889
70C1D4CB-3678-11E8-BF66-D9AA8AFF4A69	SUBJECT_PROCESS	70C1A076-3678-11E8-BF66-D9AA8AFF4A69	FILE_OBJECT_UNIX_SOCKET	EVENT_RECVFROM	1523030757896113889
6472B002-39B4-11E8-BF66-D9AA8AFF4A69	SUBJECT_PROCESS	6491D3D8-39B4-11E8-BF66-D9AA8AFF4A69	FILE_OBJECT_UNIX_SOCKET	EVENT_CLOSE	1523030757896113889
6472B002-39B4-11E8-BF66-D9AA8AFF4A69	SUBJECT_PROCESS	64921715-39B4-11E8-BF66-D9AA8AFF4A69	FILE_OBJECT_UNIX_SOCKET	EVENT_CONNECT	1523030757896113889
6472B002-39B4-11E8-BF66-D9AA8AFF4A69	SUBJECT_PROCESS	64921715-39B4-11E8-BF66-D9AA8AFF4A69	FILE_OBJECT_UNIX_SOCKET	EVENT_SENDTO	1523030757896113889
70C1D4CB-3678-11E8-BF66-D9AA8AFF4A69	SUBJECT_PROCESS	70C1A076-3678-11E8-BF66-D9AA8AFF4A69	FILE_OBJECT_UNIX_SOCKET	EVENT_RECVFROM	1523030757896113889
6472B002-39B4-11E8-BF66-D9AA8AFF4A69	SUBJECT_PROCESS	64921715-39B4-11E8-BF66-D9AA8AFF4A69	FILE_OBJECT_UNIX_SOCKET	EVENT_CLOSE	1523030757896113889
6472B002-39B4-11E8-BF66-D9AA8AFF4A69	SUBJECT_PROCESS	64926131-39B4-11E8-BF66-D9AA8AFF4A69	FILE_OBJECT_UNIX_SOCKET	EVENT_CREATE_OBJECT	1523030757896113889
6472B002-39B4-11E8-BF66-D9AA8AFF4A69	SUBJECT_PROCESS	64926191-39B4-11E8-BF66-D9AA8AFF4A69	FILE_OBJECT_UNIX_SOCKET	EVENT_CREATE_OBJECT	1523030757896113889
6472B002-39B4-11E8-BF66-D9AA8AFF4A69	SUBJECT_PROCESS	64928001-39B4-11E8-BF66-D9AA8AFF4A69	SUBJECT_PROCESS	EVENT_FORK	1523030757896113889
64928001-39B4-11E8-BF66-D9AA8AFF4A69	SUBJECT_PROCESS	E4790631-C888-6A58-88C8-524DD86A8EE1	FILE_OBJECT_FILE	EVENT_OPEN	1523030757896113889
64928001-39B4-11E8-BF66-D9AA8AFF4A69	SUBJECT_PROCESS	E4790631-C888-6A58-88C8-524DD86A8EE1	FILE_OBJECT_FILE	EVENT_OPEN	1523030757896113889
64928001-39B4-11E8-BF66-D9AA8AFF4A69	SUBJECT_PROCESS	E4790631-C888-6A58-88C8-524DD86A8EE1	FILE_OBJECT_FILE	EVENT_CLOSE	1523030757896113889
64928001-39B4-11E8-BF66-D9AA8AFF4A69	SUBJECT_PROCESS	E4790631-C888-6A58-88C8-524DD86A8EE1	FILE_OBJECT_FILE	EVENT_LSEEK	1523030757896113889
64928001-39B4-11E8-BF66-D9AA8AFF4A69	SUBJECT_PROCESS	E4790631-C888-6A58-88C8-524DD86A8EE1	FILE_OBJECT_FILE	EVENT_CLOSE	1523030757896113889
64928001-39B4-11E8-BF66-D9AA8AFF4A69	SUBJECT_PROCESS	90139085-37D9-7553-9937-CFE3D375E971	FILE_OBJECT_FILE	EVENT_OPEN	1523030757896113889
64928001-39B4-11E8-BF66-D9AA8AFF4A69	SUBJECT_PROCESS	90139085-37D9-7553-9937-CFE3D375E971	FILE_OBJECT_FILE	EVENT_READ	1523030757896113889
64928001-39B4-11E8-BF66-D9AA8AFF4A69	SUBJECT_PROCESS	90139085-37D9-7553-9937-CFE3D375E971	FILE_OBJECT_FILE	EVENT_READ	1523030757896113889
64928001-39B4-11E8-BF66-D9AA8AFF4A69	SUBJECT_PROCESS	90139085-37D9-7553-9937-CFE3D375E971	FILE_OBJECT_FILE	EVENT_READ	1523030757896113889
64928001-39B4-11E8-BF66-D9AA8AFF4A69	SUBJECT_PROCESS	90139085-37D9-7553-9937-CFE3D375E971	FILE_OBJECT_FILE	EVENT_READ	1523030757896113889
64928001-39B4-11E8-BF66-D9AA8AFF4A69	SUBJECT_PROCESS	90139085-37D9-7553-9937-CFE3D375E971	FILE_OBJECT_FILE	EVENT_READ	1523030757906112740
64928001-39B4-11E8-BF66-D9AA8AFF4A69	SUBJECT_PROCESS	90139085-37D9-7553-9937-CFE3D375E971	FILE_OBJECT_FILE	EVENT_READ	1523030757906112740
64928001-39B4-11E8-BF66-D9AA8AFF4A69	SUBJECT_PROCESS	90139085-37D9-7553-9937-CFE3D375E971	FILE_OBJECT_FILE	EVENT_READ	1523030757906112740
64928001-39B4-11E8-BF66-D9AA8AFF4A69	SUBJECT_PROCESS	90139085-37D9-7553-9937-CFE3D375E971	FILE_OBJECT_FILE	EVENT_READ	1523030757906112740
64928001-39B4-11E8-BF66-D9AA8AFF4A69	SUBJECT_PROCESS	90139085-37D9-7553-9937-CFE3D375E971	FILE_OBJECT_FILE	EVENT_CLOSE	1523030757906112740
64928001-39B4-11E8-BF66-D9AA8AFF4A69	SUBJECT_PROCESS	E4790631-C888-6A58-88C8-524DD86A8EE1	FILE_OBJECT_FILE	EVENT_OPEN	1523030757906112740
64928001-39B4-11E8-BF66-D9AA8AFF4A69	SUBJECT_PROCESS	E4790631-C888-6A58-88C8-524DD86A8EE1	FILE_OBJECT_FILE	EVENT_OPEN	1523030757906112740
64928001-39B4-11E8-BF66-D9AA8AFF4A69	SUBJECT_PROCESS	E4790631-C888-6A58-88C8-524DD86A8EE1	FILE_OBJECT_FILE	EVENT_CLOSE	1523030757906112740
64928001-39B4-11E8-BF66-D9AA8AFF4A69	SUBJECT_PROCESS	E4790631-C888-6A58-88C8-524DD86A8EE1	FILE_OBJECT_FILE	EVENT_LSEEK	1523030757906112740
64928001-39B4-11E8-BF66-D9AA8AFF4A69	SUBJECT_PROCESS	E4790631-C888-6A58-88C8-524DD86A8EE1	FILE_OBJECT_FILE	EVENT_CLOSE	1523030757906112740
64928001-39B4-11E8-BF66-D9AA8AFF4A69	SUBJECT_PROCESS	90139085-37D9-7553-9937-CFE3D375E971	FILE_OBJECT_FILE	EVENT_OPEN	1523030757906112740
64928001-39B4-11E8-BF66-D9AA8AFF4A69	SUBJECT_PROCESS	90139085-37D9-7553-9937-CFE3D375E971	FILE_OBJECT_FILE	EVENT_READ	1523030757906112740
64928001-39B4-11E8-BF66-D9AA8AFF4A69	SUBJECT_PROCESS	90139085-37D9-7553-9937-CFE3D375E971	FILE_OBJECT_FILE	EVENT_READ	1523030757906112740
64928001-39B4-11E8-BF66-D9AA8AFF4A69	SUBJECT_PROCESS	90139085-37D9-7553-9937-CFE3D375E971	FILE_OBJECT_FILE	EVENT_READ	1523030757906112740
64928001-39B4-11E8-BF66-D9AA8AFF4A69	SUBJECT_PROCESS	90139085-37D9-7553-9937-CFE3D375E971	FILE_OBJECT_FILE	EVENT_READ	1523030757906112740
64928001-39B4-11E8-BF66-D9AA8AFF4A69	SUBJECT_PROCESS	90139085-37D9-7553-9937-CFE3D375E971	FILE_OBJECT_FILE	EVENT_READ	1523030757906112740
64928001-39B4-11E8-BF66-D9AA8AFF4A69	SUBJECT_PROCESS	90139085-37D9-7553-9937-CFE3D375E971	FILE_OBJECT_FILE	EVENT_READ	1523030757906112740
64928001-39B4-11E8-BF66-D9AA8AFF4A69	SUBJECT_PROCESS	90139085-37D9-7553-9937-CFE3D375E971	FILE_OBJECT_FILE	EVENT_READ	1523030757906112740
64928001-39B4-11E8-BF66-D9AA8AFF4A69	SUBJECT_PROCESS	90139085-37D9-7553-9937-CFE3D375E971	FILE_OBJECT_FILE	EVENT_READ	1523030757906112740
64928001-39B4-11E8-BF66-D9AA8AFF4A69	SUBJECT_PROCESS	90139085-37D9-7553-9937-CFE3D375E971	FILE_OBJECT_FILE	EVENT_CLOSE	1523030757906112740
64928001-39B4-11E8-BF66-D9AA8AFF4A69	SUBJECT_PROCESS	9A717117-65ED-675C-AD65-38102C67C832	FILE_OBJECT_FILE	EVENT_OPEN	1523030757906112740
64928001-39B4-11E8-BF66-D9AA8AFF4A69	SUBJECT_PROCESS	9A717117-65ED-675C-AD65-38102C67C832	FILE_OBJECT_FILE	EVENT_CLOSE	1523030757906112740
72FB0406-3678-11E8-BF66-D9AA8AFF4A69	SUBJECT_PROCESS	648751E5-39B4-11E8-BF66-D9AA8AFF4A69	FILE_OBJECT_UNIX_SOCKET	EVENT_CLOSE	1523030758816111173
72FB0406-3678-11E8-BF66-D9AA8AFF4A69	SUBJECT_PROCESS	64875251-39B4-11E8-BF66-D9AA8AFF4A69	FILE_OBJECT_UNIX_SOCKET	EVENT_CLOSE	1523030758816111173
72FB0406-3678-11E8-BF66-D9AA8AFF4A69	SUBJECT_PROCESS	651E67CF-39B4-11E8-BF66-D9AA8AFF4A69	FILE_OBJECT_UNIX_SOCKET	EVENT_CREATE_OBJECT	1523030758816111173
72FB0406-3678-11E8-BF66-D9AA8AFF4A69	SUBJECT_PROCESS	651E6840-39B4-11E8-BF66-D9AA8AFF4A69	FILE_OBJECT_UNIX_SOCKET	EVENT_CREATE_OBJECT	1523030758816111173
72FB0406-3678-11E8-BF66-D9AA8AFF4A69	SUBJECT_PROCESS	651E67CF-39B4-11E8-BF66-D9AA8AFF4A69	FILE_OBJECT_UNIX_SOCKET	EVENT_CLOSE	1523030759806114442
72FB0406-3678-11E8-BF66-D9AA8AFF4A69	SUBJECT_PROCESS	651E6840-39B4-11E8-BF66-D9AA8AFF4A69	FILE_OBJECT_UNIX_SOCKET	EVENT_CLOSE	1523030759806114442
72FB0406-3678-11E8-BF66-D9AA8AFF4A69	SUBJECT_PROCESS	65B56AC6-39B4-11E8-BF66-D9AA8AFF4A69	FILE_OBJECT_UNIX_SOCKET	EVENT_CREATE_OBJECT	1523030759806114442
72FB0406-3678-11E8-BF66-D9AA8AFF4A69	SUBJECT_PROCESS	65B56B6E-39B4-11E8-BF66-D9AA8AFF4A69	FILE_OBJECT_UNIX_SOCKET	EVENT_CREATE_OBJECT	1523030759806114442
72FB0406-3678-11E8-BF66-D9AA8AFF4A69	SUBJECT_PROCESS	65B56AC6-39B4-11E8-BF66-D9AA8AFF4A69	FILE_OBJECT_UNIX_SOCKET	EVENT_CLOSE	1523030760816111932
72FB0406-3678-11E8-BF66-D9AA8AFF4A69	SUBJECT_PROCESS	65B56B6E-39B4-11E8-BF66-D9AA8AFF4A69	FILE_OBJECT_UNIX_SOCKET	EVENT_CLOSE	1523030760816111932
72FB0406-3678-11E8-BF66-D9AA8AFF4A69	SUBJECT_PROCESS	664F7590-39B4-11E8-BF66-D9AA8AFF4A69	FILE_OBJECT_UNIX_SOCKET	EVENT_CREATE_OBJECT	1523030760816111932
72FB0406-3678-11E8-BF66-D9AA8AFF4A69	SUBJECT_PROCESS	664F75F8-39B4-11E8-BF66-D9AA8AFF4A69	FILE_OBJECT_UNIX_SOCKET	EVENT_CREATE_OBJECT	1523030760816111932
72FB0406-3678-11E8-BF66-D9AA8AFF4A69	SUBJECT_PROCESS	664F7590-39B4-11E8-BF66-D9AA8AFF4A69	FILE_OBJECT_UNIX_SOCKET	EVENT_CLOSE	1523030761806112851
72FB0406-3678-11E8-BF66-D9AA8AFF4A69	SUBJECT_PROCESS	664F75F8-39B4-11E8-BF66-D9AA8AFF4A69	FILE_OBJECT_UNIX_SOCKET	EVENT_CLOSE	1523030761806112851
72FB0406-3678-11E8-BF66-D9AA8AFF4A69	SUBJECT_PROCESS	66E688EF-39B4-11E8-BF66-D9AA8AFF4A69	FILE_OBJECT_UNIX_SOCKET	EVENT_CREATE_OBJECT	1523030761806112851
72FB0406-3678-11E8-BF66-D9AA8AFF4A69	SUBJECT_PROCESS	66E6895B-39B4-11E8-BF66-D9AA8AFF4A69	FILE_OBJECT_UNIX_SOCKET	EVENT_CREATE_OBJECT	1523030761806112851
72FB0406-3678-11E8-BF66-D9AA8AFF4A69	SUBJECT_PROCESS	66E688EF-39B4-11E8-BF66-D9AA8AFF4A69	FILE_OBJECT_UNIX_SOCKET	EVENT_CLOSE	1523030762806110040
72FB0406-3678-11E8-BF66-D9AA8AFF4A69	SUBJECT_PROCESS	66E6895B-39B4-11E8-BF66-D9AA8AFF4A69	FILE_OBJECT_UNIX_SOCKET	EVENT_CLOSE	1523030762806110040
72FB0406-3678-11E8-BF66-D9AA8AFF4A69	SUBJECT_PROCESS	677F1D58-39B4-11E8-BF66-D9AA8AFF4A69	FILE_OBJECT_UNIX_SOCKET	EVENT_CREATE_OBJECT	1523030762806110040
72FB0406-3678-11E8-BF66-D9AA8AFF4A69	SUBJECT_PROCESS	677F1DC0-39B4-11E8-BF66-D9AA8AFF4A69	FILE_OBJECT_UNIX_SOCKET	EVENT_CREATE_OBJECT	1523030762806110040
72FB0406-3678-11E8-BF66-D9AA8AFF4A69	SUBJECT_PROCESS	677F1D58-39B4-11E8-BF66-D9AA8AFF4A69	FILE_OBJECT_UNIX_SOCKET	EVENT_CLOSE	1523030763816113711
72FB0406-3678-11E8-BF66-D9AA8AFF4A69	SUBJECT_PROCESS	677F1DC0-39B4-11E8-BF66-D9AA8AFF4A69	FILE_OBJECT_UNIX_SOCKET	EVENT_CLOSE	1523030763816113711
72FB0406-3678-11E8-BF66-D9AA8AFF4A69	SUBJECT_PROCESS	68193B48-39B4-11E8-BF66-D9AA8AFF4A69	FILE_OBJECT_UNIX_SOCKET	EVENT_CREATE_OBJECT	1523030763816113711
72FB0406-3678-11E8-BF66-D9AA8AFF4A69	SUBJECT_PROCESS	68193BAF-39B4-11E8-BF66-D9AA8AFF4A69	FILE_OBJECT_UNIX_SOCKET	EVENT_CREATE_OBJECT	1523030763816113711
72FB0406-3678-11E8-BF66-D9AA8AFF4A69	SUBJECT_PROCESS	68193B48-39B4-11E8-BF66-D9AA8AFF4A69	FILE_OBJECT_UNIX_SOCKET	EVENT_CLOSE	1523030764816110070
72FB0406-3678-11E8-BF66-D9AA8AFF4A69	SUBJECT_PROCESS	68193BAF-39B4-11E8-BF66-D9AA8AFF4A69	FILE_OBJECT_UNIX_SOCKET	EVENT_CLOSE	1523030764816110070
72FB0406-3678-11E8-BF66-D9AA8AFF4A69	SUBJECT_PROCESS	68B1D191-39B4-11E8-BF66-D9AA8AFF4A69	FILE_OBJECT_UNIX_SOCKET	EVENT_CREATE_OBJECT	1523030764816110070
72FB0406-3678-11E8-BF66-D9AA8AFF4A69	SUBJECT_PROCESS	68B1D1F8-39B4-11E8-BF66-D9AA8AFF4A69	FILE_OBJECT_UNIX_SOCKET	EVENT_CREATE_OBJECT	1523030764816110070
64928001-39B4-11E8-BF66-D9AA8AFF4A69	SUBJECT_PROCESS	90139085-37D9-7553-9937-CFE3D375E971	FILE_OBJECT_FILE	EVENT_OPEN	1523030765306109849
64928001-39B4-11E8-BF66-D9AA8AFF4A69	SUBJECT_PROCESS	90139085-37D9-7553-9937-CFE3D375E971	FILE_OBJECT_FILE	EVENT_READ	1523030765306109849
64928001-39B4-11E8-BF66-D9AA8AFF4A69	SUBJECT_PROCESS	90139085-37D9-7553-9937-CFE3D375E971	FILE_OBJECT_FILE	EVENT_READ	1523030765306109849
64928001-39B4-11E8-BF66-D9AA8AFF4A69	SUBJECT_PROCESS	90139085-37D9-7553-9937-CFE3D375E971	FILE_OBJECT_FILE	EVENT_READ	1523030765306109849
64928001-39B4-11E8-BF66-D9AA8AFF4A69	SUBJECT_PROCESS	90139085-37D9-7553-9937-CFE3D375E971	FILE_OBJECT_FILE	EVENT_READ	1523030765306109849
64928001-39B4-11E8-BF66-D9AA8AFF4A69	SUBJECT_PROCESS	90139085-37D9-7553-9937-CFE3D375E971	FILE_OBJECT_FILE	EVENT_READ	1523030765306109849
64928001-39B4-11E8-BF66-D9AA8AFF4A69	SUBJECT_PROCESS	90139085-37D9-7553-9937-CFE3D375E971	FILE_OBJECT_FILE	EVENT_READ	1523030765306109849
64928001-39B4-11E8-BF66-D9AA8AFF4A69	SUBJECT_PROCESS	90139085-37D9-7553-9937-CFE3D375E971	FILE_OBJECT_FILE	EVENT_READ	1523030765306109849
64928001-39B4-11E8-BF66-D9AA8AFF4A69	SUBJECT_PROCESS	90139085-37D9-7553-9937-CFE3D375E971	FILE_OBJECT_FILE	EVENT_READ	1523030765306109849
64928001-39B4-11E8-BF66-D9AA8AFF4A69	SUBJECT_PROCESS	90139085-37D9-7553-9937-CFE3D375E971	FILE_OBJECT_FILE	EVENT_CLOSE	1523030765306109849
64928001-39B4-11E8-BF66-D9AA8AFF4A69	SUBJECT_PROCESS	9A717117-65ED-675C-AD65-38102C67C832	FILE_OBJECT_FILE	EVENT_OPEN	1523030765306109849
64928001-39B4-11E8-BF66-D9AA8AFF4A69	SUBJECT_PROCESS	9A717117-65ED-675C-AD65-38102C67C832	FILE_OBJECT_FILE	EVENT_CLOSE	1523030765306109849
64928001-39B4-11E8-BF66-D9AA8AFF4A69	SUBJECT_PROCESS	D2F3363D-35E6-D75B-A635-64B8ABD7430E	FILE_OBJECT_FILE	EVENT_OPEN	1523030765306109849
64928001-39B4-11E8-BF66-D9AA8AFF4A69	SUBJECT_PROCESS	D2F3363D-35E6-D75B-A635-64B8ABD7430E	FILE_OBJECT_FILE	EVENT_CLOSE	1523030765306109849
64928001-39B4-11E8-BF66-D9AA8AFF4A69	SUBJECT_PROCESS	90139085-37D9-7553-9937-CFE3D375E971	FILE_OBJECT_FILE	EVENT_OPEN	1523030765306109849
64928001-39B4-11E8-BF66-D9AA8AFF4A69	SUBJECT_PROCESS	90139085-37D9-7553-9937-CFE3D375E971	FILE_OBJECT_FILE	EVENT_READ	1523030765316110490
64928001-39B4-11E8-BF66-D9AA8AFF4A69	SUBJECT_PROCESS	90139085-37D9-7553-9937-CFE3D375E971	FILE_OBJECT_FILE	EVENT_READ	1523030765316110490
64928001-39B4-11E8-BF66-D9AA8AFF4A69	SUBJECT_PROCESS	90139085-37D9-7553-9937-CFE3D375E971	FILE_OBJECT_FILE	EVENT_READ	1523030765316110490
64928001-39B4-11E8-BF66-D9AA8AFF4A69	SUBJECT_PROCESS	90139085-37D9-7553-9937-CFE3D375E971	FILE_OBJECT_FILE	EVENT_READ	1523030765316110490
64928001-39B4-11E8-BF66-D9AA8AFF4A69	SUBJECT_PROCESS	90139085-37D9-7553-9937-CFE3D375E971	FILE_OBJECT_FILE	EVENT_READ	1523030765316110490
64928001-39B4-11E8-BF66-D9AA8AFF4A69	SUBJECT_PROCESS	90139085-37D9-7553-9937-CFE3D375E971	FILE_OBJECT_FILE	EVENT_READ	1523030765316110490
64928001-39B4-11E8-BF66-D9AA8AFF4A69	SUBJECT_PROCESS	90139085-37D9-7553-9937-CFE3D375E971	FILE_OBJECT_FILE	EVENT_READ	1523030765316110490
64928001-39B4-11E8-BF66-D9AA8AFF4A69	SUBJECT_PROCESS	90139085-37D9-7553-9937-CFE3D375E971	FILE_OBJECT_FILE	EVENT_READ	1523030765316110490
64928001-39B4-11E8-BF66-D9AA8AFF4A69	SUBJECT_PROCESS	90139085-37D9-7553-9937-CFE3D375E971	FILE_OBJECT_FILE	EVENT_CLOSE	1523030765316110490
64928001-39B4-11E8-BF66-D9AA8AFF4A69	SUBJECT_PROCESS	9A717117-65ED-675C-AD65-38102C67C832	FILE_OBJECT_FILE	EVENT_OPEN	1523030765316110490
64928001-39B4-11E8-BF66-D9AA8AFF4A69	SUBJECT_PROCESS	9A717117-65ED-675C-AD65-38102C67C832	FILE_OBJECT_FILE	EVENT_CLOSE	1523030765316110490
64928001-39B4-11E8-BF66-D9AA8AFF4A69	SUBJECT_PROCESS	64928001-39B4-11E8-BF66-D9AA8AFF4A69	SUBJECT_PROCESS	EVENT_EXIT	1523030765316110490
6472B002-39B4-11E8-BF66-D9AA8AFF4A69	SUBJECT_PROCESS	64926131-39B4-11E8-BF66-D9AA8AFF4A69	FILE_OBJECT_UNIX_SOCKET	EVENT_CLOSE	1523030765316110490
647C0A6E-39B4-11E8-BF66-D9AA8AFF4A69	SUBJECT_PROCESS	647C0A6E-39B4-11E8-BF66-D9AA8AFF4A69	SUBJECT_PROCESS	EVENT_EXIT	1523030765316110490
6472B002-39B4-11E8-BF66-D9AA8AFF4A69	SUBJECT_PROCESS	68FEB2CC-39B4-11E8-BF66-D9AA8AFF4A69	FILE_OBJECT_UNIX_SOCKET	EVENT_CONNECT	1523030765316110490
6472B002-39B4-11E8-BF66-D9AA8AFF4A69	SUBJECT_PROCESS	68FEB2CC-39B4-11E8-BF66-D9AA8AFF4A69	FILE_OBJECT_UNIX_SOCKET	EVENT_SENDTO	1523030765316110490
70C1D4CB-3678-11E8-BF66-D9AA8AFF4A69	SUBJECT_PROCESS	70C1A076-3678-11E8-BF66-D9AA8AFF4A69	FILE_OBJECT_UNIX_SOCKET	EVENT_RECVFROM	1523030765316110490
6472B002-39B4-11E8-BF66-D9AA8AFF4A69	SUBJECT_PROCESS	68FEB2CC-39B4-11E8-BF66-D9AA8AFF4A69	FILE_OBJECT_UNIX_SOCKET	EVENT_CLOSE	1523030765316110490
6472B002-39B4-11E8-BF66-D9AA8AFF4A69	SUBJECT_PROCESS	A315872D-1E33-56AC-8BA4-15DFA9A3107C	UnnamedPipeObject	EVENT_CLOSE	1523030765316110490
6472B002-39B4-11E8-BF66-D9AA8AFF4A69	SUBJECT_PROCESS	647BB275-39B4-11E8-BF66-D9AA8AFF4A69	FILE_OBJECT_UNIX_SOCKET	EVENT_CLOSE	1523030765316110490
6472B002-39B4-11E8-BF66-D9AA8AFF4A69	SUBJECT_PROCESS	6C6363C0-07E3-553A-A24C-44AEF178A1EA	UnnamedPipeObject	EVENT_CLOSE	1523030765316110490
73196676-3678-11E8-BF66-D9AA8AFF4A69	SUBJECT_PROCESS	6C6363C0-07E3-553A-A24C-44AEF178A1EA	UnnamedPipeObject	EVENT_CLOSE	1523030765316110490
6472B002-39B4-11E8-BF66-D9AA8AFF4A69	SUBJECT_PROCESS	058D90AF-CC44-D350-84CC-E6E4D0D347EF	FILE_OBJECT_FILE	EVENT_OPEN	1523030765316110490
6472B002-39B4-11E8-BF66-D9AA8AFF4A69	SUBJECT_PROCESS	F3F6F958-D0DE-5D53-9ED0-ABC1E35DB8AE	FILE_OBJECT_FILE	EVENT_OPEN	1523030765316110490
6472B002-39B4-11E8-BF66-D9AA8AFF4A69	SUBJECT_PROCESS	F3F6F958-D0DE-5D53-9ED0-ABC1E35DB8AE	FILE_OBJECT_FILE	EVENT_LSEEK	1523030765316110490
6472B002-39B4-11E8-BF66-D9AA8AFF4A69	SUBJECT_PROCESS	32C07EBF-8D99-AB5A-998D-929D2AAB5568	FILE_OBJECT_FILE	EVENT_OPEN	1523030765326111681
6472B002-39B4-11E8-BF66-D9AA8AFF4A69	SUBJECT_PROCESS	058D90AF-CC44-D350-84CC-E6E4D0D347EF	FILE_OBJECT_FILE	EVENT_LSEEK	1523030765326111681
6472B002-39B4-11E8-BF66-D9AA8AFF4A69	SUBJECT_PROCESS	058D90AF-CC44-D350-84CC-E6E4D0D347EF	FILE_OBJECT_FILE	EVENT_LSEEK	1523030765326111681
6472B002-39B4-11E8-BF66-D9AA8AFF4A69	SUBJECT_PROCESS	32C07EBF-8D99-AB5A-998D-929D2AAB5568	FILE_OBJECT_FILE	EVENT_CLOSE	1523030765326111681
6472B002-39B4-11E8-BF66-D9AA8AFF4A69	SUBJECT_PROCESS	32C07EBF-8D99-AB5A-998D-929D2AAB5568	FILE_OBJECT_FILE	EVENT_OPEN	1523030765326111681
6472B002-39B4-11E8-BF66-D9AA8AFF4A69	SUBJECT_PROCESS	767C6D99-794C-2B59-8C79-4217D92B2389	FILE_OBJECT_FILE	EVENT_OPEN	1523030765326111681
6472B002-39B4-11E8-BF66-D9AA8AFF4A69	SUBJECT_PROCESS	F3F6F958-D0DE-5D53-9ED0-ABC1E35DB8AE	FILE_OBJECT_FILE	EVENT_LSEEK	1523030765326111681
6472B002-39B4-11E8-BF66-D9AA8AFF4A69	SUBJECT_PROCESS	F3F6F958-D0DE-5D53-9ED0-ABC1E35DB8AE	FILE_OBJECT_FILE	EVENT_LSEEK	1523030765326111681
6472B002-39B4-11E8-BF66-D9AA8AFF4A69	SUBJECT_PROCESS	767C6D99-794C-2B59-8C79-4217D92B2389	FILE_OBJECT_FILE	EVENT_LSEEK	1523030765326111681
6472B002-39B4-11E8-BF66-D9AA8AFF4A69	SUBJECT_PROCESS	767C6D99-794C-2B59-8C79-4217D92B2389	FILE_OBJECT_FILE	EVENT_LSEEK	1523030765326111681
6472B002-39B4-11E8-BF66-D9AA8AFF4A69	SUBJECT_PROCESS	F3F6F958-D0DE-5D53-9ED0-ABC1E35DB8AE	FILE_OBJECT_FILE	EVENT_LSEEK	1523030765326111681
6472B002-39B4-11E8-BF66-D9AA8AFF4A69	SUBJECT_PROCESS	F3F6F958-D0DE-5D53-9ED0-ABC1E35DB8AE	FILE_OBJECT_FILE	EVENT_LSEEK	1523030765326111681
6472B002-39B4-11E8-BF66-D9AA8AFF4A69	SUBJECT_PROCESS	6900D029-39B4-11E8-BF66-D9AA8AFF4A69	FILE_OBJECT_UNIX_SOCKET	EVENT_CREATE_OBJECT	1523030765326111681
6472B002-39B4-11E8-BF66-D9AA8AFF4A69	SUBJECT_PROCESS	6900D0A0-39B4-11E8-BF66-D9AA8AFF4A69	FILE_OBJECT_UNIX_SOCKET	EVENT_CREATE_OBJECT	1523030765326111681
6472B002-39B4-11E8-BF66-D9AA8AFF4A69	SUBJECT_PROCESS	69010BE1-39B4-11E8-BF66-D9AA8AFF4A69	SUBJECT_PROCESS	EVENT_FORK	1523030765336114942
69010BE1-39B4-11E8-BF66-D9AA8AFF4A69	SUBJECT_PROCESS	69010BE1-39B4-11E8-BF66-D9AA8AFF4A69	SUBJECT_PROCESS	EVENT_CHANGE_PRINCIPAL	1523030765336114942
69010BE1-39B4-11E8-BF66-D9AA8AFF4A69	SUBJECT_PROCESS	308E149F-F225-9859-A5F2-8C9BB9983D48	FILE_OBJECT_FILE	EVENT_OPEN	1523030765336114942
69010BE1-39B4-11E8-BF66-D9AA8AFF4A69	SUBJECT_PROCESS	308E149F-F225-9859-A5F2-8C9BB9983D48	FILE_OBJECT_FILE	EVENT_LSEEK	1523030765336114942
69010BE1-39B4-11E8-BF66-D9AA8AFF4A69	SUBJECT_PROCESS	308E149F-F225-9859-A5F2-8C9BB9983D48	FILE_OBJECT_FILE	EVENT_LSEEK	1523030765336114942
69010BE1-39B4-11E8-BF66-D9AA8AFF4A69	SUBJECT_PROCESS	308E149F-F225-9859-A5F2-8C9BB9983D48	FILE_OBJECT_FILE	EVENT_CLOSE	1523030765336114942
69010BE1-39B4-11E8-BF66-D9AA8AFF4A69	SUBJECT_PROCESS	69010BE1-39B4-11E8-BF66-D9AA8AFF4A69	SUBJECT_PROCESS	EVENT_MODIFY_PROCESS	1523030765336114942
69010BE1-39B4-11E8-BF66-D9AA8AFF4A69	SUBJECT_PROCESS	69010BE1-39B4-11E8-BF66-D9AA8AFF4A69	SUBJECT_PROCESS	EVENT_MODIFY_PROCESS	1523030765336114942
69010BE1-39B4-11E8-BF66-D9AA8AFF4A69	SUBJECT_PROCESS	69010BE1-39B4-11E8-BF66-D9AA8AFF4A69	SUBJECT_PROCESS	EVENT_CHANGE_PRINCIPAL	1523030765336114942
69010BE1-39B4-11E8-BF66-D9AA8AFF4A69	SUBJECT_PROCESS	69010BE1-39B4-11E8-BF66-D9AA8AFF4A69	SUBJECT_PROCESS	EVENT_CHANGE_PRINCIPAL	1523030765336114942
69010BE1-39B4-11E8-BF66-D9AA8AFF4A69	SUBJECT_PROCESS	69010BE1-39B4-11E8-BF66-D9AA8AFF4A69	SUBJECT_PROCESS	EVENT_CHANGE_PRINCIPAL	1523030765336114942
69010BE1-39B4-11E8-BF66-D9AA8AFF4A69	SUBJECT_PROCESS	82491A72-211A-CD54-9A21-EB0524CD87FF	FILE_OBJECT_FILE	EVENT_OPEN	1523030765336114942
69010BE1-39B4-11E8-BF66-D9AA8AFF4A69	SUBJECT_PROCESS	82491A72-211A-CD54-9A21-EB0524CD87FF	FILE_OBJECT_FILE	EVENT_CLOSE	1523030765346121293
69010BE1-39B4-11E8-BF66-D9AA8AFF4A69	SUBJECT_PROCESS	9A717117-65ED-675C-AD65-38102C67C832	FILE_OBJECT_FILE	EVENT_OPEN	1523030765356110633
69010BE1-39B4-11E8-BF66-D9AA8AFF4A69	SUBJECT_PROCESS	9A717117-65ED-675C-AD65-38102C67C832	FILE_OBJECT_FILE	EVENT_CLOSE	1523030765356110633
69010BE1-39B4-11E8-BF66-D9AA8AFF4A69	SUBJECT_PROCESS	69010BE1-39B4-11E8-BF66-D9AA8AFF4A69	SUBJECT_PROCESS	EVENT_CHANGE_PRINCIPAL	1523030765356110633
69010BE1-39B4-11E8-BF66-D9AA8AFF4A69	SUBJECT_PROCESS	69010BE1-39B4-11E8-BF66-D9AA8AFF4A69	SUBJECT_PROCESS	EVENT_CHANGE_PRINCIPAL	1523030765356110633
69010BE1-39B4-11E8-BF66-D9AA8AFF4A69	SUBJECT_PROCESS	69010BE1-39B4-11E8-BF66-D9AA8AFF4A69	SUBJECT_PROCESS	EVENT_MODIFY_PROCESS	1523030765356110633
69010BE1-39B4-11E8-BF66-D9AA8AFF4A69	SUBJECT_PROCESS	69010BE1-39B4-11E8-BF66-D9AA8AFF4A69	SUBJECT_PROCESS	EVENT_CHANGE_PRINCIPAL	1523030765356110633
69010BE1-39B4-11E8-BF66-D9AA8AFF4A69	SUBJECT_PROCESS	69010BE1-39B4-11E8-BF66-D9AA8AFF4A69	SUBJECT_PROCESS	EVENT_CHANGE_PRINCIPAL	1523030765356110633
69010BE1-39B4-11E8-BF66-D9AA8AFF4A69	SUBJECT_PROCESS	82491A72-211A-CD54-9A21-EB0524CD87FF	FILE_OBJECT_FILE	EVENT_OPEN	1523030765356110633
69010BE1-39B4-11E8-BF66-D9AA8AFF4A69	SUBJECT_PROCESS	82491A72-211A-CD54-9A21-EB0524CD87FF	FILE_OBJECT_FILE	EVENT_CLOSE	1523030765356110633
69010BE1-39B4-11E8-BF66-D9AA8AFF4A69	SUBJECT_PROCESS	9A717117-65ED-675C-AD65-38102C67C832	FILE_OBJECT_FILE	EVENT_OPEN	1523030765356110633
69010BE1-39B4-11E8-BF66-D9AA8AFF4A69	SUBJECT_PROCESS	9A717117-65ED-675C-AD65-38102C67C832	FILE_OBJECT_FILE	EVENT_CLOSE	1523030765356110633
69010BE1-39B4-11E8-BF66-D9AA8AFF4A69	SUBJECT_PROCESS	69010BE1-39B4-11E8-BF66-D9AA8AFF4A69	SUBJECT_PROCESS	EVENT_CHANGE_PRINCIPAL	1523030765356110633
69010BE1-39B4-11E8-BF66-D9AA8AFF4A69	SUBJECT_PROCESS	69010BE1-39B4-11E8-BF66-D9AA8AFF4A69	SUBJECT_PROCESS	EVENT_CHANGE_PRINCIPAL	1523030765356110633
69010BE1-39B4-11E8-BF66-D9AA8AFF4A69	SUBJECT_PROCESS	69010BE1-39B4-11E8-BF66-D9AA8AFF4A69	SUBJECT_PROCESS	EVENT_MODIFY_PROCESS	1523030765356110633
69010BE1-39B4-11E8-BF66-D9AA8AFF4A69	SUBJECT_PROCESS	C236C056-33DF-57A2-A50F-04EC62A00BB3	UnnamedPipeObject	EVENT_CREATE_OBJECT	1523030765356110633
69010BE1-39B4-11E8-BF66-D9AA8AFF4A69	SUBJECT_PROCESS	C236C056-33DF-57A2-A50F-04EC62A00BB3	UnnamedPipeObject	EVENT_FCNTL	1523030765366113204
69010BE1-39B4-11E8-BF66-D9AA8AFF4A69	SUBJECT_PROCESS	C236C056-33DF-57A2-A50F-04EC62A00BB3	UnnamedPipeObject	EVENT_FCNTL	1523030765366113204
708B08C1-3678-11E8-BF66-D9AA8AFF4A69	SUBJECT_PROCESS	E393303B-721F-8457-9F72-2DA477847B65	FILE_OBJECT_FILE	EVENT_READ	1523030765406111637
708B08C1-3678-11E8-BF66-D9AA8AFF4A69	SUBJECT_PROCESS	746D09EF-3678-11E8-BF66-D9AA8AFF4A69	FILE_OBJECT_UNIX_SOCKET	EVENT_SENDTO	1523030765406111637
6472B002-39B4-11E8-BF66-D9AA8AFF4A69	SUBJECT_PROCESS	64EE4B93-8566-E751-A685-83EDE1E76E1A	FILE_OBJECT_FILE	EVENT_OPEN	1523030765406111637
70C1D4CB-3678-11E8-BF66-D9AA8AFF4A69	SUBJECT_PROCESS	70C1A076-3678-11E8-BF66-D9AA8AFF4A69	FILE_OBJECT_UNIX_SOCKET	EVENT_RECVFROM	1523030765406111637
708B08C1-3678-11E8-BF66-D9AA8AFF4A69	SUBJECT_PROCESS	746D09EF-3678-11E8-BF66-D9AA8AFF4A69	FILE_OBJECT_UNIX_SOCKET	EVENT_SENDTO	1523030765406111637
708B08C1-3678-11E8-BF66-D9AA8AFF4A69	SUBJECT_PROCESS	746D09EF-3678-11E8-BF66-D9AA8AFF4A69	FILE_OBJECT_UNIX_SOCKET	EVENT_SENDTO	1523030765406111637
6472B002-39B4-11E8-BF66-D9AA8AFF4A69	SUBJECT_PROCESS	308E149F-F225-9859-A5F2-8C9BB9983D48	FILE_OBJECT_FILE	EVENT_OPEN	1523030765406111637
70C1D4CB-3678-11E8-BF66-D9AA8AFF4A69	SUBJECT_PROCESS	70C1A076-3678-11E8-BF66-D9AA8AFF4A69	FILE_OBJECT_UNIX_SOCKET	EVENT_RECVFROM	1523030765406111637
708B08C1-3678-11E8-BF66-D9AA8AFF4A69	SUBJECT_PROCESS	746D09EF-3678-11E8-BF66-D9AA8AFF4A69	FILE_OBJECT_UNIX_SOCKET	EVENT_SENDTO	1523030765406111637
70C1D4CB-3678-11E8-BF66-D9AA8AFF4A69	SUBJECT_PROCESS	70C1A076-3678-11E8-BF66-D9AA8AFF4A69	FILE_OBJECT_UNIX_SOCKET	EVENT_RECVFROM	1523030765406111637
6472B002-39B4-11E8-BF66-D9AA8AFF4A69	SUBJECT_PROCESS	308E149F-F225-9859-A5F2-8C9BB9983D48	FILE_OBJECT_FILE	EVENT_LSEEK	1523030765406111637
70C1D4CB-3678-11E8-BF66-D9AA8AFF4A69	SUBJECT_PROCESS	70C1A076-3678-11E8-BF66-D9AA8AFF4A69	FILE_OBJECT_UNIX_SOCKET	EVENT_RECVFROM	1523030765406111637
6472B002-39B4-11E8-BF66-D9AA8AFF4A69	SUBJECT_PROCESS	308E149F-F225-9859-A5F2-8C9BB9983D48	FILE_OBJECT_FILE	EVENT_LSEEK	1523030765406111637
6472B002-39B4-11E8-BF66-D9AA8AFF4A69	SUBJECT_PROCESS	308E149F-F225-9859-A5F2-8C9BB9983D48	FILE_OBJECT_FILE	EVENT_CLOSE	1523030765406111637
6472B002-39B4-11E8-BF66-D9AA8AFF4A69	SUBJECT_PROCESS	64EE4B93-8566-E751-A685-83EDE1E76E1A	FILE_OBJECT_FILE	EVENT_MODIFY_FILE_ATTRIBUTES	1523030765406111637
6472B002-39B4-11E8-BF66-D9AA8AFF4A69	SUBJECT_PROCESS	90139085-37D9-7553-9937-CFE3D375E971	FILE_OBJECT_FILE	EVENT_OPEN	1523030765406111637
6472B002-39B4-11E8-BF66-D9AA8AFF4A69	SUBJECT_PROCESS	90139085-37D9-7553-9937-CFE3D375E971	FILE_OBJECT_FILE	EVENT_READ	1523030765406111637
6472B002-39B4-11E8-BF66-D9AA8AFF4A69	SUBJECT_PROCESS	90139085-37D9-7553-9937-CFE3D375E971	FILE_OBJECT_FILE	EVENT_READ	1523030765406111637
6472B002-39B4-11E8-BF66-D9AA8AFF4A69	SUBJECT_PROCESS	90139085-37D9-7553-9937-CFE3D375E971	FILE_OBJECT_FILE	EVENT_READ	1523030765406111637
6472B002-39B4-11E8-BF66-D9AA8AFF4A69	SUBJECT_PROCESS	90139085-37D9-7553-9937-CFE3D375E971	FILE_OBJECT_FILE	EVENT_READ	1523030765406111637
6472B002-39B4-11E8-BF66-D9AA8AFF4A69	SUBJECT_PROCESS	90139085-37D9-7553-9937-CFE3D375E971	FILE_OBJECT_FILE	EVENT_READ	1523030765406111637
6472B002-39B4-11E8-BF66-D9AA8AFF4A69	SUBJECT_PROCESS	90139085-37D9-7553-9937-CFE3D375E971	FILE_OBJECT_FILE	EVENT_READ	1523030765406111637
6472B002-39B4-11E8-BF66-D9AA8AFF4A69	SUBJECT_PROCESS	90139085-37D9-7553-9937-CFE3D375E971	FILE_OBJECT_FILE	EVENT_READ	1523030765406111637
6472B002-39B4-11E8-BF66-D9AA8AFF4A69	SUBJECT_PROCESS	90139085-37D9-7553-9937-CFE3D375E971	FILE_OBJECT_FILE	EVENT_READ	1523030765406111637
6472B002-39B4-11E8-BF66-D9AA8AFF4A69	SUBJECT_PROCESS	90139085-37D9-7553-9937-CFE3D375E971	FILE_OBJECT_FILE	EVENT_CLOSE	1523030765406111637
6472B002-39B4-11E8-BF66-D9AA8AFF4A69	SUBJECT_PROCESS	D121F3CE-C10B-C454-8BC1-E1F254C4DD1D	FILE_OBJECT_FILE	EVENT_OPEN	1523030765406111637
6472B002-39B4-11E8-BF66-D9AA8AFF4A69	SUBJECT_PROCESS	D121F3CE-C10B-C454-8BC1-E1F254C4DD1D	FILE_OBJECT_FILE	EVENT_CLOSE	1523030765406111637
6472B002-39B4-11E8-BF66-D9AA8AFF4A69	SUBJECT_PROCESS	90139085-37D9-7553-9937-CFE3D375E971	FILE_OBJECT_FILE	EVENT_OPEN	1523030765406111637
6472B002-39B4-11E8-BF66-D9AA8AFF4A69	SUBJECT_PROCESS	90139085-37D9-7553-9937-CFE3D375E971	FILE_OBJECT_FILE	EVENT_READ	1523030765406111637
6472B002-39B4-11E8-BF66-D9AA8AFF4A69	SUBJECT_PROCESS	90139085-37D9-7553-9937-CFE3D375E971	FILE_OBJECT_FILE	EVENT_READ	1523030765416111898
6472B002-39B4-11E8-BF66-D9AA8AFF4A69	SUBJECT_PROCESS	90139085-37D9-7553-9937-CFE3D375E971	FILE_OBJECT_FILE	EVENT_READ	1523030765416111898
6472B002-39B4-11E8-BF66-D9AA8AFF4A69	SUBJECT_PROCESS	90139085-37D9-7553-9937-CFE3D375E971	FILE_OBJECT_FILE	EVENT_READ	1523030765416111898
6472B002-39B4-11E8-BF66-D9AA8AFF4A69	SUBJECT_PROCESS	90139085-37D9-7553-9937-CFE3D375E971	FILE_OBJECT_FILE	EVENT_READ	1523030765416111898
6472B002-39B4-11E8-BF66-D9AA8AFF4A69	SUBJECT_PROCESS	90139085-37D9-7553-9937-CFE3D375E971	FILE_OBJECT_FILE	EVENT_READ	1523030765416111898
6472B002-39B4-11E8-BF66-D9AA8AFF4A69	SUBJECT_PROCESS	90139085-37D9-7553-9937-CFE3D375E971	FILE_OBJECT_FILE	EVENT_READ	1523030765416111898
6472B002-39B4-11E8-BF66-D9AA8AFF4A69	SUBJECT_PROCESS	90139085-37D9-7553-9937-CFE3D375E971	FILE_OBJECT_FILE	EVENT_READ	1523030765416111898
6472B002-39B4-11E8-BF66-D9AA8AFF4A69	SUBJECT_PROCESS	90139085-37D9-7553-9937-CFE3D375E971	FILE_OBJECT_FILE	EVENT_CLOSE	1523030765416111898
6472B002-39B4-11E8-BF66-D9AA8AFF4A69	SUBJECT_PROCESS	77E09D96-956C-9252-AC95-ABDF22923EF9	FILE_OBJECT_FILE	EVENT_OPEN	1523030765416111898
6472B002-39B4-11E8-BF66-D9AA8AFF4A69	SUBJECT_PROCESS	77E09D96-956C-9252-AC95-ABDF22923EF9	FILE_OBJECT_FILE	EVENT_OPEN	1523030765416111898
6472B002-39B4-11E8-BF66-D9AA8AFF4A69	SUBJECT_PROCESS	77E09D96-956C-9252-AC95-ABDF22923EF9	FILE_OBJECT_FILE	EVENT_LSEEK	1523030765416111898
6472B002-39B4-11E8-BF66-D9AA8AFF4A69	SUBJECT_PROCESS	77E09D96-956C-9252-AC95-ABDF22923EF9	FILE_OBJECT_FILE	EVENT_LSEEK	1523030765416111898
6472B002-39B4-11E8-BF66-D9AA8AFF4A69	SUBJECT_PROCESS	77E09D96-956C-9252-AC95-ABDF22923EF9	FILE_OBJECT_FILE	EVENT_CLOSE	1523030765416111898
6472B002-39B4-11E8-BF66-D9AA8AFF4A69	SUBJECT_PROCESS	D121F3CE-C10B-C454-8BC1-E1F254C4DD1D	FILE_OBJECT_FILE	EVENT_OPEN	1523030765416111898
6472B002-39B4-11E8-BF66-D9AA8AFF4A69	SUBJECT_PROCESS	D121F3CE-C10B-C454-8BC1-E1F254C4DD1D	FILE_OBJECT_FILE	EVENT_LSEEK	1523030765416111898
6472B002-39B4-11E8-BF66-D9AA8AFF4A69	SUBJECT_PROCESS	D121F3CE-C10B-C454-8BC1-E1F254C4DD1D	FILE_OBJECT_FILE	EVENT_LSEEK	1523030765416111898
6472B002-39B4-11E8-BF66-D9AA8AFF4A69	SUBJECT_PROCESS	D121F3CE-C10B-C454-8BC1-E1F254C4DD1D	FILE_OBJECT_FILE	EVENT_CLOSE	1523030765416111898
6472B002-39B4-11E8-BF66-D9AA8AFF4A69	SUBJECT_PROCESS	AAB4423F-1F2E-F053-AE1F-0B5FF3F000B5	FILE_OBJECT_FILE	EVENT_OPEN	1523030765416111898
6472B002-39B4-11E8-BF66-D9AA8AFF4A69	SUBJECT_PROCESS	AAB4423F-1F2E-F053-AE1F-0B5FF3F000B5	FILE_OBJECT_FILE	EVENT_WRITE	1523030765416111898
6472B002-39B4-11E8-BF66-D9AA8AFF4A69	SUBJECT_PROCESS	AAB4423F-1F2E-F053-AE1F-0B5FF3F000B5	FILE_OBJECT_FILE	EVENT_CLOSE	1523030765416111898
6472B002-39B4-11E8-BF66-D9AA8AFF4A69	SUBJECT_PROCESS	77E09D96-956C-9252-AC95-ABDF22923EF9	FILE_OBJECT_FILE	EVENT_CLOSE	1523030765416111898
6472B002-39B4-11E8-BF66-D9AA8AFF4A69	SUBJECT_PROCESS	64EE4B93-8566-E751-A685-83EDE1E76E1A	FILE_OBJECT_FILE	EVENT_CLOSE	1523030765416111898
6472B002-39B4-11E8-BF66-D9AA8AFF4A69	SUBJECT_PROCESS	6900D0A0-39B4-11E8-BF66-D9AA8AFF4A69	FILE_OBJECT_UNIX_SOCKET	EVENT_SENDMSG	1523030765416111898
69010BE1-39B4-11E8-BF66-D9AA8AFF4A69	SUBJECT_PROCESS	6900D029-39B4-11E8-BF66-D9AA8AFF4A69	FILE_OBJECT_UNIX_SOCKET	EVENT_RECVMSG	1523030765416111898
6472B002-39B4-11E8-BF66-D9AA8AFF4A69	SUBJECT_PROCESS	6900D0A0-39B4-11E8-BF66-D9AA8AFF4A69	FILE_OBJECT_UNIX_SOCKET	EVENT_SENDMSG	1523030765416111898
69010BE1-39B4-11E8-BF66-D9AA8AFF4A69	SUBJECT_PROCESS	6900D029-39B4-11E8-BF66-D9AA8AFF4A69	FILE_OBJECT_UNIX_SOCKET	EVENT_RECVMSG	1523030765416111898
6472B002-39B4-11E8-BF66-D9AA8AFF4A69	SUBJECT_PROCESS	1633500B-D34B-8058-8BD3-ABB7D880915E	FILE_OBJECT_FILE	EVENT_OPEN	1523030765416111898
6472B002-39B4-11E8-BF66-D9AA8AFF4A69	SUBJECT_PROCESS	64EE4B93-8566-E751-A685-83EDE1E76E1A	FILE_OBJECT_FILE	EVENT_CLOSE	1523030765416111898
69010BE1-39B4-11E8-BF66-D9AA8AFF4A69	SUBJECT_PROCESS	690EAD77-39B4-11E8-BF66-D9AA8AFF4A69	SUBJECT_PROCESS	EVENT_FORK	1523030765426113629
69010BE1-39B4-11E8-BF66-D9AA8AFF4A69	SUBJECT_PROCESS	64EE4B93-8566-E751-A685-83EDE1E76E1A	FILE_OBJECT_FILE	EVENT_CLOSE	1523030765426113629
690EAD77-39B4-11E8-BF66-D9AA8AFF4A69	SUBJECT_PROCESS	64EE4B93-8566-E751-A685-83EDE1E76E1A	FILE_OBJECT_FILE	EVENT_OPEN	1523030765426113629
690EAD77-39B4-11E8-BF66-D9AA8AFF4A69	SUBJECT_PROCESS	64EE4B93-8566-E751-A685-83EDE1E76E1A	FILE_OBJECT_FILE	EVENT_CLOSE	1523030765426113629
690EAD77-39B4-11E8-BF66-D9AA8AFF4A69	SUBJECT_PROCESS	64EE4B93-8566-E751-A685-83EDE1E76E1A	FILE_OBJECT_FILE	EVENT_OPEN	1523030765426113629
69010BE1-39B4-11E8-BF66-D9AA8AFF4A69	SUBJECT_PROCESS	64EE4B93-8566-E751-A685-83EDE1E76E1A	FILE_OBJECT_FILE	EVENT_FCNTL	1523030765426113629
690EAD77-39B4-11E8-BF66-D9AA8AFF4A69	SUBJECT_PROCESS	64EE4B93-8566-E751-A685-83EDE1E76E1A	FILE_OBJECT_FILE	EVENT_CLOSE	1523030765426113629
690EAD77-39B4-11E8-BF66-D9AA8AFF4A69	SUBJECT_PROCESS	64EE4B93-8566-E751-A685-83EDE1E76E1A	FILE_OBJECT_FILE	EVENT_CLOSE	1523030765426113629
690EAD77-39B4-11E8-BF66-D9AA8AFF4A69	SUBJECT_PROCESS	506A2039-9585-C351-8595-820A01C3D5D9	FILE_OBJECT_FILE	EVENT_OPEN	1523030765426113629
690EAD77-39B4-11E8-BF66-D9AA8AFF4A69	SUBJECT_PROCESS	506A2039-9585-C351-8595-820A01C3D5D9	FILE_OBJECT_FILE	EVENT_CLOSE	1523030765426113629
690EAD77-39B4-11E8-BF66-D9AA8AFF4A69	SUBJECT_PROCESS	690EAD77-39B4-11E8-BF66-D9AA8AFF4A69	SUBJECT_PROCESS	EVENT_CHANGE_PRINCIPAL	1523030765426113629
690EAD77-39B4-11E8-BF66-D9AA8AFF4A69	SUBJECT_PROCESS	690EAD77-39B4-11E8-BF66-D9AA8AFF4A69	SUBJECT_PROCESS	EVENT_CHANGE_PRINCIPAL	1523030765426113629
690EAD77-39B4-11E8-BF66-D9AA8AFF4A69	SUBJECT_PROCESS	82491A72-211A-CD54-9A21-EB0524CD87FF	FILE_OBJECT_FILE	EVENT_OPEN	1523030765426113629
690EAD77-39B4-11E8-BF66-D9AA8AFF4A69	SUBJECT_PROCESS	82491A72-211A-CD54-9A21-EB0524CD87FF	FILE_OBJECT_FILE	EVENT_CLOSE	1523030765426113629
690EAD77-39B4-11E8-BF66-D9AA8AFF4A69	SUBJECT_PROCESS	9A717117-65ED-675C-AD65-38102C67C832	FILE_OBJECT_FILE	EVENT_OPEN	1523030765426113629
690EAD77-39B4-11E8-BF66-D9AA8AFF4A69	SUBJECT_PROCESS	9A717117-65ED-675C-AD65-38102C67C832	FILE_OBJECT_FILE	EVENT_CLOSE	1523030765426113629
690EAD77-39B4-11E8-BF66-D9AA8AFF4A69	SUBJECT_PROCESS	690EAD77-39B4-11E8-BF66-D9AA8AFF4A69	SUBJECT_PROCESS	EVENT_CHANGE_PRINCIPAL	1523030765426113629
690EAD77-39B4-11E8-BF66-D9AA8AFF4A69	SUBJECT_PROCESS	690EAD77-39B4-11E8-BF66-D9AA8AFF4A69	SUBJECT_PROCESS	EVENT_CHANGE_PRINCIPAL	1523030765426113629
690EAD77-39B4-11E8-BF66-D9AA8AFF4A69	SUBJECT_PROCESS	767C6D99-794C-2B59-8C79-4217D92B2389	FILE_OBJECT_FILE	EVENT_CLOSE	1523030765426113629
690EAD77-39B4-11E8-BF66-D9AA8AFF4A69	SUBJECT_PROCESS	690EAD77-39B4-11E8-BF66-D9AA8AFF4A69	SUBJECT_PROCESS	EVENT_MODIFY_PROCESS	1523030765436114380
690EAD77-39B4-11E8-BF66-D9AA8AFF4A69	SUBJECT_PROCESS	BBD8EFE8-D64E-A651-8ED6-037AB1A6F528	FILE_OBJECT_FILE	EVENT_MODIFY_PROCESS	1523030765436114380
690EAD77-39B4-11E8-BF66-D9AA8AFF4A69	SUBJECT_PROCESS	BCD81D8F-ED2A-D652-AAED-415912D66A14	FILE_OBJECT_FILE	EVENT_EXECUTE	1523030765436114380
690EAD77-39B4-11E8-BF66-D9AA8AFF4A69	SUBJECT_PROCESS	7A350F75-9945-425D-8599-15CEBD426F06	FILE_OBJECT_FILE	EVENT_EXECUTE	1523030765436114380
690EAD77-39B4-11E8-BF66-D9AA8AFF4A69	SUBJECT_PROCESS	51110606-D232-9652-B2D2-3A7242968F8A	FILE_OBJECT_FILE	EVENT_OPEN	1523030765436114380
690EAD77-39B4-11E8-BF66-D9AA8AFF4A69	SUBJECT_PROCESS	51110606-D232-9652-B2D2-3A7242968F8A	FILE_OBJECT_FILE	EVENT_READ	1523030765436114380
690EAD77-39B4-11E8-BF66-D9AA8AFF4A69	SUBJECT_PROCESS	51110606-D232-9652-B2D2-3A7242968F8A	FILE_OBJECT_FILE	EVENT_CLOSE	1523030765436114380
690EAD77-39B4-11E8-BF66-D9AA8AFF4A69	SUBJECT_PROCESS	8A44F292-648B-7854-8B64-00F954785A79	FILE_OBJECT_FILE	EVENT_OPEN	1523030765436114380
690EAD77-39B4-11E8-BF66-D9AA8AFF4A69	SUBJECT_PROCESS	8A44F292-648B-7854-8B64-00F954785A79	FILE_OBJECT_FILE	EVENT_READ	1523030765436114380
690EAD77-39B4-11E8-BF66-D9AA8AFF4A69	SUBJECT_PROCESS	8A44F292-648B-7854-8B64-00F954785A79	FILE_OBJECT_FILE	EVENT_READ	1523030765436114380
690EAD77-39B4-11E8-BF66-D9AA8AFF4A69	SUBJECT_PROCESS	8A44F292-648B-7854-8B64-00F954785A79	FILE_OBJECT_FILE	EVENT_CLOSE	1523030765436114380
690EAD77-39B4-11E8-BF66-D9AA8AFF4A69	SUBJECT_PROCESS	350E0A25-109F-4151-9F10-767D91419A8B	FILE_OBJECT_FILE	EVENT_OPEN	1523030765436114380
690EAD77-39B4-11E8-BF66-D9AA8AFF4A69	SUBJECT_PROCESS	350E0A25-109F-4151-9F10-767D91419A8B	FILE_OBJECT_FILE	EVENT_MMAP	1523030765436114380
690EAD77-39B4-11E8-BF66-D9AA8AFF4A69	SUBJECT_PROCESS	350E0A25-109F-4151-9F10-767D91419A8B	FILE_OBJECT_FILE	EVENT_MMAP	1523030765436114380
690EAD77-39B4-11E8-BF66-D9AA8AFF4A69	SUBJECT_PROCESS	350E0A25-109F-4151-9F10-767D91419A8B	FILE_OBJECT_FILE	EVENT_MMAP	1523030765436114380
690EAD77-39B4-11E8-BF66-D9AA8AFF4A69	SUBJECT_PROCESS	350E0A25-109F-4151-9F10-767D91419A8B	FILE_OBJECT_FILE	EVENT_MMAP	1523030765436114380
690EAD77-39B4-11E8-BF66-D9AA8AFF4A69	SUBJECT_PROCESS	350E0A25-109F-4151-9F10-767D91419A8B	FILE_OBJECT_FILE	EVENT_MMAP	1523030765436114380
690EAD77-39B4-11E8-BF66-D9AA8AFF4A69	SUBJECT_PROCESS	350E0A25-109F-4151-9F10-767D91419A8B	FILE_OBJECT_FILE	EVENT_MMAP	1523030765436114380
690EAD77-39B4-11E8-BF66-D9AA8AFF4A69	SUBJECT_PROCESS	350E0A25-109F-4151-9F10-767D91419A8B	FILE_OBJECT_FILE	EVENT_CLOSE	1523030765436114380
690EAD77-39B4-11E8-BF66-D9AA8AFF4A69	SUBJECT_PROCESS	70434EFC-9030-E251-B090-307CB1E2D224	FILE_OBJECT_FILE	EVENT_OPEN	1523030765436114380
690EAD77-39B4-11E8-BF66-D9AA8AFF4A69	SUBJECT_PROCESS	70434EFC-9030-E251-B090-307CB1E2D224	FILE_OBJECT_FILE	EVENT_MMAP	1523030765436114380
690EAD77-39B4-11E8-BF66-D9AA8AFF4A69	SUBJECT_PROCESS	70434EFC-9030-E251-B090-307CB1E2D224	FILE_OBJECT_FILE	EVENT_MMAP	1523030765436114380
690EAD77-39B4-11E8-BF66-D9AA8AFF4A69	SUBJECT_PROCESS	70434EFC-9030-E251-B090-307CB1E2D224	FILE_OBJECT_FILE	EVENT_MMAP	1523030765436114380
690EAD77-39B4-11E8-BF66-D9AA8AFF4A69	SUBJECT_PROCESS	70434EFC-9030-E251-B090-307CB1E2D224	FILE_OBJECT_FILE	EVENT_MMAP	1523030765436114380
690EAD77-39B4-11E8-BF66-D9AA8AFF4A69	SUBJECT_PROCESS	70434EFC-9030-E251-B090-307CB1E2D224	FILE_OBJECT_FILE	EVENT_MMAP	1523030765436114380
690EAD77-39B4-11E8-BF66-D9AA8AFF4A69	SUBJECT_PROCESS	70434EFC-9030-E251-B090-307CB1E2D224	FILE_OBJECT_FILE	EVENT_MMAP	1523030765436114380
690EAD77-39B4-11E8-BF66-D9AA8AFF4A69	SUBJECT_PROCESS	70434EFC-9030-E251-B090-307CB1E2D224	FILE_OBJECT_FILE	EVENT_CLOSE	1523030765446117121
690EAD77-39B4-11E8-BF66-D9AA8AFF4A69	SUBJECT_PROCESS	76A739B1-A13E-FD50-BEA1-B218A0FD0400	FILE_OBJECT_FILE	EVENT_OPEN	1523030765446117121
690EAD77-39B4-11E8-BF66-D9AA8AFF4A69	SUBJECT_PROCESS	76A739B1-A13E-FD50-BEA1-B218A0FD0400	FILE_OBJECT_FILE	EVENT_MMAP	1523030765446117121
690EAD77-39B4-11E8-BF66-D9AA8AFF4A69	SUBJECT_PROCESS	76A739B1-A13E-FD50-BEA1-B218A0FD0400	FILE_OBJECT_FILE	EVENT_MMAP	1523030765446117121
690EAD77-39B4-11E8-BF66-D9AA8AFF4A69	SUBJECT_PROCESS	76A739B1-A13E-FD50-BEA1-B218A0FD0400	FILE_OBJECT_FILE	EVENT_MMAP	1523030765446117121
690EAD77-39B4-11E8-BF66-D9AA8AFF4A69	SUBJECT_PROCESS	76A739B1-A13E-FD50-BEA1-B218A0FD0400	FILE_OBJECT_FILE	EVENT_MMAP	1523030765446117121
690EAD77-39B4-11E8-BF66-D9AA8AFF4A69	SUBJECT_PROCESS	76A739B1-A13E-FD50-BEA1-B218A0FD0400	FILE_OBJECT_FILE	EVENT_MMAP	1523030765446117121
690EAD77-39B4-11E8-BF66-D9AA8AFF4A69	SUBJECT_PROCESS	76A739B1-A13E-FD50-BEA1-B218A0FD0400	FILE_OBJECT_FILE	EVENT_MMAP	1523030765446117121
690EAD77-39B4-11E8-BF66-D9AA8AFF4A69	SUBJECT_PROCESS	76A739B1-A13E-FD50-BEA1-B218A0FD0400	FILE_OBJECT_FILE	EVENT_CLOSE	1523030765446117121
690EAD77-39B4-11E8-BF66-D9AA8AFF4A69	SUBJECT_PROCESS	F410BE96-4C0C-765E-8C4C-6F0E2E760020	FILE_OBJECT_FILE	EVENT_OPEN	1523030765446117121
690EAD77-39B4-11E8-BF66-D9AA8AFF4A69	SUBJECT_PROCESS	F410BE96-4C0C-765E-8C4C-6F0E2E760020	FILE_OBJECT_FILE	EVENT_MMAP	1523030765446117121
690EAD77-39B4-11E8-BF66-D9AA8AFF4A69	SUBJECT_PROCESS	F410BE96-4C0C-765E-8C4C-6F0E2E760020	FILE_OBJECT_FILE	EVENT_MMAP	1523030765446117121
690EAD77-39B4-11E8-BF66-D9AA8AFF4A69	SUBJECT_PROCESS	F410BE96-4C0C-765E-8C4C-6F0E2E760020	FILE_OBJECT_FILE	EVENT_CLOSE	1523030765446117121
690EAD77-39B4-11E8-BF66-D9AA8AFF4A69	SUBJECT_PROCESS	64EE4B93-8566-E751-A685-83EDE1E76E1A	FILE_OBJECT_FILE	EVENT_OPEN	1523030765446117121
690EAD77-39B4-11E8-BF66-D9AA8AFF4A69	SUBJECT_PROCESS	64EE4B93-8566-E751-A685-83EDE1E76E1A	FILE_OBJECT_FILE	EVENT_CLOSE	1523030765446117121
690EAD77-39B4-11E8-BF66-D9AA8AFF4A69	SUBJECT_PROCESS	BCDBE64D-1703-005A-8317-44DD6A00589D	FILE_OBJECT_FILE	EVENT_OPEN	1523030765446117121
690EAD77-39B4-11E8-BF66-D9AA8AFF4A69	SUBJECT_PROCESS	BCDBE64D-1703-005A-8317-44DD6A00589D	FILE_OBJECT_FILE	EVENT_READ	1523030765446117121
690EAD77-39B4-11E8-BF66-D9AA8AFF4A69	SUBJECT_PROCESS	BCDBE64D-1703-005A-8317-44DD6A00589D	FILE_OBJECT_FILE	EVENT_READ	1523030765446117121
690EAD77-39B4-11E8-BF66-D9AA8AFF4A69	SUBJECT_PROCESS	BCDBE64D-1703-005A-8317-44DD6A00589D	FILE_OBJECT_FILE	EVENT_CLOSE	1523030765446117121
690EAD77-39B4-11E8-BF66-D9AA8AFF4A69	SUBJECT_PROCESS	C53609B6-A912-B65B-92A9-B89E0BB6C2E1	FILE_OBJECT_FILE	EVENT_OPEN	1523030765446117121
690EAD77-39B4-11E8-BF66-D9AA8AFF4A69	SUBJECT_PROCESS	C53609B6-A912-B65B-92A9-B89E0BB6C2E1	FILE_OBJECT_FILE	EVENT_READ	1523030765446117121
690EAD77-39B4-11E8-BF66-D9AA8AFF4A69	SUBJECT_PROCESS	C53609B6-A912-B65B-92A9-B89E0BB6C2E1	FILE_OBJECT_FILE	EVENT_READ	1523030765456110661
690EAD77-39B4-11E8-BF66-D9AA8AFF4A69	SUBJECT_PROCESS	C53609B6-A912-B65B-92A9-B89E0BB6C2E1	FILE_OBJECT_FILE	EVENT_READ	1523030765456110661
690EAD77-39B4-11E8-BF66-D9AA8AFF4A69	SUBJECT_PROCESS	C53609B6-A912-B65B-92A9-B89E0BB6C2E1	FILE_OBJECT_FILE	EVENT_READ	1523030765456110661
690EAD77-39B4-11E8-BF66-D9AA8AFF4A69	SUBJECT_PROCESS	C53609B6-A912-B65B-92A9-B89E0BB6C2E1	FILE_OBJECT_FILE	EVENT_READ	1523030765456110661
690EAD77-39B4-11E8-BF66-D9AA8AFF4A69	SUBJECT_PROCESS	C53609B6-A912-B65B-92A9-B89E0BB6C2E1	FILE_OBJECT_FILE	EVENT_READ	1523030765456110661
690EAD77-39B4-11E8-BF66-D9AA8AFF4A69	SUBJECT_PROCESS	C53609B6-A912-B65B-92A9-B89E0BB6C2E1	FILE_OBJECT_FILE	EVENT_READ	1523030765456110661
690EAD77-39B4-11E8-BF66-D9AA8AFF4A69	SUBJECT_PROCESS	C53609B6-A912-B65B-92A9-B89E0BB6C2E1	FILE_OBJECT_FILE	EVENT_READ	1523030765456110661
690EAD77-39B4-11E8-BF66-D9AA8AFF4A69	SUBJECT_PROCESS	C53609B6-A912-B65B-92A9-B89E0BB6C2E1	FILE_OBJECT_FILE	EVENT_READ	1523030765456110661
690EAD77-39B4-11E8-BF66-D9AA8AFF4A69	SUBJECT_PROCESS	C53609B6-A912-B65B-92A9-B89E0BB6C2E1	FILE_OBJECT_FILE	EVENT_CLOSE	1523030765456110661
690EAD77-39B4-11E8-BF66-D9AA8AFF4A69	SUBJECT_PROCESS	64EE4B93-8566-E751-A685-83EDE1E76E1A	FILE_OBJECT_FILE	EVENT_CLOSE	1523030765456110661
690EAD77-39B4-11E8-BF66-D9AA8AFF4A69	SUBJECT_PROCESS	9BC3FA4C-A5D8-8F53-98A5-6D74338FF32E	FILE_OBJECT_FILE	EVENT_OPEN	1523030765456110661
690EAD77-39B4-11E8-BF66-D9AA8AFF4A69	SUBJECT_PROCESS	9BC3FA4C-A5D8-8F53-98A5-6D74338FF32E	FILE_OBJECT_FILE	EVENT_READ	1523030765456110661
690EAD77-39B4-11E8-BF66-D9AA8AFF4A69	SUBJECT_PROCESS	9BC3FA4C-A5D8-8F53-98A5-6D74338FF32E	FILE_OBJECT_FILE	EVENT_CLOSE	1523030765456110661
690EAD77-39B4-11E8-BF66-D9AA8AFF4A69	SUBJECT_PROCESS	3616845C-B257-7150-97B2-F2111071B7CB	FILE_OBJECT_FILE	EVENT_OPEN	1523030765456110661
690EAD77-39B4-11E8-BF66-D9AA8AFF4A69	SUBJECT_PROCESS	3616845C-B257-7150-97B2-F2111071B7CB	FILE_OBJECT_FILE	EVENT_READ	1523030765456110661
690EAD77-39B4-11E8-BF66-D9AA8AFF4A69	SUBJECT_PROCESS	3616845C-B257-7150-97B2-F2111071B7CB	FILE_OBJECT_FILE	EVENT_CLOSE	1523030765456110661
690EAD77-39B4-11E8-BF66-D9AA8AFF4A69	SUBJECT_PROCESS	69145673-39B4-11E8-BF66-D9AA8AFF4A69	SUBJECT_PROCESS	EVENT_FORK	1523030765456110661
69145673-39B4-11E8-BF66-D9AA8AFF4A69	SUBJECT_PROCESS	0B77749C-9349-D951-8993-7D70E1D9DB4C	FILE_OBJECT_FILE	EVENT_EXECUTE	1523030765456110661
69145673-39B4-11E8-BF66-D9AA8AFF4A69	SUBJECT_PROCESS	7A350F75-9945-425D-8599-15CEBD426F06	FILE_OBJECT_FILE	EVENT_EXECUTE	1523030765456110661
69145673-39B4-11E8-BF66-D9AA8AFF4A69	SUBJECT_PROCESS	51110606-D232-9652-B2D2-3A7242968F8A	FILE_OBJECT_FILE	EVENT_OPEN	1523030765456110661
69145673-39B4-11E8-BF66-D9AA8AFF4A69	SUBJECT_PROCESS	51110606-D232-9652-B2D2-3A7242968F8A	FILE_OBJECT_FILE	EVENT_READ	1523030765456110661
69145673-39B4-11E8-BF66-D9AA8AFF4A69	SUBJECT_PROCESS	51110606-D232-9652-B2D2-3A7242968F8A	FILE_OBJECT_FILE	EVENT_CLOSE	1523030765456110661
69145673-39B4-11E8-BF66-D9AA8AFF4A69	SUBJECT_PROCESS	8A44F292-648B-7854-8B64-00F954785A79	FILE_OBJECT_FILE	EVENT_OPEN	1523030765466113532
69145673-39B4-11E8-BF66-D9AA8AFF4A69	SUBJECT_PROCESS	8A44F292-648B-7854-8B64-00F954785A79	FILE_OBJECT_FILE	EVENT_READ	1523030765466113532
69145673-39B4-11E8-BF66-D9AA8AFF4A69	SUBJECT_PROCESS	8A44F292-648B-7854-8B64-00F954785A79	FILE_OBJECT_FILE	EVENT_READ	1523030765466113532
69145673-39B4-11E8-BF66-D9AA8AFF4A69	SUBJECT_PROCESS	8A44F292-648B-7854-8B64-00F954785A79	FILE_OBJECT_FILE	EVENT_CLOSE	1523030765466113532
69145673-39B4-11E8-BF66-D9AA8AFF4A69	SUBJECT_PROCESS	76A739B1-A13E-FD50-BEA1-B218A0FD0400	FILE_OBJECT_FILE	EVENT_OPEN	1523030765466113532
69145673-39B4-11E8-BF66-D9AA8AFF4A69	SUBJECT_PROCESS	76A739B1-A13E-FD50-BEA1-B218A0FD0400	FILE_OBJECT_FILE	EVENT_MMAP	1523030765466113532
69145673-39B4-11E8-BF66-D9AA8AFF4A69	SUBJECT_PROCESS	76A739B1-A13E-FD50-BEA1-B218A0FD0400	FILE_OBJECT_FILE	EVENT_MMAP	1523030765466113532
69145673-39B4-11E8-BF66-D9AA8AFF4A69	SUBJECT_PROCESS	76A739B1-A13E-FD50-BEA1-B218A0FD0400	FILE_OBJECT_FILE	EVENT_MMAP	1523030765466113532
69145673-39B4-11E8-BF66-D9AA8AFF4A69	SUBJECT_PROCESS	76A739B1-A13E-FD50-BEA1-B218A0FD0400	FILE_OBJECT_FILE	EVENT_MMAP	1523030765466113532
69145673-39B4-11E8-BF66-D9AA8AFF4A69	SUBJECT_PROCESS	76A739B1-A13E-FD50-BEA1-B218A0FD0400	FILE_OBJECT_FILE	EVENT_MMAP	1523030765466113532
69145673-39B4-11E8-BF66-D9AA8AFF4A69	SUBJECT_PROCESS	76A739B1-A13E-FD50-BEA1-B218A0FD0400	FILE_OBJECT_FILE	EVENT_MMAP	1523030765466113532
69145673-39B4-11E8-BF66-D9AA8AFF4A69	SUBJECT_PROCESS	76A739B1-A13E-FD50-BEA1-B218A0FD0400	FILE_OBJECT_FILE	EVENT_CLOSE	1523030765466113532
69145673-39B4-11E8-BF66-D9AA8AFF4A69	SUBJECT_PROCESS	F410BE96-4C0C-765E-8C4C-6F0E2E760020	FILE_OBJECT_FILE	EVENT_OPEN	1523030765466113532
69145673-39B4-11E8-BF66-D9AA8AFF4A69	SUBJECT_PROCESS	F410BE96-4C0C-765E-8C4C-6F0E2E760020	FILE_OBJECT_FILE	EVENT_MMAP	1523030765466113532
69145673-39B4-11E8-BF66-D9AA8AFF4A69	SUBJECT_PROCESS	F410BE96-4C0C-765E-8C4C-6F0E2E760020	FILE_OBJECT_FILE	EVENT_MMAP	1523030765466113532
69145673-39B4-11E8-BF66-D9AA8AFF4A69	SUBJECT_PROCESS	F410BE96-4C0C-765E-8C4C-6F0E2E760020	FILE_OBJECT_FILE	EVENT_CLOSE	1523030765466113532
69145673-39B4-11E8-BF66-D9AA8AFF4A69	SUBJECT_PROCESS	64EE4B93-8566-E751-A685-83EDE1E76E1A	FILE_OBJECT_FILE	EVENT_OPEN	1523030765466113532
69145673-39B4-11E8-BF66-D9AA8AFF4A69	SUBJECT_PROCESS	69145673-39B4-11E8-BF66-D9AA8AFF4A69	SUBJECT_PROCESS	EVENT_EXIT	1523030765466113532
690EAD77-39B4-11E8-BF66-D9AA8AFF4A69	SUBJECT_PROCESS	69164F63-39B4-11E8-BF66-D9AA8AFF4A69	SUBJECT_PROCESS	EVENT_FORK	1523030765476112023
69164F63-39B4-11E8-BF66-D9AA8AFF4A69	SUBJECT_PROCESS	B02C7AB1-1D5E-E250-9E1D-F19070E2AA0A	FILE_OBJECT_FILE	EVENT_EXECUTE	1523030765476112023
69164F63-39B4-11E8-BF66-D9AA8AFF4A69	SUBJECT_PROCESS	7A350F75-9945-425D-8599-15CEBD426F06	FILE_OBJECT_FILE	EVENT_EXECUTE	1523030765476112023
69164F63-39B4-11E8-BF66-D9AA8AFF4A69	SUBJECT_PROCESS	51110606-D232-9652-B2D2-3A7242968F8A	FILE_OBJECT_FILE	EVENT_OPEN	1523030765476112023
69164F63-39B4-11E8-BF66-D9AA8AFF4A69	SUBJECT_PROCESS	51110606-D232-9652-B2D2-3A7242968F8A	FILE_OBJECT_FILE	EVENT_READ	1523030765476112023
69164F63-39B4-11E8-BF66-D9AA8AFF4A69	SUBJECT_PROCESS	51110606-D232-9652-B2D2-3A7242968F8A	FILE_OBJECT_FILE	EVENT_CLOSE	1523030765476112023
69164F63-39B4-11E8-BF66-D9AA8AFF4A69	SUBJECT_PROCESS	8A44F292-648B-7854-8B64-00F954785A79	FILE_OBJECT_FILE	EVENT_OPEN	1523030765476112023
69164F63-39B4-11E8-BF66-D9AA8AFF4A69	SUBJECT_PROCESS	8A44F292-648B-7854-8B64-00F954785A79	FILE_OBJECT_FILE	EVENT_READ	1523030765476112023
69164F63-39B4-11E8-BF66-D9AA8AFF4A69	SUBJECT_PROCESS	8A44F292-648B-7854-8B64-00F954785A79	FILE_OBJECT_FILE	EVENT_READ	1523030765476112023
69164F63-39B4-11E8-BF66-D9AA8AFF4A69	SUBJECT_PROCESS	8A44F292-648B-7854-8B64-00F954785A79	FILE_OBJECT_FILE	EVENT_CLOSE	1523030765476112023
69164F63-39B4-11E8-BF66-D9AA8AFF4A69	SUBJECT_PROCESS	76A739B1-A13E-FD50-BEA1-B218A0FD0400	FILE_OBJECT_FILE	EVENT_OPEN	1523030765476112023
69164F63-39B4-11E8-BF66-D9AA8AFF4A69	SUBJECT_PROCESS	76A739B1-A13E-FD50-BEA1-B218A0FD0400	FILE_OBJECT_FILE	EVENT_MMAP	1523030765476112023
69164F63-39B4-11E8-BF66-D9AA8AFF4A69	SUBJECT_PROCESS	76A739B1-A13E-FD50-BEA1-B218A0FD0400	FILE_OBJECT_FILE	EVENT_MMAP	1523030765476112023
69164F63-39B4-11E8-BF66-D9AA8AFF4A69	SUBJECT_PROCESS	76A739B1-A13E-FD50-BEA1-B218A0FD0400	FILE_OBJECT_FILE	EVENT_MMAP	1523030765476112023
69164F63-39B4-11E8-BF66-D9AA8AFF4A69	SUBJECT_PROCESS	76A739B1-A13E-FD50-BEA1-B218A0FD0400	FILE_OBJECT_FILE	EVENT_MMAP	1523030765476112023
69164F63-39B4-11E8-BF66-D9AA8AFF4A69	SUBJECT_PROCESS	76A739B1-A13E-FD50-BEA1-B218A0FD0400	FILE_OBJECT_FILE	EVENT_MMAP	1523030765476112023
69164F63-39B4-11E8-BF66-D9AA8AFF4A69	SUBJECT_PROCESS	76A739B1-A13E-FD50-BEA1-B218A0FD0400	FILE_OBJECT_FILE	EVENT_MMAP	1523030765476112023
69164F63-39B4-11E8-BF66-D9AA8AFF4A69	SUBJECT_PROCESS	76A739B1-A13E-FD50-BEA1-B218A0FD0400	FILE_OBJECT_FILE	EVENT_CLOSE	1523030765476112023
69164F63-39B4-11E8-BF66-D9AA8AFF4A69	SUBJECT_PROCESS	F410BE96-4C0C-765E-8C4C-6F0E2E760020	FILE_OBJECT_FILE	EVENT_OPEN	1523030765476112023
69164F63-39B4-11E8-BF66-D9AA8AFF4A69	SUBJECT_PROCESS	F410BE96-4C0C-765E-8C4C-6F0E2E760020	FILE_OBJECT_FILE	EVENT_MMAP	1523030765476112023
69164F63-39B4-11E8-BF66-D9AA8AFF4A69	SUBJECT_PROCESS	F410BE96-4C0C-765E-8C4C-6F0E2E760020	FILE_OBJECT_FILE	EVENT_MMAP	1523030765476112023
69164F63-39B4-11E8-BF66-D9AA8AFF4A69	SUBJECT_PROCESS	F410BE96-4C0C-765E-8C4C-6F0E2E760020	FILE_OBJECT_FILE	EVENT_CLOSE	1523030765476112023
69164F63-39B4-11E8-BF66-D9AA8AFF4A69	SUBJECT_PROCESS	93D8C3C8-44A8-905A-A844-6A1E1A90001F	FILE_OBJECT_FILE	EVENT_OPEN	1523030765476112023
69164F63-39B4-11E8-BF66-D9AA8AFF4A69	SUBJECT_PROCESS	40434373-B8E8-2655-A8B8-26CB8526DE04	FILE_OBJECT_FILE	EVENT_OPEN	1523030765476112023
69164F63-39B4-11E8-BF66-D9AA8AFF4A69	SUBJECT_PROCESS	40434373-B8E8-2655-A8B8-26CB8526DE04	FILE_OBJECT_FILE	EVENT_READ	1523030765476112023
69164F63-39B4-11E8-BF66-D9AA8AFF4A69	SUBJECT_PROCESS	40434373-B8E8-2655-A8B8-26CB8526DE04	FILE_OBJECT_FILE	EVENT_CLOSE	1523030765476112023
69164F63-39B4-11E8-BF66-D9AA8AFF4A69	SUBJECT_PROCESS	40434373-B8E8-2655-A8B8-26CB8526DE04	FILE_OBJECT_FILE	EVENT_OPEN	1523030765476112023
69164F63-39B4-11E8-BF66-D9AA8AFF4A69	SUBJECT_PROCESS	40434373-B8E8-2655-A8B8-26CB8526DE04	FILE_OBJECT_FILE	EVENT_LSEEK	1523030765486113544
69164F63-39B4-11E8-BF66-D9AA8AFF4A69	SUBJECT_PROCESS	40434373-B8E8-2655-A8B8-26CB8526DE04	FILE_OBJECT_FILE	EVENT_READ	1523030765486113544
69164F63-39B4-11E8-BF66-D9AA8AFF4A69	SUBJECT_PROCESS	93D8C3C8-44A8-905A-A844-6A1E1A90001F	FILE_OBJECT_FILE	EVENT_LSEEK	1523030765486113544
69164F63-39B4-11E8-BF66-D9AA8AFF4A69	SUBJECT_PROCESS	93D8C3C8-44A8-905A-A844-6A1E1A90001F	FILE_OBJECT_FILE	EVENT_LSEEK	1523030765486113544
69164F63-39B4-11E8-BF66-D9AA8AFF4A69	SUBJECT_PROCESS	93D8C3C8-44A8-905A-A844-6A1E1A90001F	FILE_OBJECT_FILE	EVENT_READ	1523030765486113544
69164F63-39B4-11E8-BF66-D9AA8AFF4A69	SUBJECT_PROCESS	64EE4B93-8566-E751-A685-83EDE1E76E1A	FILE_OBJECT_FILE	EVENT_WRITE	1523030765486113544
69164F63-39B4-11E8-BF66-D9AA8AFF4A69	SUBJECT_PROCESS	64EE4B93-8566-E751-A685-83EDE1E76E1A	FILE_OBJECT_FILE	EVENT_WRITE	1523030765486113544
69164F63-39B4-11E8-BF66-D9AA8AFF4A69	SUBJECT_PROCESS	64EE4B93-8566-E751-A685-83EDE1E76E1A	FILE_OBJECT_FILE	EVENT_WRITE	1523030765486113544
69164F63-39B4-11E8-BF66-D9AA8AFF4A69	SUBJECT_PROCESS	64EE4B93-8566-E751-A685-83EDE1E76E1A	FILE_OBJECT_FILE	EVENT_WRITE	1523030765486113544
69164F63-39B4-11E8-BF66-D9AA8AFF4A69	SUBJECT_PROCESS	64EE4B93-8566-E751-A685-83EDE1E76E1A	FILE_OBJECT_FILE	EVENT_WRITE	1523030765486113544
69164F63-39B4-11E8-BF66-D9AA8AFF4A69	SUBJECT_PROCESS	64EE4B93-8566-E751-A685-83EDE1E76E1A	FILE_OBJECT_FILE	EVENT_WRITE	1523030765486113544
69164F63-39B4-11E8-BF66-D9AA8AFF4A69	SUBJECT_PROCESS	64EE4B93-8566-E751-A685-83EDE1E76E1A	FILE_OBJECT_FILE	EVENT_WRITE	1523030765486113544
69164F63-39B4-11E8-BF66-D9AA8AFF4A69	SUBJECT_PROCESS	64EE4B93-8566-E751-A685-83EDE1E76E1A	FILE_OBJECT_FILE	EVENT_WRITE	1523030765486113544
69164F63-39B4-11E8-BF66-D9AA8AFF4A69	SUBJECT_PROCESS	64EE4B93-8566-E751-A685-83EDE1E76E1A	FILE_OBJECT_FILE	EVENT_WRITE	1523030765486113544
69164F63-39B4-11E8-BF66-D9AA8AFF4A69	SUBJECT_PROCESS	69164F63-39B4-11E8-BF66-D9AA8AFF4A69	SUBJECT_PROCESS	EVENT_EXIT	1523030765486113544
690EAD77-39B4-11E8-BF66-D9AA8AFF4A69	SUBJECT_PROCESS	B041C492-8AC1-5B5A-818A-32B25A5BB001	FILE_OBJECT_FILE	EVENT_OPEN	1523030765486113544
690EAD77-39B4-11E8-BF66-D9AA8AFF4A69	SUBJECT_PROCESS	B041C492-8AC1-5B5A-818A-32B25A5BB001	FILE_OBJECT_FILE	EVENT_READ	1523030765486113544
690EAD77-39B4-11E8-BF66-D9AA8AFF4A69	SUBJECT_PROCESS	B041C492-8AC1-5B5A-818A-32B25A5BB001	FILE_OBJECT_FILE	EVENT_CLOSE	1523030765486113544
690EAD77-39B4-11E8-BF66-D9AA8AFF4A69	SUBJECT_PROCESS	B041C492-8AC1-5B5A-818A-32B25A5BB001	FILE_OBJECT_FILE	EVENT_MODIFY_FILE_ATTRIBUTES	1523030765486113544
690EAD77-39B4-11E8-BF66-D9AA8AFF4A69	SUBJECT_PROCESS	B041C492-8AC1-5B5A-818A-32B25A5BB001	FILE_OBJECT_FILE	EVENT_OPEN	1523030765486113544
690EAD77-39B4-11E8-BF66-D9AA8AFF4A69	SUBJECT_PROCESS	B041C492-8AC1-5B5A-818A-32B25A5BB001	FILE_OBJECT_FILE	EVENT_READ	1523030765486113544
690EAD77-39B4-11E8-BF66-D9AA8AFF4A69	SUBJECT_PROCESS	B041C492-8AC1-5B5A-818A-32B25A5BB001	FILE_OBJECT_FILE	EVENT_CLOSE	1523030765486113544
690EAD77-39B4-11E8-BF66-D9AA8AFF4A69	SUBJECT_PROCESS	D5D2F4F4-4EC5-6456-854E-5E2A46640650	FILE_OBJECT_FILE	EVENT_OPEN	1523030765496110934
690EAD77-39B4-11E8-BF66-D9AA8AFF4A69	SUBJECT_PROCESS	D5D2F4F4-4EC5-6456-854E-5E2A46640650	FILE_OBJECT_FILE	EVENT_READ	1523030765496110934
690EAD77-39B4-11E8-BF66-D9AA8AFF4A69	SUBJECT_PROCESS	D5D2F4F4-4EC5-6456-854E-5E2A46640650	FILE_OBJECT_FILE	EVENT_READ	1523030765496110934
690EAD77-39B4-11E8-BF66-D9AA8AFF4A69	SUBJECT_PROCESS	D5D2F4F4-4EC5-6456-854E-5E2A46640650	FILE_OBJECT_FILE	EVENT_READ	1523030765496110934
690EAD77-39B4-11E8-BF66-D9AA8AFF4A69	SUBJECT_PROCESS	D5D2F4F4-4EC5-6456-854E-5E2A46640650	FILE_OBJECT_FILE	EVENT_READ	1523030765496110934
690EAD77-39B4-11E8-BF66-D9AA8AFF4A69	SUBJECT_PROCESS	D5D2F4F4-4EC5-6456-854E-5E2A46640650	FILE_OBJECT_FILE	EVENT_CLOSE	1523030765496110934
690EAD77-39B4-11E8-BF66-D9AA8AFF4A69	SUBJECT_PROCESS	64EE4B93-8566-E751-A685-83EDE1E76E1A	FILE_OBJECT_FILE	EVENT_WRITE	1523030765496110934
72FB0406-3678-11E8-BF66-D9AA8AFF4A69	SUBJECT_PROCESS	68B1D191-39B4-11E8-BF66-D9AA8AFF4A69	FILE_OBJECT_UNIX_SOCKET	EVENT_CLOSE	1523030765816110640
72FB0406-3678-11E8-BF66-D9AA8AFF4A69	SUBJECT_PROCESS	68B1D1F8-39B4-11E8-BF66-D9AA8AFF4A69	FILE_OBJECT_UNIX_SOCKET	EVENT_CLOSE	1523030765816110640
72FB0406-3678-11E8-BF66-D9AA8AFF4A69	SUBJECT_PROCESS	694A7F23-39B4-11E8-BF66-D9AA8AFF4A69	FILE_OBJECT_UNIX_SOCKET	EVENT_CREATE_OBJECT	1523030765816110640
72FB0406-3678-11E8-BF66-D9AA8AFF4A69	SUBJECT_PROCESS	694A7FD8-39B4-11E8-BF66-D9AA8AFF4A69	FILE_OBJECT_UNIX_SOCKET	EVENT_CREATE_OBJECT	1523030765816110640
72FB0406-3678-11E8-BF66-D9AA8AFF4A69	SUBJECT_PROCESS	694A7F23-39B4-11E8-BF66-D9AA8AFF4A69	FILE_OBJECT_UNIX_SOCKET	EVENT_CLOSE	1523030766806110699
72FB0406-3678-11E8-BF66-D9AA8AFF4A69	SUBJECT_PROCESS	694A7FD8-39B4-11E8-BF66-D9AA8AFF4A69	FILE_OBJECT_UNIX_SOCKET	EVENT_CLOSE	1523030766806110699
72FB0406-3678-11E8-BF66-D9AA8AFF4A69	SUBJECT_PROCESS	69E179BF-39B4-11E8-BF66-D9AA8AFF4A69	FILE_OBJECT_UNIX_SOCKET	EVENT_CREATE_OBJECT	1523030766806110699
72FB0406-3678-11E8-BF66-D9AA8AFF4A69	SUBJECT_PROCESS	69E17A2E-39B4-11E8-BF66-D9AA8AFF4A69	FILE_OBJECT_UNIX_SOCKET	EVENT_CREATE_OBJECT	1523030766806110699
690EAD77-39B4-11E8-BF66-D9AA8AFF4A69	SUBJECT_PROCESS	64EE4B93-8566-E751-A685-83EDE1E76E1A	FILE_OBJECT_FILE	EVENT_READ	1523030766946111530
690EAD77-39B4-11E8-BF66-D9AA8AFF4A69	SUBJECT_PROCESS	64EE4B93-8566-E751-A685-83EDE1E76E1A	FILE_OBJECT_FILE	EVENT_WRITE	1523030766946111530
690EAD77-39B4-11E8-BF66-D9AA8AFF4A69	SUBJECT_PROCESS	64EE4B93-8566-E751-A685-83EDE1E76E1A	FILE_OBJECT_FILE	EVENT_READ	1523030767096111512
690EAD77-39B4-11E8-BF66-D9AA8AFF4A69	SUBJECT_PROCESS	64EE4B93-8566-E751-A685-83EDE1E76E1A	FILE_OBJECT_FILE	EVENT_WRITE	1523030767096111512
690EAD77-39B4-11E8-BF66-D9AA8AFF4A69	SUBJECT_PROCESS	64EE4B93-8566-E751-A685-83EDE1E76E1A	FILE_OBJECT_FILE	EVENT_READ	1523030767496114504
690EAD77-39B4-11E8-BF66-D9AA8AFF4A69	SUBJECT_PROCESS	64EE4B93-8566-E751-A685-83EDE1E76E1A	FILE_OBJECT_FILE	EVENT_WRITE	1523030767496114504
690EAD77-39B4-11E8-BF66-D9AA8AFF4A69	SUBJECT_PROCESS	64EE4B93-8566-E751-A685-83EDE1E76E1A	FILE_OBJECT_FILE	EVENT_READ	1523030767716111221
690EAD77-39B4-11E8-BF66-D9AA8AFF4A69	SUBJECT_PROCESS	64EE4B93-8566-E751-A685-83EDE1E76E1A	FILE_OBJECT_FILE	EVENT_WRITE	1523030767716111221
72FB0406-3678-11E8-BF66-D9AA8AFF4A69	SUBJECT_PROCESS	69E179BF-39B4-11E8-BF66-D9AA8AFF4A69	FILE_OBJECT_UNIX_SOCKET	EVENT_CLOSE	1523030767816112099
72FB0406-3678-11E8-BF66-D9AA8AFF4A69	SUBJECT_PROCESS	69E17A2E-39B4-11E8-BF66-D9AA8AFF4A69	FILE_OBJECT_UNIX_SOCKET	EVENT_CLOSE	1523030767816112099
72FB0406-3678-11E8-BF66-D9AA8AFF4A69	SUBJECT_PROCESS	6A7BC3EE-39B4-11E8-BF66-D9AA8AFF4A69	FILE_OBJECT_UNIX_SOCKET	EVENT_CREATE_OBJECT	1523030767816112099
72FB0406-3678-11E8-BF66-D9AA8AFF4A69	SUBJECT_PROCESS	6A7BC48E-39B4-11E8-BF66-D9AA8AFF4A69	FILE_OBJECT_UNIX_SOCKET	EVENT_CREATE_OBJECT	1523030767816112099
690EAD77-39B4-11E8-BF66-D9AA8AFF4A69	SUBJECT_PROCESS	64EE4B93-8566-E751-A685-83EDE1E76E1A	FILE_OBJECT_FILE	EVENT_READ	1523030768096112391
690EAD77-39B4-11E8-BF66-D9AA8AFF4A69	SUBJECT_PROCESS	64EE4B93-8566-E751-A685-83EDE1E76E1A	FILE_OBJECT_FILE	EVENT_WRITE	1523030768096112391
690EAD77-39B4-11E8-BF66-D9AA8AFF4A69	SUBJECT_PROCESS	64EE4B93-8566-E751-A685-83EDE1E76E1A	FILE_OBJECT_FILE	EVENT_READ	1523030768236109473
690EAD77-39B4-11E8-BF66-D9AA8AFF4A69	SUBJECT_PROCESS	64EE4B93-8566-E751-A685-83EDE1E76E1A	FILE_OBJECT_FILE	EVENT_WRITE	1523030768246112423
690EAD77-39B4-11E8-BF66-D9AA8AFF4A69	SUBJECT_PROCESS	64EE4B93-8566-E751-A685-83EDE1E76E1A	FILE_OBJECT_FILE	EVENT_READ	1523030768716111151
690EAD77-39B4-11E8-BF66-D9AA8AFF4A69	SUBJECT_PROCESS	64EE4B93-8566-E751-A685-83EDE1E76E1A	FILE_OBJECT_FILE	EVENT_WRITE	1523030768716111151
690EAD77-39B4-11E8-BF66-D9AA8AFF4A69	SUBJECT_PROCESS	6B0543CC-39B4-11E8-BF66-D9AA8AFF4A69	SUBJECT_PROCESS	EVENT_FORK	1523030768716111151
6B0543CC-39B4-11E8-BF66-D9AA8AFF4A69	SUBJECT_PROCESS	EA112F0C-C0B2-CD5B-B2C0-A1B8CBCD4FE9	FILE_OBJECT_FILE	EVENT_EXECUTE	1523030768736113222
6B0543CC-39B4-11E8-BF66-D9AA8AFF4A69	SUBJECT_PROCESS	7A350F75-9945-425D-8599-15CEBD426F06	FILE_OBJECT_FILE	EVENT_EXECUTE	1523030768736113222
6B0543CC-39B4-11E8-BF66-D9AA8AFF4A69	SUBJECT_PROCESS	51110606-D232-9652-B2D2-3A7242968F8A	FILE_OBJECT_FILE	EVENT_OPEN	1523030768736113222
6B0543CC-39B4-11E8-BF66-D9AA8AFF4A69	SUBJECT_PROCESS	51110606-D232-9652-B2D2-3A7242968F8A	FILE_OBJECT_FILE	EVENT_READ	1523030768736113222
6B0543CC-39B4-11E8-BF66-D9AA8AFF4A69	SUBJECT_PROCESS	51110606-D232-9652-B2D2-3A7242968F8A	FILE_OBJECT_FILE	EVENT_CLOSE	1523030768736113222
6B0543CC-39B4-11E8-BF66-D9AA8AFF4A69	SUBJECT_PROCESS	8A44F292-648B-7854-8B64-00F954785A79	FILE_OBJECT_FILE	EVENT_OPEN	1523030768736113222
6B0543CC-39B4-11E8-BF66-D9AA8AFF4A69	SUBJECT_PROCESS	8A44F292-648B-7854-8B64-00F954785A79	FILE_OBJECT_FILE	EVENT_READ	1523030768736113222
6B0543CC-39B4-11E8-BF66-D9AA8AFF4A69	SUBJECT_PROCESS	8A44F292-648B-7854-8B64-00F954785A79	FILE_OBJECT_FILE	EVENT_READ	1523030768736113222
6B0543CC-39B4-11E8-BF66-D9AA8AFF4A69	SUBJECT_PROCESS	8A44F292-648B-7854-8B64-00F954785A79	FILE_OBJECT_FILE	EVENT_CLOSE	1523030768736113222
6B0543CC-39B4-11E8-BF66-D9AA8AFF4A69	SUBJECT_PROCESS	D57B2A07-B373-B75A-B3B3-93790AB76535	FILE_OBJECT_FILE	EVENT_OPEN	1523030768736113222
6B0543CC-39B4-11E8-BF66-D9AA8AFF4A69	SUBJECT_PROCESS	D57B2A07-B373-B75A-B3B3-93790AB76535	FILE_OBJECT_FILE	EVENT_MMAP	1523030768736113222
6B0543CC-39B4-11E8-BF66-D9AA8AFF4A69	SUBJECT_PROCESS	D57B2A07-B373-B75A-B3B3-93790AB76535	FILE_OBJECT_FILE	EVENT_MMAP	1523030768736113222
6B0543CC-39B4-11E8-BF66-D9AA8AFF4A69	SUBJECT_PROCESS	D57B2A07-B373-B75A-B3B3-93790AB76535	FILE_OBJECT_FILE	EVENT_MMAP	1523030768736113222
6B0543CC-39B4-11E8-BF66-D9AA8AFF4A69	SUBJECT_PROCESS	D57B2A07-B373-B75A-B3B3-93790AB76535	FILE_OBJECT_FILE	EVENT_MMAP	1523030768736113222
6B0543CC-39B4-11E8-BF66-D9AA8AFF4A69	SUBJECT_PROCESS	D57B2A07-B373-B75A-B3B3-93790AB76535	FILE_OBJECT_FILE	EVENT_MMAP	1523030768736113222
6B0543CC-39B4-11E8-BF66-D9AA8AFF4A69	SUBJECT_PROCESS	D57B2A07-B373-B75A-B3B3-93790AB76535	FILE_OBJECT_FILE	EVENT_MMAP	1523030768736113222
6B0543CC-39B4-11E8-BF66-D9AA8AFF4A69	SUBJECT_PROCESS	D57B2A07-B373-B75A-B3B3-93790AB76535	FILE_OBJECT_FILE	EVENT_CLOSE	1523030768736113222
6B0543CC-39B4-11E8-BF66-D9AA8AFF4A69	SUBJECT_PROCESS	718F288D-A702-1B5D-82A7-80807D1BB326	FILE_OBJECT_FILE	EVENT_OPEN	1523030768736113222
6B0543CC-39B4-11E8-BF66-D9AA8AFF4A69	SUBJECT_PROCESS	718F288D-A702-1B5D-82A7-80807D1BB326	FILE_OBJECT_FILE	EVENT_MMAP	1523030768736113222
6B0543CC-39B4-11E8-BF66-D9AA8AFF4A69	SUBJECT_PROCESS	718F288D-A702-1B5D-82A7-80807D1BB326	FILE_OBJECT_FILE	EVENT_MMAP	1523030768736113222
6B0543CC-39B4-11E8-BF66-D9AA8AFF4A69	SUBJECT_PROCESS	718F288D-A702-1B5D-82A7-80807D1BB326	FILE_OBJECT_FILE	EVENT_MMAP	1523030768736113222
6B0543CC-39B4-11E8-BF66-D9AA8AFF4A69	SUBJECT_PROCESS	718F288D-A702-1B5D-82A7-80807D1BB326	FILE_OBJECT_FILE	EVENT_MMAP	1523030768736113222
6B0543CC-39B4-11E8-BF66-D9AA8AFF4A69	SUBJECT_PROCESS	718F288D-A702-1B5D-82A7-80807D1BB326	FILE_OBJECT_FILE	EVENT_MMAP	1523030768736113222
6B0543CC-39B4-11E8-BF66-D9AA8AFF4A69	SUBJECT_PROCESS	718F288D-A702-1B5D-82A7-80807D1BB326	FILE_OBJECT_FILE	EVENT_MMAP	1523030768736113222
6B0543CC-39B4-11E8-BF66-D9AA8AFF4A69	SUBJECT_PROCESS	718F288D-A702-1B5D-82A7-80807D1BB326	FILE_OBJECT_FILE	EVENT_CLOSE	1523030768736113222
6B0543CC-39B4-11E8-BF66-D9AA8AFF4A69	SUBJECT_PROCESS	D3F11983-FFD7-8A58-97FF-D38E388A1453	FILE_OBJECT_FILE	EVENT_OPEN	1523030768736113222
6B0543CC-39B4-11E8-BF66-D9AA8AFF4A69	SUBJECT_PROCESS	D3F11983-FFD7-8A58-97FF-D38E388A1453	FILE_OBJECT_FILE	EVENT_MMAP	1523030768736113222
6B0543CC-39B4-11E8-BF66-D9AA8AFF4A69	SUBJECT_PROCESS	D3F11983-FFD7-8A58-97FF-D38E388A1453	FILE_OBJECT_FILE	EVENT_MMAP	1523030768736113222
6B0543CC-39B4-11E8-BF66-D9AA8AFF4A69	SUBJECT_PROCESS	D3F11983-FFD7-8A58-97FF-D38E388A1453	FILE_OBJECT_FILE	EVENT_MMAP	1523030768736113222
6B0543CC-39B4-11E8-BF66-D9AA8AFF4A69	SUBJECT_PROCESS	D3F11983-FFD7-8A58-97FF-D38E388A1453	FILE_OBJECT_FILE	EVENT_MMAP	1523030768746115453
6B0543CC-39B4-11E8-BF66-D9AA8AFF4A69	SUBJECT_PROCESS	D3F11983-FFD7-8A58-97FF-D38E388A1453	FILE_OBJECT_FILE	EVENT_MMAP	1523030768746115453
6B0543CC-39B4-11E8-BF66-D9AA8AFF4A69	SUBJECT_PROCESS	D3F11983-FFD7-8A58-97FF-D38E388A1453	FILE_OBJECT_FILE	EVENT_MMAP	1523030768746115453
6B0543CC-39B4-11E8-BF66-D9AA8AFF4A69	SUBJECT_PROCESS	D3F11983-FFD7-8A58-97FF-D38E388A1453	FILE_OBJECT_FILE	EVENT_CLOSE	1523030768746115453
6B0543CC-39B4-11E8-BF66-D9AA8AFF4A69	SUBJECT_PROCESS	0905A02C-D979-5D57-B9D9-F12D475D7A9B	FILE_OBJECT_FILE	EVENT_OPEN	1523030768746115453
6B0543CC-39B4-11E8-BF66-D9AA8AFF4A69	SUBJECT_PROCESS	0905A02C-D979-5D57-B9D9-F12D475D7A9B	FILE_OBJECT_FILE	EVENT_MMAP	1523030768746115453
6B0543CC-39B4-11E8-BF66-D9AA8AFF4A69	SUBJECT_PROCESS	0905A02C-D979-5D57-B9D9-F12D475D7A9B	FILE_OBJECT_FILE	EVENT_MMAP	1523030768746115453
6B0543CC-39B4-11E8-BF66-D9AA8AFF4A69	SUBJECT_PROCESS	0905A02C-D979-5D57-B9D9-F12D475D7A9B	FILE_OBJECT_FILE	EVENT_MMAP	1523030768746115453
6B0543CC-39B4-11E8-BF66-D9AA8AFF4A69	SUBJECT_PROCESS	0905A02C-D979-5D57-B9D9-F12D475D7A9B	FILE_OBJECT_FILE	EVENT_MMAP	1523030768746115453
6B0543CC-39B4-11E8-BF66-D9AA8AFF4A69	SUBJECT_PROCESS	0905A02C-D979-5D57-B9D9-F12D475D7A9B	FILE_OBJECT_FILE	EVENT_MMAP	1523030768746115453
6B0543CC-39B4-11E8-BF66-D9AA8AFF4A69	SUBJECT_PROCESS	0905A02C-D979-5D57-B9D9-F12D475D7A9B	FILE_OBJECT_FILE	EVENT_MMAP	1523030768746115453
6B0543CC-39B4-11E8-BF66-D9AA8AFF4A69	SUBJECT_PROCESS	0905A02C-D979-5D57-B9D9-F12D475D7A9B	FILE_OBJECT_FILE	EVENT_CLOSE	1523030768746115453
6B0543CC-39B4-11E8-BF66-D9AA8AFF4A69	SUBJECT_PROCESS	76A739B1-A13E-FD50-BEA1-B218A0FD0400	FILE_OBJECT_FILE	EVENT_OPEN	1523030768746115453
6B0543CC-39B4-11E8-BF66-D9AA8AFF4A69	SUBJECT_PROCESS	76A739B1-A13E-FD50-BEA1-B218A0FD0400	FILE_OBJECT_FILE	EVENT_MMAP	1523030768746115453
6B0543CC-39B4-11E8-BF66-D9AA8AFF4A69	SUBJECT_PROCESS	76A739B1-A13E-FD50-BEA1-B218A0FD0400	FILE_OBJECT_FILE	EVENT_MMAP	1523030768746115453
6B0543CC-39B4-11E8-BF66-D9AA8AFF4A69	SUBJECT_PROCESS	76A739B1-A13E-FD50-BEA1-B218A0FD0400	FILE_OBJECT_FILE	EVENT_MMAP	1523030768746115453
6B0543CC-39B4-11E8-BF66-D9AA8AFF4A69	SUBJECT_PROCESS	76A739B1-A13E-FD50-BEA1-B218A0FD0400	FILE_OBJECT_FILE	EVENT_MMAP	1523030768746115453
6B0543CC-39B4-11E8-BF66-D9AA8AFF4A69	SUBJECT_PROCESS	76A739B1-A13E-FD50-BEA1-B218A0FD0400	FILE_OBJECT_FILE	EVENT_MMAP	1523030768746115453
6B0543CC-39B4-11E8-BF66-D9AA8AFF4A69	SUBJECT_PROCESS	76A739B1-A13E-FD50-BEA1-B218A0FD0400	FILE_OBJECT_FILE	EVENT_MMAP	1523030768746115453
6B0543CC-39B4-11E8-BF66-D9AA8AFF4A69	SUBJECT_PROCESS	76A739B1-A13E-FD50-BEA1-B218A0FD0400	FILE_OBJECT_FILE	EVENT_CLOSE	1523030768746115453
6B0543CC-39B4-11E8-BF66-D9AA8AFF4A69	SUBJECT_PROCESS	F29977F6-07A2-935B-A207-C4871B93FE07	FILE_OBJECT_FILE	EVENT_OPEN	1523030768746115453
6B0543CC-39B4-11E8-BF66-D9AA8AFF4A69	SUBJECT_PROCESS	F29977F6-07A2-935B-A207-C4871B93FE07	FILE_OBJECT_FILE	EVENT_MMAP	1523030768746115453
6B0543CC-39B4-11E8-BF66-D9AA8AFF4A69	SUBJECT_PROCESS	F29977F6-07A2-935B-A207-C4871B93FE07	FILE_OBJECT_FILE	EVENT_MMAP	1523030768746115453
6B0543CC-39B4-11E8-BF66-D9AA8AFF4A69	SUBJECT_PROCESS	F29977F6-07A2-935B-A207-C4871B93FE07	FILE_OBJECT_FILE	EVENT_MMAP	1523030768746115453
6B0543CC-39B4-11E8-BF66-D9AA8AFF4A69	SUBJECT_PROCESS	F29977F6-07A2-935B-A207-C4871B93FE07	FILE_OBJECT_FILE	EVENT_MMAP	1523030768746115453
6B0543CC-39B4-11E8-BF66-D9AA8AFF4A69	SUBJECT_PROCESS	F29977F6-07A2-935B-A207-C4871B93FE07	FILE_OBJECT_FILE	EVENT_MMAP	1523030768746115453
6B0543CC-39B4-11E8-BF66-D9AA8AFF4A69	SUBJECT_PROCESS	F29977F6-07A2-935B-A207-C4871B93FE07	FILE_OBJECT_FILE	EVENT_MMAP	1523030768746115453
6B0543CC-39B4-11E8-BF66-D9AA8AFF4A69	SUBJECT_PROCESS	F29977F6-07A2-935B-A207-C4871B93FE07	FILE_OBJECT_FILE	EVENT_CLOSE	1523030768746115453
6B0543CC-39B4-11E8-BF66-D9AA8AFF4A69	SUBJECT_PROCESS	9FF334BB-9072-D756-B290-556656D73728	FILE_OBJECT_FILE	EVENT_OPEN	1523030768746115453
6B0543CC-39B4-11E8-BF66-D9AA8AFF4A69	SUBJECT_PROCESS	9FF334BB-9072-D756-B290-556656D73728	FILE_OBJECT_FILE	EVENT_MMAP	1523030768746115453
6B0543CC-39B4-11E8-BF66-D9AA8AFF4A69	SUBJECT_PROCESS	9FF334BB-9072-D756-B290-556656D73728	FILE_OBJECT_FILE	EVENT_MMAP	1523030768746115453
6B0543CC-39B4-11E8-BF66-D9AA8AFF4A69	SUBJECT_PROCESS	9FF334BB-9072-D756-B290-556656D73728	FILE_OBJECT_FILE	EVENT_MMAP	1523030768756120474
6B0543CC-39B4-11E8-BF66-D9AA8AFF4A69	SUBJECT_PROCESS	9FF334BB-9072-D756-B290-556656D73728	FILE_OBJECT_FILE	EVENT_MMAP	1523030768756120474
6B0543CC-39B4-11E8-BF66-D9AA8AFF4A69	SUBJECT_PROCESS	9FF334BB-9072-D756-B290-556656D73728	FILE_OBJECT_FILE	EVENT_MMAP	1523030768756120474
6B0543CC-39B4-11E8-BF66-D9AA8AFF4A69	SUBJECT_PROCESS	9FF334BB-9072-D756-B290-556656D73728	FILE_OBJECT_FILE	EVENT_MMAP	1523030768756120474
6B0543CC-39B4-11E8-BF66-D9AA8AFF4A69	SUBJECT_PROCESS	9FF334BB-9072-D756-B290-556656D73728	FILE_OBJECT_FILE	EVENT_CLOSE	1523030768756120474
6B0543CC-39B4-11E8-BF66-D9AA8AFF4A69	SUBJECT_PROCESS	F410BE96-4C0C-765E-8C4C-6F0E2E760020	FILE_OBJECT_FILE	EVENT_OPEN	1523030768756120474
6B0543CC-39B4-11E8-BF66-D9AA8AFF4A69	SUBJECT_PROCESS	F410BE96-4C0C-765E-8C4C-6F0E2E760020	FILE_OBJECT_FILE	EVENT_MMAP	1523030768756120474
6B0543CC-39B4-11E8-BF66-D9AA8AFF4A69	SUBJECT_PROCESS	F410BE96-4C0C-765E-8C4C-6F0E2E760020	FILE_OBJECT_FILE	EVENT_MMAP	1523030768756120474
6B0543CC-39B4-11E8-BF66-D9AA8AFF4A69	SUBJECT_PROCESS	F410BE96-4C0C-765E-8C4C-6F0E2E760020	FILE_OBJECT_FILE	EVENT_CLOSE	1523030768756120474
6B0543CC-39B4-11E8-BF66-D9AA8AFF4A69	SUBJECT_PROCESS	1633500B-D34B-8058-8BD3-ABB7D880915E	FILE_OBJECT_FILE	EVENT_OPEN	1523030768756120474
6B0543CC-39B4-11E8-BF66-D9AA8AFF4A69	SUBJECT_PROCESS	1633500B-D34B-8058-8BD3-ABB7D880915E	FILE_OBJECT_FILE	EVENT_OPEN	1523030768756120474
6B0543CC-39B4-11E8-BF66-D9AA8AFF4A69	SUBJECT_PROCESS	64EE4B93-8566-E751-A685-83EDE1E76E1A	FILE_OBJECT_FILE	EVENT_WRITE	1523030768756120474
6B0543CC-39B4-11E8-BF66-D9AA8AFF4A69	SUBJECT_PROCESS	64EE4B93-8566-E751-A685-83EDE1E76E1A	FILE_OBJECT_FILE	EVENT_WRITE	1523030768756120474
6B0543CC-39B4-11E8-BF66-D9AA8AFF4A69	SUBJECT_PROCESS	64EE4B93-8566-E751-A685-83EDE1E76E1A	FILE_OBJECT_FILE	EVENT_WRITE	1523030768756120474
6B0543CC-39B4-11E8-BF66-D9AA8AFF4A69	SUBJECT_PROCESS	6B0543CC-39B4-11E8-BF66-D9AA8AFF4A69	SUBJECT_PROCESS	EVENT_EXIT	1523030768756120474
690EAD77-39B4-11E8-BF66-D9AA8AFF4A69	SUBJECT_PROCESS	64EE4B93-8566-E751-A685-83EDE1E76E1A	FILE_OBJECT_FILE	EVENT_WRITE	1523030768756120474
72FB0406-3678-11E8-BF66-D9AA8AFF4A69	SUBJECT_PROCESS	6A7BC3EE-39B4-11E8-BF66-D9AA8AFF4A69	FILE_OBJECT_UNIX_SOCKET	EVENT_CLOSE	1523030768806125828
72FB0406-3678-11E8-BF66-D9AA8AFF4A69	SUBJECT_PROCESS	6A7BC48E-39B4-11E8-BF66-D9AA8AFF4A69	FILE_OBJECT_UNIX_SOCKET	EVENT_CLOSE	1523030768806125828
72FB0406-3678-11E8-BF66-D9AA8AFF4A69	SUBJECT_PROCESS	6B12A6E9-39B4-11E8-BF66-D9AA8AFF4A69	FILE_OBJECT_UNIX_SOCKET	EVENT_CREATE_OBJECT	1523030768806125828
72FB0406-3678-11E8-BF66-D9AA8AFF4A69	SUBJECT_PROCESS	6B12A750-39B4-11E8-BF66-D9AA8AFF4A69	FILE_OBJECT_UNIX_SOCKET	EVENT_CREATE_OBJECT	1523030768806125828
0C0CC0C3-3680-11E8-BF66-D9AA8AFF4A69	SUBJECT_PROCESS	6B7A523D-39B4-11E8-BF66-D9AA8AFF4A69	FILE_OBJECT_UNIX_SOCKET	EVENT_CONNECT	1523030769486111552
A2B6F917-39AA-11E8-BF66-D9AA8AFF4A69	SUBJECT_PROCESS	0C0D74DB-3680-11E8-BF66-D9AA8AFF4A69	FILE_OBJECT_UNIX_SOCKET	EVENT_ACCEPT	1523030769486111552
A2B6F917-39AA-11E8-BF66-D9AA8AFF4A69	SUBJECT_PROCESS	6B7A7C04-39B4-11E8-BF66-D9AA8AFF4A69	FILE_OBJECT_UNIX_SOCKET	EVENT_ACCEPT	1523030769486111552
0C0CC0C3-3680-11E8-BF66-D9AA8AFF4A69	SUBJECT_PROCESS	6B7A523D-39B4-11E8-BF66-D9AA8AFF4A69	FILE_OBJECT_UNIX_SOCKET	EVENT_WRITE	1523030769486111552
A2B6F917-39AA-11E8-BF66-D9AA8AFF4A69	SUBJECT_PROCESS	0C0DB7A1-3680-11E8-BF66-D9AA8AFF4A69	FILE_OBJECT_FILE	EVENT_WRITE	1523030769486111552
0C0CC0C3-3680-11E8-BF66-D9AA8AFF4A69	SUBJECT_PROCESS	6B7A523D-39B4-11E8-BF66-D9AA8AFF4A69	FILE_OBJECT_UNIX_SOCKET	EVENT_WRITE	1523030769486111552
A2B6F917-39AA-11E8-BF66-D9AA8AFF4A69	SUBJECT_PROCESS	6B7A7C04-39B4-11E8-BF66-D9AA8AFF4A69	FILE_OBJECT_UNIX_SOCKET	EVENT_READ	1523030769486111552
0C0CC0C3-3680-11E8-BF66-D9AA8AFF4A69	SUBJECT_PROCESS	0C0DB755-3680-11E8-BF66-D9AA8AFF4A69	FILE_OBJECT_FILE	EVENT_READ	1523030769486111552
A2B6F917-39AA-11E8-BF66-D9AA8AFF4A69	SUBJECT_PROCESS	586C56DA-CB56-745E-96CB-52069E742598	FILE_OBJECT_FILE	EVENT_OPEN	1523030769486111552
A2B6F917-39AA-11E8-BF66-D9AA8AFF4A69	SUBJECT_PROCESS	586C56DA-CB56-745E-96CB-52069E742598	FILE_OBJECT_FILE	EVENT_CLOSE	1523030769486111552
A2B6F917-39AA-11E8-BF66-D9AA8AFF4A69	SUBJECT_PROCESS	0C0DB7A1-3680-11E8-BF66-D9AA8AFF4A69	FILE_OBJECT_FILE	EVENT_WRITE	1523030769486111552
0C0CC0C3-3680-11E8-BF66-D9AA8AFF4A69	SUBJECT_PROCESS	0C0DB755-3680-11E8-BF66-D9AA8AFF4A69	FILE_OBJECT_FILE	EVENT_READ	1523030769486111552
A2B6F917-39AA-11E8-BF66-D9AA8AFF4A69	SUBJECT_PROCESS	6B7A7C04-39B4-11E8-BF66-D9AA8AFF4A69	FILE_OBJECT_UNIX_SOCKET	EVENT_CLOSE	1523030769486111552
0C0CC0C3-3680-11E8-BF66-D9AA8AFF4A69	SUBJECT_PROCESS	6B7A523D-39B4-11E8-BF66-D9AA8AFF4A69	FILE_OBJECT_UNIX_SOCKET	EVENT_CLOSE	1523030769486111552
72FB0406-3678-11E8-BF66-D9AA8AFF4A69	SUBJECT_PROCESS	6B12A6E9-39B4-11E8-BF66-D9AA8AFF4A69	FILE_OBJECT_UNIX_SOCKET	EVENT_CLOSE	1523030769806112078
72FB0406-3678-11E8-BF66-D9AA8AFF4A69	SUBJECT_PROCESS	6B12A750-39B4-11E8-BF66-D9AA8AFF4A69	FILE_OBJECT_UNIX_SOCKET	EVENT_CLOSE	1523030769806112078
72FB0406-3678-11E8-BF66-D9AA8AFF4A69	SUBJECT_PROCESS	6BAB3B6C-39B4-11E8-BF66-D9AA8AFF4A69	FILE_OBJECT_UNIX_SOCKET	EVENT_CREATE_OBJECT	1523030769806112078
72FB0406-3678-11E8-BF66-D9AA8AFF4A69	SUBJECT_PROCESS	6BAB3BD3-39B4-11E8-BF66-D9AA8AFF4A69	FILE_OBJECT_UNIX_SOCKET	EVENT_CREATE_OBJECT	1523030769806112078
690EAD77-39B4-11E8-BF66-D9AA8AFF4A69	SUBJECT_PROCESS	64EE4B93-8566-E751-A685-83EDE1E76E1A	FILE_OBJECT_FILE	EVENT_READ	1523030770776111835
690EAD77-39B4-11E8-BF66-D9AA8AFF4A69	SUBJECT_PROCESS	64EE4B93-8566-E751-A685-83EDE1E76E1A	FILE_OBJECT_FILE	EVENT_WRITE	1523030770776111835
72FB0406-3678-11E8-BF66-D9AA8AFF4A69	SUBJECT_PROCESS	6BAB3B6C-39B4-11E8-BF66-D9AA8AFF4A69	FILE_OBJECT_UNIX_SOCKET	EVENT_CLOSE	1523030770816110118
72FB0406-3678-11E8-BF66-D9AA8AFF4A69	SUBJECT_PROCESS	6BAB3BD3-39B4-11E8-BF66-D9AA8AFF4A69	FILE_OBJECT_UNIX_SOCKET	EVENT_CLOSE	1523030770816110118
72FB0406-3678-11E8-BF66-D9AA8AFF4A69	SUBJECT_PROCESS	6C4584C4-39B4-11E8-BF66-D9AA8AFF4A69	FILE_OBJECT_UNIX_SOCKET	EVENT_CREATE_OBJECT	1523030770816110118
72FB0406-3678-11E8-BF66-D9AA8AFF4A69	SUBJECT_PROCESS	6C458569-39B4-11E8-BF66-D9AA8AFF4A69	FILE_OBJECT_UNIX_SOCKET	EVENT_CREATE_OBJECT	1523030770816110118
690EAD77-39B4-11E8-BF66-D9AA8AFF4A69	SUBJECT_PROCESS	64EE4B93-8566-E751-A685-83EDE1E76E1A	FILE_OBJECT_FILE	EVENT_READ	1523030770936114208
690EAD77-39B4-11E8-BF66-D9AA8AFF4A69	SUBJECT_PROCESS	64EE4B93-8566-E751-A685-83EDE1E76E1A	FILE_OBJECT_FILE	EVENT_WRITE	1523030770936114208
690EAD77-39B4-11E8-BF66-D9AA8AFF4A69	SUBJECT_PROCESS	64EE4B93-8566-E751-A685-83EDE1E76E1A	FILE_OBJECT_FILE	EVENT_READ	1523030771066109888
690EAD77-39B4-11E8-BF66-D9AA8AFF4A69	SUBJECT_PROCESS	64EE4B93-8566-E751-A685-83EDE1E76E1A	FILE_OBJECT_FILE	EVENT_WRITE	1523030771066109888
690EAD77-39B4-11E8-BF66-D9AA8AFF4A69	SUBJECT_PROCESS	64EE4B93-8566-E751-A685-83EDE1E76E1A	FILE_OBJECT_FILE	EVENT_READ	1523030771456109569
690EAD77-39B4-11E8-BF66-D9AA8AFF4A69	SUBJECT_PROCESS	64EE4B93-8566-E751-A685-83EDE1E76E1A	FILE_OBJECT_FILE	EVENT_WRITE	1523030771456109569
690EAD77-39B4-11E8-BF66-D9AA8AFF4A69	SUBJECT_PROCESS	64EE4B93-8566-E751-A685-83EDE1E76E1A	FILE_OBJECT_FILE	EVENT_READ	1523030771536110945
690EAD77-39B4-11E8-BF66-D9AA8AFF4A69	SUBJECT_PROCESS	64EE4B93-8566-E751-A685-83EDE1E76E1A	FILE_OBJECT_FILE	EVENT_WRITE	1523030771536110945
690EAD77-39B4-11E8-BF66-D9AA8AFF4A69	SUBJECT_PROCESS	64EE4B93-8566-E751-A685-83EDE1E76E1A	FILE_OBJECT_FILE	EVENT_READ	1523030771696120148
690EAD77-39B4-11E8-BF66-D9AA8AFF4A69	SUBJECT_PROCESS	64EE4B93-8566-E751-A685-83EDE1E76E1A	FILE_OBJECT_FILE	EVENT_WRITE	1523030771696120148
72FB0406-3678-11E8-BF66-D9AA8AFF4A69	SUBJECT_PROCESS	6C4584C4-39B4-11E8-BF66-D9AA8AFF4A69	FILE_OBJECT_UNIX_SOCKET	EVENT_CLOSE	1523030771806112617
72FB0406-3678-11E8-BF66-D9AA8AFF4A69	SUBJECT_PROCESS	6C458569-39B4-11E8-BF66-D9AA8AFF4A69	FILE_OBJECT_UNIX_SOCKET	EVENT_CLOSE	1523030771806112617
72FB0406-3678-11E8-BF66-D9AA8AFF4A69	SUBJECT_PROCESS	6CDC6DB3-39B4-11E8-BF66-D9AA8AFF4A69	FILE_OBJECT_UNIX_SOCKET	EVENT_CREATE_OBJECT	1523030771806112617
72FB0406-3678-11E8-BF66-D9AA8AFF4A69	SUBJECT_PROCESS	6CDC6E1D-39B4-11E8-BF66-D9AA8AFF4A69	FILE_OBJECT_UNIX_SOCKET	EVENT_CREATE_OBJECT	1523030771806112617
690EAD77-39B4-11E8-BF66-D9AA8AFF4A69	SUBJECT_PROCESS	64EE4B93-8566-E751-A685-83EDE1E76E1A	FILE_OBJECT_FILE	EVENT_READ	1523030772126111672
690EAD77-39B4-11E8-BF66-D9AA8AFF4A69	SUBJECT_PROCESS	64EE4B93-8566-E751-A685-83EDE1E76E1A	FILE_OBJECT_FILE	EVENT_WRITE	1523030772126111672
690EAD77-39B4-11E8-BF66-D9AA8AFF4A69	SUBJECT_PROCESS	6D0D7E76-39B4-11E8-BF66-D9AA8AFF4A69	SUBJECT_PROCESS	EVENT_FORK	1523030772126111672
6D0D7E76-39B4-11E8-BF66-D9AA8AFF4A69	SUBJECT_PROCESS	EA112F0C-C0B2-CD5B-B2C0-A1B8CBCD4FE9	FILE_OBJECT_FILE	EVENT_EXECUTE	1523030772126111672
6D0D7E76-39B4-11E8-BF66-D9AA8AFF4A69	SUBJECT_PROCESS	7A350F75-9945-425D-8599-15CEBD426F06	FILE_OBJECT_FILE	EVENT_EXECUTE	1523030772126111672
6D0D7E76-39B4-11E8-BF66-D9AA8AFF4A69	SUBJECT_PROCESS	51110606-D232-9652-B2D2-3A7242968F8A	FILE_OBJECT_FILE	EVENT_OPEN	1523030772126111672
6D0D7E76-39B4-11E8-BF66-D9AA8AFF4A69	SUBJECT_PROCESS	51110606-D232-9652-B2D2-3A7242968F8A	FILE_OBJECT_FILE	EVENT_READ	1523030772126111672
6D0D7E76-39B4-11E8-BF66-D9AA8AFF4A69	SUBJECT_PROCESS	51110606-D232-9652-B2D2-3A7242968F8A	FILE_OBJECT_FILE	EVENT_CLOSE	1523030772126111672
6D0D7E76-39B4-11E8-BF66-D9AA8AFF4A69	SUBJECT_PROCESS	8A44F292-648B-7854-8B64-00F954785A79	FILE_OBJECT_FILE	EVENT_OPEN	1523030772126111672
6D0D7E76-39B4-11E8-BF66-D9AA8AFF4A69	SUBJECT_PROCESS	8A44F292-648B-7854-8B64-00F954785A79	FILE_OBJECT_FILE	EVENT_READ	1523030772126111672
6D0D7E76-39B4-11E8-BF66-D9AA8AFF4A69	SUBJECT_PROCESS	8A44F292-648B-7854-8B64-00F954785A79	FILE_OBJECT_FILE	EVENT_READ	1523030772126111672
6D0D7E76-39B4-11E8-BF66-D9AA8AFF4A69	SUBJECT_PROCESS	8A44F292-648B-7854-8B64-00F954785A79	FILE_OBJECT_FILE	EVENT_CLOSE	1523030772126111672
6D0D7E76-39B4-11E8-BF66-D9AA8AFF4A69	SUBJECT_PROCESS	D57B2A07-B373-B75A-B3B3-93790AB76535	FILE_OBJECT_FILE	EVENT_OPEN	1523030772126111672
6D0D7E76-39B4-11E8-BF66-D9AA8AFF4A69	SUBJECT_PROCESS	D57B2A07-B373-B75A-B3B3-93790AB76535	FILE_OBJECT_FILE	EVENT_MMAP	1523030772126111672
6D0D7E76-39B4-11E8-BF66-D9AA8AFF4A69	SUBJECT_PROCESS	D57B2A07-B373-B75A-B3B3-93790AB76535	FILE_OBJECT_FILE	EVENT_MMAP	1523030772126111672
6D0D7E76-39B4-11E8-BF66-D9AA8AFF4A69	SUBJECT_PROCESS	D57B2A07-B373-B75A-B3B3-93790AB76535	FILE_OBJECT_FILE	EVENT_MMAP	1523030772126111672
6D0D7E76-39B4-11E8-BF66-D9AA8AFF4A69	SUBJECT_PROCESS	D57B2A07-B373-B75A-B3B3-93790AB76535	FILE_OBJECT_FILE	EVENT_MMAP	1523030772126111672
6D0D7E76-39B4-11E8-BF66-D9AA8AFF4A69	SUBJECT_PROCESS	D57B2A07-B373-B75A-B3B3-93790AB76535	FILE_OBJECT_FILE	EVENT_MMAP	1523030772126111672
6D0D7E76-39B4-11E8-BF66-D9AA8AFF4A69	SUBJECT_PROCESS	D57B2A07-B373-B75A-B3B3-93790AB76535	FILE_OBJECT_FILE	EVENT_MMAP	1523030772126111672
6D0D7E76-39B4-11E8-BF66-D9AA8AFF4A69	SUBJECT_PROCESS	D57B2A07-B373-B75A-B3B3-93790AB76535	FILE_OBJECT_FILE	EVENT_CLOSE	1523030772126111672
6D0D7E76-39B4-11E8-BF66-D9AA8AFF4A69	SUBJECT_PROCESS	718F288D-A702-1B5D-82A7-80807D1BB326	FILE_OBJECT_FILE	EVENT_OPEN	1523030772126111672
6D0D7E76-39B4-11E8-BF66-D9AA8AFF4A69	SUBJECT_PROCESS	718F288D-A702-1B5D-82A7-80807D1BB326	FILE_OBJECT_FILE	EVENT_MMAP	1523030772126111672
6D0D7E76-39B4-11E8-BF66-D9AA8AFF4A69	SUBJECT_PROCESS	718F288D-A702-1B5D-82A7-80807D1BB326	FILE_OBJECT_FILE	EVENT_MMAP	1523030772136113253
6D0D7E76-39B4-11E8-BF66-D9AA8AFF4A69	SUBJECT_PROCESS	718F288D-A702-1B5D-82A7-80807D1BB326	FILE_OBJECT_FILE	EVENT_MMAP	1523030772136113253
6D0D7E76-39B4-11E8-BF66-D9AA8AFF4A69	SUBJECT_PROCESS	718F288D-A702-1B5D-82A7-80807D1BB326	FILE_OBJECT_FILE	EVENT_MMAP	1523030772136113253
6D0D7E76-39B4-11E8-BF66-D9AA8AFF4A69	SUBJECT_PROCESS	718F288D-A702-1B5D-82A7-80807D1BB326	FILE_OBJECT_FILE	EVENT_MMAP	1523030772136113253
6D0D7E76-39B4-11E8-BF66-D9AA8AFF4A69	SUBJECT_PROCESS	718F288D-A702-1B5D-82A7-80807D1BB326	FILE_OBJECT_FILE	EVENT_MMAP	1523030772136113253
6D0D7E76-39B4-11E8-BF66-D9AA8AFF4A69	SUBJECT_PROCESS	718F288D-A702-1B5D-82A7-80807D1BB326	FILE_OBJECT_FILE	EVENT_CLOSE	1523030772136113253
6D0D7E76-39B4-11E8-BF66-D9AA8AFF4A69	SUBJECT_PROCESS	D3F11983-FFD7-8A58-97FF-D38E388A1453	FILE_OBJECT_FILE	EVENT_OPEN	1523030772136113253
6D0D7E76-39B4-11E8-BF66-D9AA8AFF4A69	SUBJECT_PROCESS	D3F11983-FFD7-8A58-97FF-D38E388A1453	FILE_OBJECT_FILE	EVENT_MMAP	1523030772136113253
6D0D7E76-39B4-11E8-BF66-D9AA8AFF4A69	SUBJECT_PROCESS	D3F11983-FFD7-8A58-97FF-D38E388A1453	FILE_OBJECT_FILE	EVENT_MMAP	1523030772136113253
6D0D7E76-39B4-11E8-BF66-D9AA8AFF4A69	SUBJECT_PROCESS	D3F11983-FFD7-8A58-97FF-D38E388A1453	FILE_OBJECT_FILE	EVENT_MMAP	1523030772136113253
6D0D7E76-39B4-11E8-BF66-D9AA8AFF4A69	SUBJECT_PROCESS	D3F11983-FFD7-8A58-97FF-D38E388A1453	FILE_OBJECT_FILE	EVENT_MMAP	1523030772136113253
6D0D7E76-39B4-11E8-BF66-D9AA8AFF4A69	SUBJECT_PROCESS	D3F11983-FFD7-8A58-97FF-D38E388A1453	FILE_OBJECT_FILE	EVENT_MMAP	1523030772136113253
6D0D7E76-39B4-11E8-BF66-D9AA8AFF4A69	SUBJECT_PROCESS	D3F11983-FFD7-8A58-97FF-D38E388A1453	FILE_OBJECT_FILE	EVENT_MMAP	1523030772136113253
6D0D7E76-39B4-11E8-BF66-D9AA8AFF4A69	SUBJECT_PROCESS	D3F11983-FFD7-8A58-97FF-D38E388A1453	FILE_OBJECT_FILE	EVENT_CLOSE	1523030772136113253
6D0D7E76-39B4-11E8-BF66-D9AA8AFF4A69	SUBJECT_PROCESS	0905A02C-D979-5D57-B9D9-F12D475D7A9B	FILE_OBJECT_FILE	EVENT_OPEN	1523030772136113253
6D0D7E76-39B4-11E8-BF66-D9AA8AFF4A69	SUBJECT_PROCESS	0905A02C-D979-5D57-B9D9-F12D475D7A9B	FILE_OBJECT_FILE	EVENT_MMAP	1523030772136113253
6D0D7E76-39B4-11E8-BF66-D9AA8AFF4A69	SUBJECT_PROCESS	0905A02C-D979-5D57-B9D9-F12D475D7A9B	FILE_OBJECT_FILE	EVENT_MMAP	1523030772136113253
6D0D7E76-39B4-11E8-BF66-D9AA8AFF4A69	SUBJECT_PROCESS	0905A02C-D979-5D57-B9D9-F12D475D7A9B	FILE_OBJECT_FILE	EVENT_MMAP	1523030772136113253
6D0D7E76-39B4-11E8-BF66-D9AA8AFF4A69	SUBJECT_PROCESS	0905A02C-D979-5D57-B9D9-F12D475D7A9B	FILE_OBJECT_FILE	EVENT_MMAP	1523030772136113253
6D0D7E76-39B4-11E8-BF66-D9AA8AFF4A69	SUBJECT_PROCESS	0905A02C-D979-5D57-B9D9-F12D475D7A9B	FILE_OBJECT_FILE	EVENT_MMAP	1523030772136113253
6D0D7E76-39B4-11E8-BF66-D9AA8AFF4A69	SUBJECT_PROCESS	0905A02C-D979-5D57-B9D9-F12D475D7A9B	FILE_OBJECT_FILE	EVENT_MMAP	1523030772136113253
6D0D7E76-39B4-11E8-BF66-D9AA8AFF4A69	SUBJECT_PROCESS	0905A02C-D979-5D57-B9D9-F12D475D7A9B	FILE_OBJECT_FILE	EVENT_CLOSE	1523030772136113253
6D0D7E76-39B4-11E8-BF66-D9AA8AFF4A69	SUBJECT_PROCESS	76A739B1-A13E-FD50-BEA1-B218A0FD0400	FILE_OBJECT_FILE	EVENT_OPEN	1523030772136113253
6D0D7E76-39B4-11E8-BF66-D9AA8AFF4A69	SUBJECT_PROCESS	76A739B1-A13E-FD50-BEA1-B218A0FD0400	FILE_OBJECT_FILE	EVENT_MMAP	1523030772136113253
6D0D7E76-39B4-11E8-BF66-D9AA8AFF4A69	SUBJECT_PROCESS	76A739B1-A13E-FD50-BEA1-B218A0FD0400	FILE_OBJECT_FILE	EVENT_MMAP	1523030772136113253
6D0D7E76-39B4-11E8-BF66-D9AA8AFF4A69	SUBJECT_PROCESS	76A739B1-A13E-FD50-BEA1-B218A0FD0400	FILE_OBJECT_FILE	EVENT_MMAP	1523030772136113253
6D0D7E76-39B4-11E8-BF66-D9AA8AFF4A69	SUBJECT_PROCESS	76A739B1-A13E-FD50-BEA1-B218A0FD0400	FILE_OBJECT_FILE	EVENT_MMAP	1523030772136113253
6D0D7E76-39B4-11E8-BF66-D9AA8AFF4A69	SUBJECT_PROCESS	76A739B1-A13E-FD50-BEA1-B218A0FD0400	FILE_OBJECT_FILE	EVENT_MMAP	1523030772136113253
6D0D7E76-39B4-11E8-BF66-D9AA8AFF4A69	SUBJECT_PROCESS	76A739B1-A13E-FD50-BEA1-B218A0FD0400	FILE_OBJECT_FILE	EVENT_MMAP	1523030772136113253
6D0D7E76-39B4-11E8-BF66-D9AA8AFF4A69	SUBJECT_PROCESS	76A739B1-A13E-FD50-BEA1-B218A0FD0400	FILE_OBJECT_FILE	EVENT_CLOSE	1523030772136113253
6D0D7E76-39B4-11E8-BF66-D9AA8AFF4A69	SUBJECT_PROCESS	F29977F6-07A2-935B-A207-C4871B93FE07	FILE_OBJECT_FILE	EVENT_OPEN	1523030772136113253
6D0D7E76-39B4-11E8-BF66-D9AA8AFF4A69	SUBJECT_PROCESS	F29977F6-07A2-935B-A207-C4871B93FE07	FILE_OBJECT_FILE	EVENT_MMAP	1523030772136113253
6D0D7E76-39B4-11E8-BF66-D9AA8AFF4A69	SUBJECT_PROCESS	F29977F6-07A2-935B-A207-C4871B93FE07	FILE_OBJECT_FILE	EVENT_MMAP	1523030772146111724
6D0D7E76-39B4-11E8-BF66-D9AA8AFF4A69	SUBJECT_PROCESS	F29977F6-07A2-935B-A207-C4871B93FE07	FILE_OBJECT_FILE	EVENT_MMAP	1523030772146111724
6D0D7E76-39B4-11E8-BF66-D9AA8AFF4A69	SUBJECT_PROCESS	F29977F6-07A2-935B-A207-C4871B93FE07	FILE_OBJECT_FILE	EVENT_MMAP	1523030772146111724
6D0D7E76-39B4-11E8-BF66-D9AA8AFF4A69	SUBJECT_PROCESS	F29977F6-07A2-935B-A207-C4871B93FE07	FILE_OBJECT_FILE	EVENT_MMAP	1523030772146111724
6D0D7E76-39B4-11E8-BF66-D9AA8AFF4A69	SUBJECT_PROCESS	F29977F6-07A2-935B-A207-C4871B93FE07	FILE_OBJECT_FILE	EVENT_MMAP	1523030772146111724
6D0D7E76-39B4-11E8-BF66-D9AA8AFF4A69	SUBJECT_PROCESS	F29977F6-07A2-935B-A207-C4871B93FE07	FILE_OBJECT_FILE	EVENT_CLOSE	1523030772146111724
6D0D7E76-39B4-11E8-BF66-D9AA8AFF4A69	SUBJECT_PROCESS	9FF334BB-9072-D756-B290-556656D73728	FILE_OBJECT_FILE	EVENT_OPEN	1523030772146111724
6D0D7E76-39B4-11E8-BF66-D9AA8AFF4A69	SUBJECT_PROCESS	9FF334BB-9072-D756-B290-556656D73728	FILE_OBJECT_FILE	EVENT_MMAP	1523030772146111724
6D0D7E76-39B4-11E8-BF66-D9AA8AFF4A69	SUBJECT_PROCESS	9FF334BB-9072-D756-B290-556656D73728	FILE_OBJECT_FILE	EVENT_MMAP	1523030772146111724
6D0D7E76-39B4-11E8-BF66-D9AA8AFF4A69	SUBJECT_PROCESS	9FF334BB-9072-D756-B290-556656D73728	FILE_OBJECT_FILE	EVENT_MMAP	1523030772146111724
6D0D7E76-39B4-11E8-BF66-D9AA8AFF4A69	SUBJECT_PROCESS	9FF334BB-9072-D756-B290-556656D73728	FILE_OBJECT_FILE	EVENT_MMAP	1523030772146111724
6D0D7E76-39B4-11E8-BF66-D9AA8AFF4A69	SUBJECT_PROCESS	9FF334BB-9072-D756-B290-556656D73728	FILE_OBJECT_FILE	EVENT_MMAP	1523030772146111724
6D0D7E76-39B4-11E8-BF66-D9AA8AFF4A69	SUBJECT_PROCESS	9FF334BB-9072-D756-B290-556656D73728	FILE_OBJECT_FILE	EVENT_MMAP	1523030772146111724
6D0D7E76-39B4-11E8-BF66-D9AA8AFF4A69	SUBJECT_PROCESS	9FF334BB-9072-D756-B290-556656D73728	FILE_OBJECT_FILE	EVENT_CLOSE	1523030772146111724
6D0D7E76-39B4-11E8-BF66-D9AA8AFF4A69	SUBJECT_PROCESS	F410BE96-4C0C-765E-8C4C-6F0E2E760020	FILE_OBJECT_FILE	EVENT_OPEN	1523030772146111724
6D0D7E76-39B4-11E8-BF66-D9AA8AFF4A69	SUBJECT_PROCESS	F410BE96-4C0C-765E-8C4C-6F0E2E760020	FILE_OBJECT_FILE	EVENT_MMAP	1523030772146111724
6D0D7E76-39B4-11E8-BF66-D9AA8AFF4A69	SUBJECT_PROCESS	F410BE96-4C0C-765E-8C4C-6F0E2E760020	FILE_OBJECT_FILE	EVENT_MMAP	1523030772146111724
6D0D7E76-39B4-11E8-BF66-D9AA8AFF4A69	SUBJECT_PROCESS	F410BE96-4C0C-765E-8C4C-6F0E2E760020	FILE_OBJECT_FILE	EVENT_CLOSE	1523030772146111724
6D0D7E76-39B4-11E8-BF66-D9AA8AFF4A69	SUBJECT_PROCESS	1633500B-D34B-8058-8BD3-ABB7D880915E	FILE_OBJECT_FILE	EVENT_OPEN	1523030772146111724
6D0D7E76-39B4-11E8-BF66-D9AA8AFF4A69	SUBJECT_PROCESS	1633500B-D34B-8058-8BD3-ABB7D880915E	FILE_OBJECT_FILE	EVENT_OPEN	1523030772146111724
6D0D7E76-39B4-11E8-BF66-D9AA8AFF4A69	SUBJECT_PROCESS	BCDBE64D-1703-005A-8317-44DD6A00589D	FILE_OBJECT_FILE	EVENT_OPEN	1523030772146111724
6D0D7E76-39B4-11E8-BF66-D9AA8AFF4A69	SUBJECT_PROCESS	BCDBE64D-1703-005A-8317-44DD6A00589D	FILE_OBJECT_FILE	EVENT_READ	1523030772156112625
6D0D7E76-39B4-11E8-BF66-D9AA8AFF4A69	SUBJECT_PROCESS	BCDBE64D-1703-005A-8317-44DD6A00589D	FILE_OBJECT_FILE	EVENT_READ	1523030772156112625
6D0D7E76-39B4-11E8-BF66-D9AA8AFF4A69	SUBJECT_PROCESS	BCDBE64D-1703-005A-8317-44DD6A00589D	FILE_OBJECT_FILE	EVENT_CLOSE	1523030772156112625
6D0D7E76-39B4-11E8-BF66-D9AA8AFF4A69	SUBJECT_PROCESS	C53609B6-A912-B65B-92A9-B89E0BB6C2E1	FILE_OBJECT_FILE	EVENT_OPEN	1523030772156112625
6D0D7E76-39B4-11E8-BF66-D9AA8AFF4A69	SUBJECT_PROCESS	C53609B6-A912-B65B-92A9-B89E0BB6C2E1	FILE_OBJECT_FILE	EVENT_READ	1523030772156112625
6D0D7E76-39B4-11E8-BF66-D9AA8AFF4A69	SUBJECT_PROCESS	C53609B6-A912-B65B-92A9-B89E0BB6C2E1	FILE_OBJECT_FILE	EVENT_READ	1523030772156112625
6D0D7E76-39B4-11E8-BF66-D9AA8AFF4A69	SUBJECT_PROCESS	C53609B6-A912-B65B-92A9-B89E0BB6C2E1	FILE_OBJECT_FILE	EVENT_READ	1523030772156112625
6D0D7E76-39B4-11E8-BF66-D9AA8AFF4A69	SUBJECT_PROCESS	AE441C70-DEC0-BD5F-80DE-3DE4DFBDF253	FILE_OBJECT_FILE	EVENT_OPEN	1523030772156112625
6D0D7E76-39B4-11E8-BF66-D9AA8AFF4A69	SUBJECT_PROCESS	AE441C70-DEC0-BD5F-80DE-3DE4DFBDF253	FILE_OBJECT_FILE	EVENT_READ	1523030772156112625
6D0D7E76-39B4-11E8-BF66-D9AA8AFF4A69	SUBJECT_PROCESS	AE441C70-DEC0-BD5F-80DE-3DE4DFBDF253	FILE_OBJECT_FILE	EVENT_CLOSE	1523030772156112625
6D0D7E76-39B4-11E8-BF66-D9AA8AFF4A69	SUBJECT_PROCESS	104A8C35-2200-3156-8022-4129E631EA52	FILE_OBJECT_FILE	EVENT_OPEN	1523030772156112625
6D0D7E76-39B4-11E8-BF66-D9AA8AFF4A69	SUBJECT_PROCESS	104A8C35-2200-3156-8022-4129E631EA52	FILE_OBJECT_FILE	EVENT_READ	1523030772156112625
6D0D7E76-39B4-11E8-BF66-D9AA8AFF4A69	SUBJECT_PROCESS	104A8C35-2200-3156-8022-4129E631EA52	FILE_OBJECT_FILE	EVENT_CLOSE	1523030772156112625
6D0D7E76-39B4-11E8-BF66-D9AA8AFF4A69	SUBJECT_PROCESS	C53609B6-A912-B65B-92A9-B89E0BB6C2E1	FILE_OBJECT_FILE	EVENT_READ	1523030772156112625
6D0D7E76-39B4-11E8-BF66-D9AA8AFF4A69	SUBJECT_PROCESS	C53609B6-A912-B65B-92A9-B89E0BB6C2E1	FILE_OBJECT_FILE	EVENT_READ	1523030772156112625
6D0D7E76-39B4-11E8-BF66-D9AA8AFF4A69	SUBJECT_PROCESS	C53609B6-A912-B65B-92A9-B89E0BB6C2E1	FILE_OBJECT_FILE	EVENT_READ	1523030772156112625
6D0D7E76-39B4-11E8-BF66-D9AA8AFF4A69	SUBJECT_PROCESS	C53609B6-A912-B65B-92A9-B89E0BB6C2E1	FILE_OBJECT_FILE	EVENT_READ	1523030772156112625
6D0D7E76-39B4-11E8-BF66-D9AA8AFF4A69	SUBJECT_PROCESS	C53609B6-A912-B65B-92A9-B89E0BB6C2E1	FILE_OBJECT_FILE	EVENT_READ	1523030772156112625
6D0D7E76-39B4-11E8-BF66-D9AA8AFF4A69	SUBJECT_PROCESS	C53609B6-A912-B65B-92A9-B89E0BB6C2E1	FILE_OBJECT_FILE	EVENT_READ	1523030772156112625
6D0D7E76-39B4-11E8-BF66-D9AA8AFF4A69	SUBJECT_PROCESS	64EE4B93-8566-E751-A685-83EDE1E76E1A	FILE_OBJECT_FILE	EVENT_WRITE	1523030772156112625
6D0D7E76-39B4-11E8-BF66-D9AA8AFF4A69	SUBJECT_PROCESS	64EE4B93-8566-E751-A685-83EDE1E76E1A	FILE_OBJECT_FILE	EVENT_WRITE	1523030772166118645
6D0D7E76-39B4-11E8-BF66-D9AA8AFF4A69	SUBJECT_PROCESS	64EE4B93-8566-E751-A685-83EDE1E76E1A	FILE_OBJECT_FILE	EVENT_WRITE	1523030772166118645
6D0D7E76-39B4-11E8-BF66-D9AA8AFF4A69	SUBJECT_PROCESS	64EE4B93-8566-E751-A685-83EDE1E76E1A	FILE_OBJECT_FILE	EVENT_WRITE	1523030772166118645
6D0D7E76-39B4-11E8-BF66-D9AA8AFF4A69	SUBJECT_PROCESS	64EE4B93-8566-E751-A685-83EDE1E76E1A	FILE_OBJECT_FILE	EVENT_WRITE	1523030772166118645
6D0D7E76-39B4-11E8-BF66-D9AA8AFF4A69	SUBJECT_PROCESS	64EE4B93-8566-E751-A685-83EDE1E76E1A	FILE_OBJECT_FILE	EVENT_WRITE	1523030772166118645
6D0D7E76-39B4-11E8-BF66-D9AA8AFF4A69	SUBJECT_PROCESS	64EE4B93-8566-E751-A685-83EDE1E76E1A	FILE_OBJECT_FILE	EVENT_WRITE	1523030772166118645
6D0D7E76-39B4-11E8-BF66-D9AA8AFF4A69	SUBJECT_PROCESS	64EE4B93-8566-E751-A685-83EDE1E76E1A	FILE_OBJECT_FILE	EVENT_WRITE	1523030772166118645
6D0D7E76-39B4-11E8-BF66-D9AA8AFF4A69	SUBJECT_PROCESS	64EE4B93-8566-E751-A685-83EDE1E76E1A	FILE_OBJECT_FILE	EVENT_WRITE	1523030772166118645
6D0D7E76-39B4-11E8-BF66-D9AA8AFF4A69	SUBJECT_PROCESS	64EE4B93-8566-E751-A685-83EDE1E76E1A	FILE_OBJECT_FILE	EVENT_WRITE	1523030772166118645
6D0D7E76-39B4-11E8-BF66-D9AA8AFF4A69	SUBJECT_PROCESS	64EE4B93-8566-E751-A685-83EDE1E76E1A	FILE_OBJECT_FILE	EVENT_WRITE	1523030772166118645
6D0D7E76-39B4-11E8-BF66-D9AA8AFF4A69	SUBJECT_PROCESS	64EE4B93-8566-E751-A685-83EDE1E76E1A	FILE_OBJECT_FILE	EVENT_WRITE	1523030772166118645
6D0D7E76-39B4-11E8-BF66-D9AA8AFF4A69	SUBJECT_PROCESS	64EE4B93-8566-E751-A685-83EDE1E76E1A	FILE_OBJECT_FILE	EVENT_WRITE	1523030772166118645
6D0D7E76-39B4-11E8-BF66-D9AA8AFF4A69	SUBJECT_PROCESS	64EE4B93-8566-E751-A685-83EDE1E76E1A	FILE_OBJECT_FILE	EVENT_WRITE	1523030772166118645
6D0D7E76-39B4-11E8-BF66-D9AA8AFF4A69	SUBJECT_PROCESS	64EE4B93-8566-E751-A685-83EDE1E76E1A	FILE_OBJECT_FILE	EVENT_WRITE	1523030772166118645
6D0D7E76-39B4-11E8-BF66-D9AA8AFF4A69	SUBJECT_PROCESS	64EE4B93-8566-E751-A685-83EDE1E76E1A	FILE_OBJECT_FILE	EVENT_WRITE	1523030772166118645
6D0D7E76-39B4-11E8-BF66-D9AA8AFF4A69	SUBJECT_PROCESS	64EE4B93-8566-E751-A685-83EDE1E76E1A	FILE_OBJECT_FILE	EVENT_WRITE	1523030772166118645
6D0D7E76-39B4-11E8-BF66-D9AA8AFF4A69	SUBJECT_PROCESS	64EE4B93-8566-E751-A685-83EDE1E76E1A	FILE_OBJECT_FILE	EVENT_WRITE	1523030772166118645
6D0D7E76-39B4-11E8-BF66-D9AA8AFF4A69	SUBJECT_PROCESS	64EE4B93-8566-E751-A685-83EDE1E76E1A	FILE_OBJECT_FILE	EVENT_WRITE	1523030772166118645
6D0D7E76-39B4-11E8-BF66-D9AA8AFF4A69	SUBJECT_PROCESS	64EE4B93-8566-E751-A685-83EDE1E76E1A	FILE_OBJECT_FILE	EVENT_WRITE	1523030772166118645
6D0D7E76-39B4-11E8-BF66-D9AA8AFF4A69	SUBJECT_PROCESS	64EE4B93-8566-E751-A685-83EDE1E76E1A	FILE_OBJECT_FILE	EVENT_WRITE	1523030772166118645
6D0D7E76-39B4-11E8-BF66-D9AA8AFF4A69	SUBJECT_PROCESS	64EE4B93-8566-E751-A685-83EDE1E76E1A	FILE_OBJECT_FILE	EVENT_WRITE	1523030772176112586
6D0D7E76-39B4-11E8-BF66-D9AA8AFF4A69	SUBJECT_PROCESS	64EE4B93-8566-E751-A685-83EDE1E76E1A	FILE_OBJECT_FILE	EVENT_WRITE	1523030772176112586
6D0D7E76-39B4-11E8-BF66-D9AA8AFF4A69	SUBJECT_PROCESS	64EE4B93-8566-E751-A685-83EDE1E76E1A	FILE_OBJECT_FILE	EVENT_WRITE	1523030772176112586
6D0D7E76-39B4-11E8-BF66-D9AA8AFF4A69	SUBJECT_PROCESS	64EE4B93-8566-E751-A685-83EDE1E76E1A	FILE_OBJECT_FILE	EVENT_WRITE	1523030772176112586
6D0D7E76-39B4-11E8-BF66-D9AA8AFF4A69	SUBJECT_PROCESS	64EE4B93-8566-E751-A685-83EDE1E76E1A	FILE_OBJECT_FILE	EVENT_WRITE	1523030772176112586
6D0D7E76-39B4-11E8-BF66-D9AA8AFF4A69	SUBJECT_PROCESS	64EE4B93-8566-E751-A685-83EDE1E76E1A	FILE_OBJECT_FILE	EVENT_WRITE	1523030772176112586
6D0D7E76-39B4-11E8-BF66-D9AA8AFF4A69	SUBJECT_PROCESS	64EE4B93-8566-E751-A685-83EDE1E76E1A	FILE_OBJECT_FILE	EVENT_WRITE	1523030772176112586
6D0D7E76-39B4-11E8-BF66-D9AA8AFF4A69	SUBJECT_PROCESS	64EE4B93-8566-E751-A685-83EDE1E76E1A	FILE_OBJECT_FILE	EVENT_WRITE	1523030772176112586
6D0D7E76-39B4-11E8-BF66-D9AA8AFF4A69	SUBJECT_PROCESS	64EE4B93-8566-E751-A685-83EDE1E76E1A	FILE_OBJECT_FILE	EVENT_WRITE	1523030772176112586
6D0D7E76-39B4-11E8-BF66-D9AA8AFF4A69	SUBJECT_PROCESS	64EE4B93-8566-E751-A685-83EDE1E76E1A	FILE_OBJECT_FILE	EVENT_WRITE	1523030772176112586
6D0D7E76-39B4-11E8-BF66-D9AA8AFF4A69	SUBJECT_PROCESS	64EE4B93-8566-E751-A685-83EDE1E76E1A	FILE_OBJECT_FILE	EVENT_WRITE	1523030772176112586
6D0D7E76-39B4-11E8-BF66-D9AA8AFF4A69	SUBJECT_PROCESS	64EE4B93-8566-E751-A685-83EDE1E76E1A	FILE_OBJECT_FILE	EVENT_WRITE	1523030772176112586
6D0D7E76-39B4-11E8-BF66-D9AA8AFF4A69	SUBJECT_PROCESS	64EE4B93-8566-E751-A685-83EDE1E76E1A	FILE_OBJECT_FILE	EVENT_WRITE	1523030772176112586
6D0D7E76-39B4-11E8-BF66-D9AA8AFF4A69	SUBJECT_PROCESS	64EE4B93-8566-E751-A685-83EDE1E76E1A	FILE_OBJECT_FILE	EVENT_WRITE	1523030772176112586
6D0D7E76-39B4-11E8-BF66-D9AA8AFF4A69	SUBJECT_PROCESS	64EE4B93-8566-E751-A685-83EDE1E76E1A	FILE_OBJECT_FILE	EVENT_WRITE	1523030772176112586
6D0D7E76-39B4-11E8-BF66-D9AA8AFF4A69	SUBJECT_PROCESS	64EE4B93-8566-E751-A685-83EDE1E76E1A	FILE_OBJECT_FILE	EVENT_WRITE	1523030772176112586
6D0D7E76-39B4-11E8-BF66-D9AA8AFF4A69	SUBJECT_PROCESS	64EE4B93-8566-E751-A685-83EDE1E76E1A	FILE_OBJECT_FILE	EVENT_WRITE	1523030772176112586
6D0D7E76-39B4-11E8-BF66-D9AA8AFF4A69	SUBJECT_PROCESS	64EE4B93-8566-E751-A685-83EDE1E76E1A	FILE_OBJECT_FILE	EVENT_WRITE	1523030772176112586
6D0D7E76-39B4-11E8-BF66-D9AA8AFF4A69	SUBJECT_PROCESS	64EE4B93-8566-E751-A685-83EDE1E76E1A	FILE_OBJECT_FILE	EVENT_WRITE	1523030772176112586
6D0D7E76-39B4-11E8-BF66-D9AA8AFF4A69	SUBJECT_PROCESS	64EE4B93-8566-E751-A685-83EDE1E76E1A	FILE_OBJECT_FILE	EVENT_WRITE	1523030772186121727
6D0D7E76-39B4-11E8-BF66-D9AA8AFF4A69	SUBJECT_PROCESS	64EE4B93-8566-E751-A685-83EDE1E76E1A	FILE_OBJECT_FILE	EVENT_WRITE	1523030772186121727
6D0D7E76-39B4-11E8-BF66-D9AA8AFF4A69	SUBJECT_PROCESS	64EE4B93-8566-E751-A685-83EDE1E76E1A	FILE_OBJECT_FILE	EVENT_WRITE	1523030772186121727
6D0D7E76-39B4-11E8-BF66-D9AA8AFF4A69	SUBJECT_PROCESS	64EE4B93-8566-E751-A685-83EDE1E76E1A	FILE_OBJECT_FILE	EVENT_WRITE	1523030772186121727
6D0D7E76-39B4-11E8-BF66-D9AA8AFF4A69	SUBJECT_PROCESS	64EE4B93-8566-E751-A685-83EDE1E76E1A	FILE_OBJECT_FILE	EVENT_WRITE	1523030772186121727
6D0D7E76-39B4-11E8-BF66-D9AA8AFF4A69	SUBJECT_PROCESS	64EE4B93-8566-E751-A685-83EDE1E76E1A	FILE_OBJECT_FILE	EVENT_WRITE	1523030772186121727
6D0D7E76-39B4-11E8-BF66-D9AA8AFF4A69	SUBJECT_PROCESS	64EE4B93-8566-E751-A685-83EDE1E76E1A	FILE_OBJECT_FILE	EVENT_WRITE	1523030772186121727
6D0D7E76-39B4-11E8-BF66-D9AA8AFF4A69	SUBJECT_PROCESS	64EE4B93-8566-E751-A685-83EDE1E76E1A	FILE_OBJECT_FILE	EVENT_WRITE	1523030772186121727
6D0D7E76-39B4-11E8-BF66-D9AA8AFF4A69	SUBJECT_PROCESS	64EE4B93-8566-E751-A685-83EDE1E76E1A	FILE_OBJECT_FILE	EVENT_WRITE	1523030772186121727
6D0D7E76-39B4-11E8-BF66-D9AA8AFF4A69	SUBJECT_PROCESS	64EE4B93-8566-E751-A685-83EDE1E76E1A	FILE_OBJECT_FILE	EVENT_WRITE	1523030772186121727
6D0D7E76-39B4-11E8-BF66-D9AA8AFF4A69	SUBJECT_PROCESS	64EE4B93-8566-E751-A685-83EDE1E76E1A	FILE_OBJECT_FILE	EVENT_WRITE	1523030772186121727
6D0D7E76-39B4-11E8-BF66-D9AA8AFF4A69	SUBJECT_PROCESS	64EE4B93-8566-E751-A685-83EDE1E76E1A	FILE_OBJECT_FILE	EVENT_WRITE	1523030772186121727
6D0D7E76-39B4-11E8-BF66-D9AA8AFF4A69	SUBJECT_PROCESS	64EE4B93-8566-E751-A685-83EDE1E76E1A	FILE_OBJECT_FILE	EVENT_WRITE	1523030772186121727
6D0D7E76-39B4-11E8-BF66-D9AA8AFF4A69	SUBJECT_PROCESS	64EE4B93-8566-E751-A685-83EDE1E76E1A	FILE_OBJECT_FILE	EVENT_WRITE	1523030772186121727
6D0D7E76-39B4-11E8-BF66-D9AA8AFF4A69	SUBJECT_PROCESS	64EE4B93-8566-E751-A685-83EDE1E76E1A	FILE_OBJECT_FILE	EVENT_WRITE	1523030772186121727
6D0D7E76-39B4-11E8-BF66-D9AA8AFF4A69	SUBJECT_PROCESS	64EE4B93-8566-E751-A685-83EDE1E76E1A	FILE_OBJECT_FILE	EVENT_WRITE	1523030772186121727
6D0D7E76-39B4-11E8-BF66-D9AA8AFF4A69	SUBJECT_PROCESS	64EE4B93-8566-E751-A685-83EDE1E76E1A	FILE_OBJECT_FILE	EVENT_WRITE	1523030772186121727
6D0D7E76-39B4-11E8-BF66-D9AA8AFF4A69	SUBJECT_PROCESS	64EE4B93-8566-E751-A685-83EDE1E76E1A	FILE_OBJECT_FILE	EVENT_WRITE	1523030772186121727
6D0D7E76-39B4-11E8-BF66-D9AA8AFF4A69	SUBJECT_PROCESS	64EE4B93-8566-E751-A685-83EDE1E76E1A	FILE_OBJECT_FILE	EVENT_WRITE	1523030772186121727
6D0D7E76-39B4-11E8-BF66-D9AA8AFF4A69	SUBJECT_PROCESS	64EE4B93-8566-E751-A685-83EDE1E76E1A	FILE_OBJECT_FILE	EVENT_WRITE	1523030772196113268
6D0D7E76-39B4-11E8-BF66-D9AA8AFF4A69	SUBJECT_PROCESS	64EE4B93-8566-E751-A685-83EDE1E76E1A	FILE_OBJECT_FILE	EVENT_WRITE	1523030772196113268
6D0D7E76-39B4-11E8-BF66-D9AA8AFF4A69	SUBJECT_PROCESS	64EE4B93-8566-E751-A685-83EDE1E76E1A	FILE_OBJECT_FILE	EVENT_WRITE	1523030772196113268
6D0D7E76-39B4-11E8-BF66-D9AA8AFF4A69	SUBJECT_PROCESS	64EE4B93-8566-E751-A685-83EDE1E76E1A	FILE_OBJECT_FILE	EVENT_WRITE	1523030772196113268
6D0D7E76-39B4-11E8-BF66-D9AA8AFF4A69	SUBJECT_PROCESS	64EE4B93-8566-E751-A685-83EDE1E76E1A	FILE_OBJECT_FILE	EVENT_WRITE	1523030772196113268
6D0D7E76-39B4-11E8-BF66-D9AA8AFF4A69	SUBJECT_PROCESS	64EE4B93-8566-E751-A685-83EDE1E76E1A	FILE_OBJECT_FILE	EVENT_WRITE	1523030772196113268
6D0D7E76-39B4-11E8-BF66-D9AA8AFF4A69	SUBJECT_PROCESS	64EE4B93-8566-E751-A685-83EDE1E76E1A	FILE_OBJECT_FILE	EVENT_WRITE	1523030772196113268
6D0D7E76-39B4-11E8-BF66-D9AA8AFF4A69	SUBJECT_PROCESS	64EE4B93-8566-E751-A685-83EDE1E76E1A	FILE_OBJECT_FILE	EVENT_WRITE	1523030772196113268
6D0D7E76-39B4-11E8-BF66-D9AA8AFF4A69	SUBJECT_PROCESS	64EE4B93-8566-E751-A685-83EDE1E76E1A	FILE_OBJECT_FILE	EVENT_WRITE	1523030772196113268
6D0D7E76-39B4-11E8-BF66-D9AA8AFF4A69	SUBJECT_PROCESS	64EE4B93-8566-E751-A685-83EDE1E76E1A	FILE_OBJECT_FILE	EVENT_WRITE	1523030772196113268
6D0D7E76-39B4-11E8-BF66-D9AA8AFF4A69	SUBJECT_PROCESS	64EE4B93-8566-E751-A685-83EDE1E76E1A	FILE_OBJECT_FILE	EVENT_WRITE	1523030772196113268
6D0D7E76-39B4-11E8-BF66-D9AA8AFF4A69	SUBJECT_PROCESS	64EE4B93-8566-E751-A685-83EDE1E76E1A	FILE_OBJECT_FILE	EVENT_WRITE	1523030772196113268
6D0D7E76-39B4-11E8-BF66-D9AA8AFF4A69	SUBJECT_PROCESS	64EE4B93-8566-E751-A685-83EDE1E76E1A	FILE_OBJECT_FILE	EVENT_WRITE	1523030772196113268
6D0D7E76-39B4-11E8-BF66-D9AA8AFF4A69	SUBJECT_PROCESS	64EE4B93-8566-E751-A685-83EDE1E76E1A	FILE_OBJECT_FILE	EVENT_WRITE	1523030772196113268
6D0D7E76-39B4-11E8-BF66-D9AA8AFF4A69	SUBJECT_PROCESS	64EE4B93-8566-E751-A685-83EDE1E76E1A	FILE_OBJECT_FILE	EVENT_WRITE	1523030772196113268
6D0D7E76-39B4-11E8-BF66-D9AA8AFF4A69	SUBJECT_PROCESS	64EE4B93-8566-E751-A685-83EDE1E76E1A	FILE_OBJECT_FILE	EVENT_WRITE	1523030772196113268
6D0D7E76-39B4-11E8-BF66-D9AA8AFF4A69	SUBJECT_PROCESS	64EE4B93-8566-E751-A685-83EDE1E76E1A	FILE_OBJECT_FILE	EVENT_WRITE	1523030772196113268
6D0D7E76-39B4-11E8-BF66-D9AA8AFF4A69	SUBJECT_PROCESS	64EE4B93-8566-E751-A685-83EDE1E76E1A	FILE_OBJECT_FILE	EVENT_WRITE	1523030772196113268
6D0D7E76-39B4-11E8-BF66-D9AA8AFF4A69	SUBJECT_PROCESS	64EE4B93-8566-E751-A685-83EDE1E76E1A	FILE_OBJECT_FILE	EVENT_WRITE	1523030772196113268
6D0D7E76-39B4-11E8-BF66-D9AA8AFF4A69	SUBJECT_PROCESS	64EE4B93-8566-E751-A685-83EDE1E76E1A	FILE_OBJECT_FILE	EVENT_WRITE	1523030772206111998
6D0D7E76-39B4-11E8-BF66-D9AA8AFF4A69	SUBJECT_PROCESS	64EE4B93-8566-E751-A685-83EDE1E76E1A	FILE_OBJECT_FILE	EVENT_WRITE	1523030772206111998
6D0D7E76-39B4-11E8-BF66-D9AA8AFF4A69	SUBJECT_PROCESS	64EE4B93-8566-E751-A685-83EDE1E76E1A	FILE_OBJECT_FILE	EVENT_WRITE	1523030772206111998
6D0D7E76-39B4-11E8-BF66-D9AA8AFF4A69	SUBJECT_PROCESS	64EE4B93-8566-E751-A685-83EDE1E76E1A	FILE_OBJECT_FILE	EVENT_WRITE	1523030772206111998
6D0D7E76-39B4-11E8-BF66-D9AA8AFF4A69	SUBJECT_PROCESS	64EE4B93-8566-E751-A685-83EDE1E76E1A	FILE_OBJECT_FILE	EVENT_WRITE	1523030772206111998
6D0D7E76-39B4-11E8-BF66-D9AA8AFF4A69	SUBJECT_PROCESS	64EE4B93-8566-E751-A685-83EDE1E76E1A	FILE_OBJECT_FILE	EVENT_WRITE	1523030772206111998
6D0D7E76-39B4-11E8-BF66-D9AA8AFF4A69	SUBJECT_PROCESS	64EE4B93-8566-E751-A685-83EDE1E76E1A	FILE_OBJECT_FILE	EVENT_WRITE	1523030772206111998
6D0D7E76-39B4-11E8-BF66-D9AA8AFF4A69	SUBJECT_PROCESS	64EE4B93-8566-E751-A685-83EDE1E76E1A	FILE_OBJECT_FILE	EVENT_WRITE	1523030772206111998
6D0D7E76-39B4-11E8-BF66-D9AA8AFF4A69	SUBJECT_PROCESS	64EE4B93-8566-E751-A685-83EDE1E76E1A	FILE_OBJECT_FILE	EVENT_WRITE	1523030772206111998
6D0D7E76-39B4-11E8-BF66-D9AA8AFF4A69	SUBJECT_PROCESS	64EE4B93-8566-E751-A685-83EDE1E76E1A	FILE_OBJECT_FILE	EVENT_WRITE	1523030772206111998
6D0D7E76-39B4-11E8-BF66-D9AA8AFF4A69	SUBJECT_PROCESS	64EE4B93-8566-E751-A685-83EDE1E76E1A	FILE_OBJECT_FILE	EVENT_WRITE	1523030772206111998
6D0D7E76-39B4-11E8-BF66-D9AA8AFF4A69	SUBJECT_PROCESS	64EE4B93-8566-E751-A685-83EDE1E76E1A	FILE_OBJECT_FILE	EVENT_WRITE	1523030772206111998
6D0D7E76-39B4-11E8-BF66-D9AA8AFF4A69	SUBJECT_PROCESS	64EE4B93-8566-E751-A685-83EDE1E76E1A	FILE_OBJECT_FILE	EVENT_WRITE	1523030772206111998
6D0D7E76-39B4-11E8-BF66-D9AA8AFF4A69	SUBJECT_PROCESS	64EE4B93-8566-E751-A685-83EDE1E76E1A	FILE_OBJECT_FILE	EVENT_WRITE	1523030772206111998
6D0D7E76-39B4-11E8-BF66-D9AA8AFF4A69	SUBJECT_PROCESS	6D0D7E76-39B4-11E8-BF66-D9AA8AFF4A69	SUBJECT_PROCESS	EVENT_EXIT	1523030772206111998
690EAD77-39B4-11E8-BF66-D9AA8AFF4A69	SUBJECT_PROCESS	64EE4B93-8566-E751-A685-83EDE1E76E1A	FILE_OBJECT_FILE	EVENT_WRITE	1523030772206111998
72FB0406-3678-11E8-BF66-D9AA8AFF4A69	SUBJECT_PROCESS	6CDC6DB3-39B4-11E8-BF66-D9AA8AFF4A69	FILE_OBJECT_UNIX_SOCKET	EVENT_CLOSE	1523030772806111476
72FB0406-3678-11E8-BF66-D9AA8AFF4A69	SUBJECT_PROCESS	6CDC6E1D-39B4-11E8-BF66-D9AA8AFF4A69	FILE_OBJECT_UNIX_SOCKET	EVENT_CLOSE	1523030772806111476
72FB0406-3678-11E8-BF66-D9AA8AFF4A69	SUBJECT_PROCESS	6D750EE8-39B4-11E8-BF66-D9AA8AFF4A69	FILE_OBJECT_UNIX_SOCKET	EVENT_CREATE_OBJECT	1523030772806111476
72FB0406-3678-11E8-BF66-D9AA8AFF4A69	SUBJECT_PROCESS	6D750F82-39B4-11E8-BF66-D9AA8AFF4A69	FILE_OBJECT_UNIX_SOCKET	EVENT_CREATE_OBJECT	1523030772806111476
72FB0406-3678-11E8-BF66-D9AA8AFF4A69	SUBJECT_PROCESS	6D750EE8-39B4-11E8-BF66-D9AA8AFF4A69	FILE_OBJECT_UNIX_SOCKET	EVENT_CLOSE	1523030773806111146
72FB0406-3678-11E8-BF66-D9AA8AFF4A69	SUBJECT_PROCESS	6D750F82-39B4-11E8-BF66-D9AA8AFF4A69	FILE_OBJECT_UNIX_SOCKET	EVENT_CLOSE	1523030773806111146
72FB0406-3678-11E8-BF66-D9AA8AFF4A69	SUBJECT_PROCESS	6E0DB0C6-39B4-11E8-BF66-D9AA8AFF4A69	FILE_OBJECT_UNIX_SOCKET	EVENT_CREATE_OBJECT	1523030773806111146
72FB0406-3678-11E8-BF66-D9AA8AFF4A69	SUBJECT_PROCESS	6E0DB16A-39B4-11E8-BF66-D9AA8AFF4A69	FILE_OBJECT_UNIX_SOCKET	EVENT_CREATE_OBJECT	1523030773806111146
72FB0406-3678-11E8-BF66-D9AA8AFF4A69	SUBJECT_PROCESS	6E0DB0C6-39B4-11E8-BF66-D9AA8AFF4A69	FILE_OBJECT_UNIX_SOCKET	EVENT_CLOSE	1523030774816112046
72FB0406-3678-11E8-BF66-D9AA8AFF4A69	SUBJECT_PROCESS	6E0DB16A-39B4-11E8-BF66-D9AA8AFF4A69	FILE_OBJECT_UNIX_SOCKET	EVENT_CLOSE	1523030774816112046
72FB0406-3678-11E8-BF66-D9AA8AFF4A69	SUBJECT_PROCESS	6EA7E226-39B4-11E8-BF66-D9AA8AFF4A69	FILE_OBJECT_UNIX_SOCKET	EVENT_CREATE_OBJECT	1523030774816112046
72FB0406-3678-11E8-BF66-D9AA8AFF4A69	SUBJECT_PROCESS	6EA7E315-39B4-11E8-BF66-D9AA8AFF4A69	FILE_OBJECT_UNIX_SOCKET	EVENT_CREATE_OBJECT	1523030774816112046
72FB0406-3678-11E8-BF66-D9AA8AFF4A69	SUBJECT_PROCESS	6EA7E226-39B4-11E8-BF66-D9AA8AFF4A69	FILE_OBJECT_UNIX_SOCKET	EVENT_CLOSE	1523030775816111586
72FB0406-3678-11E8-BF66-D9AA8AFF4A69	SUBJECT_PROCESS	6EA7E315-39B4-11E8-BF66-D9AA8AFF4A69	FILE_OBJECT_UNIX_SOCKET	EVENT_CLOSE	1523030775816111586
72FB0406-3678-11E8-BF66-D9AA8AFF4A69	SUBJECT_PROCESS	6F407943-39B4-11E8-BF66-D9AA8AFF4A69	FILE_OBJECT_UNIX_SOCKET	EVENT_CREATE_OBJECT	1523030775816111586
72FB0406-3678-11E8-BF66-D9AA8AFF4A69	SUBJECT_PROCESS	6F4079F3-39B4-11E8-BF66-D9AA8AFF4A69	FILE_OBJECT_UNIX_SOCKET	EVENT_CREATE_OBJECT	1523030775816111586
72FB0406-3678-11E8-BF66-D9AA8AFF4A69	SUBJECT_PROCESS	6F407943-39B4-11E8-BF66-D9AA8AFF4A69	FILE_OBJECT_UNIX_SOCKET	EVENT_CLOSE	1523030776806110235
72FB0406-3678-11E8-BF66-D9AA8AFF4A69	SUBJECT_PROCESS	6F4079F3-39B4-11E8-BF66-D9AA8AFF4A69	FILE_OBJECT_UNIX_SOCKET	EVENT_CLOSE	1523030776806110235
72FB0406-3678-11E8-BF66-D9AA8AFF4A69	SUBJECT_PROCESS	6FD772A4-39B4-11E8-BF66-D9AA8AFF4A69	FILE_OBJECT_UNIX_SOCKET	EVENT_CREATE_OBJECT	1523030776806110235
72FB0406-3678-11E8-BF66-D9AA8AFF4A69	SUBJECT_PROCESS	6FD7730B-39B4-11E8-BF66-D9AA8AFF4A69	FILE_OBJECT_UNIX_SOCKET	EVENT_CREATE_OBJECT	1523030776806110235
690EAD77-39B4-11E8-BF66-D9AA8AFF4A69	SUBJECT_PROCESS	64EE4B93-8566-E751-A685-83EDE1E76E1A	FILE_OBJECT_FILE	EVENT_READ	1523030776856112409
690EAD77-39B4-11E8-BF66-D9AA8AFF4A69	SUBJECT_PROCESS	64EE4B93-8566-E751-A685-83EDE1E76E1A	FILE_OBJECT_FILE	EVENT_READ	1523030776856112409
690EAD77-39B4-11E8-BF66-D9AA8AFF4A69	SUBJECT_PROCESS	64EE4B93-8566-E751-A685-83EDE1E76E1A	FILE_OBJECT_FILE	EVENT_READ	1523030776856112409
690EAD77-39B4-11E8-BF66-D9AA8AFF4A69	SUBJECT_PROCESS	64EE4B93-8566-E751-A685-83EDE1E76E1A	FILE_OBJECT_FILE	EVENT_WRITE	1523030776856112409
690EAD77-39B4-11E8-BF66-D9AA8AFF4A69	SUBJECT_PROCESS	64EE4B93-8566-E751-A685-83EDE1E76E1A	FILE_OBJECT_FILE	EVENT_READ	1523030776926113014
690EAD77-39B4-11E8-BF66-D9AA8AFF4A69	SUBJECT_PROCESS	64EE4B93-8566-E751-A685-83EDE1E76E1A	FILE_OBJECT_FILE	EVENT_READ	1523030776926113014
690EAD77-39B4-11E8-BF66-D9AA8AFF4A69	SUBJECT_PROCESS	64EE4B93-8566-E751-A685-83EDE1E76E1A	FILE_OBJECT_FILE	EVENT_READ	1523030776926113014
690EAD77-39B4-11E8-BF66-D9AA8AFF4A69	SUBJECT_PROCESS	64EE4B93-8566-E751-A685-83EDE1E76E1A	FILE_OBJECT_FILE	EVENT_WRITE	1523030776926113014
690EAD77-39B4-11E8-BF66-D9AA8AFF4A69	SUBJECT_PROCESS	64EE4B93-8566-E751-A685-83EDE1E76E1A	FILE_OBJECT_FILE	EVENT_READ	1523030776926113014
690EAD77-39B4-11E8-BF66-D9AA8AFF4A69	SUBJECT_PROCESS	64EE4B93-8566-E751-A685-83EDE1E76E1A	FILE_OBJECT_FILE	EVENT_READ	1523030776926113014
690EAD77-39B4-11E8-BF66-D9AA8AFF4A69	SUBJECT_PROCESS	64EE4B93-8566-E751-A685-83EDE1E76E1A	FILE_OBJECT_FILE	EVENT_READ	1523030776926113014
690EAD77-39B4-11E8-BF66-D9AA8AFF4A69	SUBJECT_PROCESS	64EE4B93-8566-E751-A685-83EDE1E76E1A	FILE_OBJECT_FILE	EVENT_WRITE	1523030776926113014
690EAD77-39B4-11E8-BF66-D9AA8AFF4A69	SUBJECT_PROCESS	64EE4B93-8566-E751-A685-83EDE1E76E1A	FILE_OBJECT_FILE	EVENT_READ	1523030776926113014
690EAD77-39B4-11E8-BF66-D9AA8AFF4A69	SUBJECT_PROCESS	64EE4B93-8566-E751-A685-83EDE1E76E1A	FILE_OBJECT_FILE	EVENT_READ	1523030776926113014
690EAD77-39B4-11E8-BF66-D9AA8AFF4A69	SUBJECT_PROCESS	64EE4B93-8566-E751-A685-83EDE1E76E1A	FILE_OBJECT_FILE	EVENT_READ	1523030776926113014
690EAD77-39B4-11E8-BF66-D9AA8AFF4A69	SUBJECT_PROCESS	64EE4B93-8566-E751-A685-83EDE1E76E1A	FILE_OBJECT_FILE	EVENT_WRITE	1523030776926113014
690EAD77-39B4-11E8-BF66-D9AA8AFF4A69	SUBJECT_PROCESS	64EE4B93-8566-E751-A685-83EDE1E76E1A	FILE_OBJECT_FILE	EVENT_READ	1523030776926113014
690EAD77-39B4-11E8-BF66-D9AA8AFF4A69	SUBJECT_PROCESS	64EE4B93-8566-E751-A685-83EDE1E76E1A	FILE_OBJECT_FILE	EVENT_READ	1523030776926113014
690EAD77-39B4-11E8-BF66-D9AA8AFF4A69	SUBJECT_PROCESS	64EE4B93-8566-E751-A685-83EDE1E76E1A	FILE_OBJECT_FILE	EVENT_READ	1523030776926113014
690EAD77-39B4-11E8-BF66-D9AA8AFF4A69	SUBJECT_PROCESS	64EE4B93-8566-E751-A685-83EDE1E76E1A	FILE_OBJECT_FILE	EVENT_WRITE	1523030776926113014
690EAD77-39B4-11E8-BF66-D9AA8AFF4A69	SUBJECT_PROCESS	64EE4B93-8566-E751-A685-83EDE1E76E1A	FILE_OBJECT_FILE	EVENT_READ	1523030776926113014
690EAD77-39B4-11E8-BF66-D9AA8AFF4A69	SUBJECT_PROCESS	64EE4B93-8566-E751-A685-83EDE1E76E1A	FILE_OBJECT_FILE	EVENT_READ	1523030776926113014
690EAD77-39B4-11E8-BF66-D9AA8AFF4A69	SUBJECT_PROCESS	64EE4B93-8566-E751-A685-83EDE1E76E1A	FILE_OBJECT_FILE	EVENT_READ	1523030776926113014
690EAD77-39B4-11E8-BF66-D9AA8AFF4A69	SUBJECT_PROCESS	64EE4B93-8566-E751-A685-83EDE1E76E1A	FILE_OBJECT_FILE	EVENT_WRITE	1523030776926113014
690EAD77-39B4-11E8-BF66-D9AA8AFF4A69	SUBJECT_PROCESS	64EE4B93-8566-E751-A685-83EDE1E76E1A	FILE_OBJECT_FILE	EVENT_READ	1523030776926113014
690EAD77-39B4-11E8-BF66-D9AA8AFF4A69	SUBJECT_PROCESS	64EE4B93-8566-E751-A685-83EDE1E76E1A	FILE_OBJECT_FILE	EVENT_READ	1523030776926113014
690EAD77-39B4-11E8-BF66-D9AA8AFF4A69	SUBJECT_PROCESS	64EE4B93-8566-E751-A685-83EDE1E76E1A	FILE_OBJECT_FILE	EVENT_READ	1523030776926113014
690EAD77-39B4-11E8-BF66-D9AA8AFF4A69	SUBJECT_PROCESS	64EE4B93-8566-E751-A685-83EDE1E76E1A	FILE_OBJECT_FILE	EVENT_WRITE	1523030776926113014
690EAD77-39B4-11E8-BF66-D9AA8AFF4A69	SUBJECT_PROCESS	64EE4B93-8566-E751-A685-83EDE1E76E1A	FILE_OBJECT_FILE	EVENT_READ	1523030776976112918
690EAD77-39B4-11E8-BF66-D9AA8AFF4A69	SUBJECT_PROCESS	64EE4B93-8566-E751-A685-83EDE1E76E1A	FILE_OBJECT_FILE	EVENT_READ	1523030776976112918
690EAD77-39B4-11E8-BF66-D9AA8AFF4A69	SUBJECT_PROCESS	64EE4B93-8566-E751-A685-83EDE1E76E1A	FILE_OBJECT_FILE	EVENT_READ	1523030776976112918
690EAD77-39B4-11E8-BF66-D9AA8AFF4A69	SUBJECT_PROCESS	64EE4B93-8566-E751-A685-83EDE1E76E1A	FILE_OBJECT_FILE	EVENT_WRITE	1523030776976112918
690EAD77-39B4-11E8-BF66-D9AA8AFF4A69	SUBJECT_PROCESS	64EE4B93-8566-E751-A685-83EDE1E76E1A	FILE_OBJECT_FILE	EVENT_READ	1523030777016112861
690EAD77-39B4-11E8-BF66-D9AA8AFF4A69	SUBJECT_PROCESS	64EE4B93-8566-E751-A685-83EDE1E76E1A	FILE_OBJECT_FILE	EVENT_READ	1523030777016112861
690EAD77-39B4-11E8-BF66-D9AA8AFF4A69	SUBJECT_PROCESS	64EE4B93-8566-E751-A685-83EDE1E76E1A	FILE_OBJECT_FILE	EVENT_READ	1523030777016112861
690EAD77-39B4-11E8-BF66-D9AA8AFF4A69	SUBJECT_PROCESS	64EE4B93-8566-E751-A685-83EDE1E76E1A	FILE_OBJECT_FILE	EVENT_WRITE	1523030777016112861
690EAD77-39B4-11E8-BF66-D9AA8AFF4A69	SUBJECT_PROCESS	64EE4B93-8566-E751-A685-83EDE1E76E1A	FILE_OBJECT_FILE	EVENT_READ	1523030777016112861
690EAD77-39B4-11E8-BF66-D9AA8AFF4A69	SUBJECT_PROCESS	64EE4B93-8566-E751-A685-83EDE1E76E1A	FILE_OBJECT_FILE	EVENT_READ	1523030777016112861
690EAD77-39B4-11E8-BF66-D9AA8AFF4A69	SUBJECT_PROCESS	64EE4B93-8566-E751-A685-83EDE1E76E1A	FILE_OBJECT_FILE	EVENT_READ	1523030777016112861
690EAD77-39B4-11E8-BF66-D9AA8AFF4A69	SUBJECT_PROCESS	64EE4B93-8566-E751-A685-83EDE1E76E1A	FILE_OBJECT_FILE	EVENT_WRITE	1523030777016112861
690EAD77-39B4-11E8-BF66-D9AA8AFF4A69	SUBJECT_PROCESS	64EE4B93-8566-E751-A685-83EDE1E76E1A	FILE_OBJECT_FILE	EVENT_READ	1523030777016112861
690EAD77-39B4-11E8-BF66-D9AA8AFF4A69	SUBJECT_PROCESS	64EE4B93-8566-E751-A685-83EDE1E76E1A	FILE_OBJECT_FILE	EVENT_READ	1523030777016112861
690EAD77-39B4-11E8-BF66-D9AA8AFF4A69	SUBJECT_PROCESS	64EE4B93-8566-E751-A685-83EDE1E76E1A	FILE_OBJECT_FILE	EVENT_READ	1523030777016112861
690EAD77-39B4-11E8-BF66-D9AA8AFF4A69	SUBJECT_PROCESS	64EE4B93-8566-E751-A685-83EDE1E76E1A	FILE_OBJECT_FILE	EVENT_WRITE	1523030777016112861
690EAD77-39B4-11E8-BF66-D9AA8AFF4A69	SUBJECT_PROCESS	64EE4B93-8566-E751-A685-83EDE1E76E1A	FILE_OBJECT_FILE	EVENT_READ	1523030777016112861
690EAD77-39B4-11E8-BF66-D9AA8AFF4A69	SUBJECT_PROCESS	64EE4B93-8566-E751-A685-83EDE1E76E1A	FILE_OBJECT_FILE	EVENT_READ	1523030777016112861
690EAD77-39B4-11E8-BF66-D9AA8AFF4A69	SUBJECT_PROCESS	64EE4B93-8566-E751-A685-83EDE1E76E1A	FILE_OBJECT_FILE	EVENT_READ	1523030777016112861
690EAD77-39B4-11E8-BF66-D9AA8AFF4A69	SUBJECT_PROCESS	64EE4B93-8566-E751-A685-83EDE1E76E1A	FILE_OBJECT_FILE	EVENT_WRITE	1523030777016112861
690EAD77-39B4-11E8-BF66-D9AA8AFF4A69	SUBJECT_PROCESS	64EE4B93-8566-E751-A685-83EDE1E76E1A	FILE_OBJECT_FILE	EVENT_READ	1523030777016112861
690EAD77-39B4-11E8-BF66-D9AA8AFF4A69	SUBJECT_PROCESS	64EE4B93-8566-E751-A685-83EDE1E76E1A	FILE_OBJECT_FILE	EVENT_READ	1523030777016112861
690EAD77-39B4-11E8-BF66-D9AA8AFF4A69	SUBJECT_PROCESS	64EE4B93-8566-E751-A685-83EDE1E76E1A	FILE_OBJECT_FILE	EVENT_READ	1523030777016112861
690EAD77-39B4-11E8-BF66-D9AA8AFF4A69	SUBJECT_PROCESS	64EE4B93-8566-E751-A685-83EDE1E76E1A	FILE_OBJECT_FILE	EVENT_WRITE	1523030777016112861
690EAD77-39B4-11E8-BF66-D9AA8AFF4A69	SUBJECT_PROCESS	64EE4B93-8566-E751-A685-83EDE1E76E1A	FILE_OBJECT_FILE	EVENT_READ	1523030777016112861
690EAD77-39B4-11E8-BF66-D9AA8AFF4A69	SUBJECT_PROCESS	64EE4B93-8566-E751-A685-83EDE1E76E1A	FILE_OBJECT_FILE	EVENT_READ	1523030777016112861
690EAD77-39B4-11E8-BF66-D9AA8AFF4A69	SUBJECT_PROCESS	64EE4B93-8566-E751-A685-83EDE1E76E1A	FILE_OBJECT_FILE	EVENT_READ	1523030777026113282
690EAD77-39B4-11E8-BF66-D9AA8AFF4A69	SUBJECT_PROCESS	64EE4B93-8566-E751-A685-83EDE1E76E1A	FILE_OBJECT_FILE	EVENT_WRITE	1523030777026113282
690EAD77-39B4-11E8-BF66-D9AA8AFF4A69	SUBJECT_PROCESS	64EE4B93-8566-E751-A685-83EDE1E76E1A	FILE_OBJECT_FILE	EVENT_READ	1523030777056111375
690EAD77-39B4-11E8-BF66-D9AA8AFF4A69	SUBJECT_PROCESS	64EE4B93-8566-E751-A685-83EDE1E76E1A	FILE_OBJECT_FILE	EVENT_READ	1523030777056111375
690EAD77-39B4-11E8-BF66-D9AA8AFF4A69	SUBJECT_PROCESS	64EE4B93-8566-E751-A685-83EDE1E76E1A	FILE_OBJECT_FILE	EVENT_READ	1523030777056111375
690EAD77-39B4-11E8-BF66-D9AA8AFF4A69	SUBJECT_PROCESS	64EE4B93-8566-E751-A685-83EDE1E76E1A	FILE_OBJECT_FILE	EVENT_WRITE	1523030777056111375
690EAD77-39B4-11E8-BF66-D9AA8AFF4A69	SUBJECT_PROCESS	64EE4B93-8566-E751-A685-83EDE1E76E1A	FILE_OBJECT_FILE	EVENT_READ	1523030777056111375
690EAD77-39B4-11E8-BF66-D9AA8AFF4A69	SUBJECT_PROCESS	64EE4B93-8566-E751-A685-83EDE1E76E1A	FILE_OBJECT_FILE	EVENT_READ	1523030777056111375
690EAD77-39B4-11E8-BF66-D9AA8AFF4A69	SUBJECT_PROCESS	64EE4B93-8566-E751-A685-83EDE1E76E1A	FILE_OBJECT_FILE	EVENT_READ	1523030777056111375
690EAD77-39B4-11E8-BF66-D9AA8AFF4A69	SUBJECT_PROCESS	64EE4B93-8566-E751-A685-83EDE1E76E1A	FILE_OBJECT_FILE	EVENT_WRITE	1523030777056111375
690EAD77-39B4-11E8-BF66-D9AA8AFF4A69	SUBJECT_PROCESS	64EE4B93-8566-E751-A685-83EDE1E76E1A	FILE_OBJECT_FILE	EVENT_READ	1523030777056111375
690EAD77-39B4-11E8-BF66-D9AA8AFF4A69	SUBJECT_PROCESS	64EE4B93-8566-E751-A685-83EDE1E76E1A	FILE_OBJECT_FILE	EVENT_READ	1523030777056111375
690EAD77-39B4-11E8-BF66-D9AA8AFF4A69	SUBJECT_PROCESS	64EE4B93-8566-E751-A685-83EDE1E76E1A	FILE_OBJECT_FILE	EVENT_READ	1523030777056111375
690EAD77-39B4-11E8-BF66-D9AA8AFF4A69	SUBJECT_PROCESS	64EE4B93-8566-E751-A685-83EDE1E76E1A	FILE_OBJECT_FILE	EVENT_WRITE	1523030777056111375
690EAD77-39B4-11E8-BF66-D9AA8AFF4A69	SUBJECT_PROCESS	64EE4B93-8566-E751-A685-83EDE1E76E1A	FILE_OBJECT_FILE	EVENT_READ	1523030777056111375
690EAD77-39B4-11E8-BF66-D9AA8AFF4A69	SUBJECT_PROCESS	64EE4B93-8566-E751-A685-83EDE1E76E1A	FILE_OBJECT_FILE	EVENT_READ	1523030777056111375
690EAD77-39B4-11E8-BF66-D9AA8AFF4A69	SUBJECT_PROCESS	64EE4B93-8566-E751-A685-83EDE1E76E1A	FILE_OBJECT_FILE	EVENT_READ	1523030777056111375
690EAD77-39B4-11E8-BF66-D9AA8AFF4A69	SUBJECT_PROCESS	64EE4B93-8566-E751-A685-83EDE1E76E1A	FILE_OBJECT_FILE	EVENT_WRITE	1523030777056111375
690EAD77-39B4-11E8-BF66-D9AA8AFF4A69	SUBJECT_PROCESS	64EE4B93-8566-E751-A685-83EDE1E76E1A	FILE_OBJECT_FILE	EVENT_READ	1523030777056111375
690EAD77-39B4-11E8-BF66-D9AA8AFF4A69	SUBJECT_PROCESS	64EE4B93-8566-E751-A685-83EDE1E76E1A	FILE_OBJECT_FILE	EVENT_READ	1523030777056111375
690EAD77-39B4-11E8-BF66-D9AA8AFF4A69	SUBJECT_PROCESS	64EE4B93-8566-E751-A685-83EDE1E76E1A	FILE_OBJECT_FILE	EVENT_READ	1523030777056111375
690EAD77-39B4-11E8-BF66-D9AA8AFF4A69	SUBJECT_PROCESS	64EE4B93-8566-E751-A685-83EDE1E76E1A	FILE_OBJECT_FILE	EVENT_WRITE	1523030777066111965
690EAD77-39B4-11E8-BF66-D9AA8AFF4A69	SUBJECT_PROCESS	64EE4B93-8566-E751-A685-83EDE1E76E1A	FILE_OBJECT_FILE	EVENT_READ	1523030777066111965
690EAD77-39B4-11E8-BF66-D9AA8AFF4A69	SUBJECT_PROCESS	64EE4B93-8566-E751-A685-83EDE1E76E1A	FILE_OBJECT_FILE	EVENT_READ	1523030777066111965
690EAD77-39B4-11E8-BF66-D9AA8AFF4A69	SUBJECT_PROCESS	64EE4B93-8566-E751-A685-83EDE1E76E1A	FILE_OBJECT_FILE	EVENT_READ	1523030777066111965
690EAD77-39B4-11E8-BF66-D9AA8AFF4A69	SUBJECT_PROCESS	64EE4B93-8566-E751-A685-83EDE1E76E1A	FILE_OBJECT_FILE	EVENT_WRITE	1523030777066111965
690EAD77-39B4-11E8-BF66-D9AA8AFF4A69	SUBJECT_PROCESS	64EE4B93-8566-E751-A685-83EDE1E76E1A	FILE_OBJECT_FILE	EVENT_READ	1523030777066111965
690EAD77-39B4-11E8-BF66-D9AA8AFF4A69	SUBJECT_PROCESS	64EE4B93-8566-E751-A685-83EDE1E76E1A	FILE_OBJECT_FILE	EVENT_READ	1523030777066111965
690EAD77-39B4-11E8-BF66-D9AA8AFF4A69	SUBJECT_PROCESS	64EE4B93-8566-E751-A685-83EDE1E76E1A	FILE_OBJECT_FILE	EVENT_READ	1523030777066111965
690EAD77-39B4-11E8-BF66-D9AA8AFF4A69	SUBJECT_PROCESS	64EE4B93-8566-E751-A685-83EDE1E76E1A	FILE_OBJECT_FILE	EVENT_WRITE	1523030777066111965
690EAD77-39B4-11E8-BF66-D9AA8AFF4A69	SUBJECT_PROCESS	64EE4B93-8566-E751-A685-83EDE1E76E1A	FILE_OBJECT_FILE	EVENT_READ	1523030777116112229
690EAD77-39B4-11E8-BF66-D9AA8AFF4A69	SUBJECT_PROCESS	64EE4B93-8566-E751-A685-83EDE1E76E1A	FILE_OBJECT_FILE	EVENT_READ	1523030777116112229
690EAD77-39B4-11E8-BF66-D9AA8AFF4A69	SUBJECT_PROCESS	64EE4B93-8566-E751-A685-83EDE1E76E1A	FILE_OBJECT_FILE	EVENT_READ	1523030777116112229
690EAD77-39B4-11E8-BF66-D9AA8AFF4A69	SUBJECT_PROCESS	64EE4B93-8566-E751-A685-83EDE1E76E1A	FILE_OBJECT_FILE	EVENT_WRITE	1523030777116112229
690EAD77-39B4-11E8-BF66-D9AA8AFF4A69	SUBJECT_PROCESS	64EE4B93-8566-E751-A685-83EDE1E76E1A	FILE_OBJECT_FILE	EVENT_READ	1523030777116112229
690EAD77-39B4-11E8-BF66-D9AA8AFF4A69	SUBJECT_PROCESS	64EE4B93-8566-E751-A685-83EDE1E76E1A	FILE_OBJECT_FILE	EVENT_READ	1523030777116112229
690EAD77-39B4-11E8-BF66-D9AA8AFF4A69	SUBJECT_PROCESS	64EE4B93-8566-E751-A685-83EDE1E76E1A	FILE_OBJECT_FILE	EVENT_READ	1523030777116112229
690EAD77-39B4-11E8-BF66-D9AA8AFF4A69	SUBJECT_PROCESS	64EE4B93-8566-E751-A685-83EDE1E76E1A	FILE_OBJECT_FILE	EVENT_WRITE	1523030777116112229
690EAD77-39B4-11E8-BF66-D9AA8AFF4A69	SUBJECT_PROCESS	64EE4B93-8566-E751-A685-83EDE1E76E1A	FILE_OBJECT_FILE	EVENT_READ	1523030777116112229
690EAD77-39B4-11E8-BF66-D9AA8AFF4A69	SUBJECT_PROCESS	64EE4B93-8566-E751-A685-83EDE1E76E1A	FILE_OBJECT_FILE	EVENT_READ	1523030777116112229
690EAD77-39B4-11E8-BF66-D9AA8AFF4A69	SUBJECT_PROCESS	64EE4B93-8566-E751-A685-83EDE1E76E1A	FILE_OBJECT_FILE	EVENT_READ	1523030777116112229
690EAD77-39B4-11E8-BF66-D9AA8AFF4A69	SUBJECT_PROCESS	64EE4B93-8566-E751-A685-83EDE1E76E1A	FILE_OBJECT_FILE	EVENT_WRITE	1523030777116112229
690EAD77-39B4-11E8-BF66-D9AA8AFF4A69	SUBJECT_PROCESS	64EE4B93-8566-E751-A685-83EDE1E76E1A	FILE_OBJECT_FILE	EVENT_READ	1523030777116112229
690EAD77-39B4-11E8-BF66-D9AA8AFF4A69	SUBJECT_PROCESS	64EE4B93-8566-E751-A685-83EDE1E76E1A	FILE_OBJECT_FILE	EVENT_READ	1523030777116112229
690EAD77-39B4-11E8-BF66-D9AA8AFF4A69	SUBJECT_PROCESS	64EE4B93-8566-E751-A685-83EDE1E76E1A	FILE_OBJECT_FILE	EVENT_READ	1523030777116112229
690EAD77-39B4-11E8-BF66-D9AA8AFF4A69	SUBJECT_PROCESS	64EE4B93-8566-E751-A685-83EDE1E76E1A	FILE_OBJECT_FILE	EVENT_WRITE	1523030777116112229
690EAD77-39B4-11E8-BF66-D9AA8AFF4A69	SUBJECT_PROCESS	64EE4B93-8566-E751-A685-83EDE1E76E1A	FILE_OBJECT_FILE	EVENT_READ	1523030777116112229
690EAD77-39B4-11E8-BF66-D9AA8AFF4A69	SUBJECT_PROCESS	64EE4B93-8566-E751-A685-83EDE1E76E1A	FILE_OBJECT_FILE	EVENT_READ	1523030777116112229
690EAD77-39B4-11E8-BF66-D9AA8AFF4A69	SUBJECT_PROCESS	64EE4B93-8566-E751-A685-83EDE1E76E1A	FILE_OBJECT_FILE	EVENT_READ	1523030777116112229
690EAD77-39B4-11E8-BF66-D9AA8AFF4A69	SUBJECT_PROCESS	64EE4B93-8566-E751-A685-83EDE1E76E1A	FILE_OBJECT_FILE	EVENT_WRITE	1523030777126114240
690EAD77-39B4-11E8-BF66-D9AA8AFF4A69	SUBJECT_PROCESS	64EE4B93-8566-E751-A685-83EDE1E76E1A	FILE_OBJECT_FILE	EVENT_READ	1523030777126114240
690EAD77-39B4-11E8-BF66-D9AA8AFF4A69	SUBJECT_PROCESS	64EE4B93-8566-E751-A685-83EDE1E76E1A	FILE_OBJECT_FILE	EVENT_READ	1523030777126114240
690EAD77-39B4-11E8-BF66-D9AA8AFF4A69	SUBJECT_PROCESS	64EE4B93-8566-E751-A685-83EDE1E76E1A	FILE_OBJECT_FILE	EVENT_READ	1523030777126114240
690EAD77-39B4-11E8-BF66-D9AA8AFF4A69	SUBJECT_PROCESS	64EE4B93-8566-E751-A685-83EDE1E76E1A	FILE_OBJECT_FILE	EVENT_WRITE	1523030777126114240
690EAD77-39B4-11E8-BF66-D9AA8AFF4A69	SUBJECT_PROCESS	64EE4B93-8566-E751-A685-83EDE1E76E1A	FILE_OBJECT_FILE	EVENT_READ	1523030777126114240
690EAD77-39B4-11E8-BF66-D9AA8AFF4A69	SUBJECT_PROCESS	64EE4B93-8566-E751-A685-83EDE1E76E1A	FILE_OBJECT_FILE	EVENT_READ	1523030777126114240
690EAD77-39B4-11E8-BF66-D9AA8AFF4A69	SUBJECT_PROCESS	64EE4B93-8566-E751-A685-83EDE1E76E1A	FILE_OBJECT_FILE	EVENT_READ	1523030777126114240
690EAD77-39B4-11E8-BF66-D9AA8AFF4A69	SUBJECT_PROCESS	64EE4B93-8566-E751-A685-83EDE1E76E1A	FILE_OBJECT_FILE	EVENT_WRITE	1523030777126114240
690EAD77-39B4-11E8-BF66-D9AA8AFF4A69	SUBJECT_PROCESS	64EE4B93-8566-E751-A685-83EDE1E76E1A	FILE_OBJECT_FILE	EVENT_READ	1523030777196110016
690EAD77-39B4-11E8-BF66-D9AA8AFF4A69	SUBJECT_PROCESS	64EE4B93-8566-E751-A685-83EDE1E76E1A	FILE_OBJECT_FILE	EVENT_READ	1523030777196110016
690EAD77-39B4-11E8-BF66-D9AA8AFF4A69	SUBJECT_PROCESS	64EE4B93-8566-E751-A685-83EDE1E76E1A	FILE_OBJECT_FILE	EVENT_READ	1523030777196110016
690EAD77-39B4-11E8-BF66-D9AA8AFF4A69	SUBJECT_PROCESS	64EE4B93-8566-E751-A685-83EDE1E76E1A	FILE_OBJECT_FILE	EVENT_WRITE	1523030777196110016
690EAD77-39B4-11E8-BF66-D9AA8AFF4A69	SUBJECT_PROCESS	64EE4B93-8566-E751-A685-83EDE1E76E1A	FILE_OBJECT_FILE	EVENT_READ	1523030777226112648
690EAD77-39B4-11E8-BF66-D9AA8AFF4A69	SUBJECT_PROCESS	64EE4B93-8566-E751-A685-83EDE1E76E1A	FILE_OBJECT_FILE	EVENT_READ	1523030777226112648
690EAD77-39B4-11E8-BF66-D9AA8AFF4A69	SUBJECT_PROCESS	64EE4B93-8566-E751-A685-83EDE1E76E1A	FILE_OBJECT_FILE	EVENT_READ	1523030777226112648
690EAD77-39B4-11E8-BF66-D9AA8AFF4A69	SUBJECT_PROCESS	64EE4B93-8566-E751-A685-83EDE1E76E1A	FILE_OBJECT_FILE	EVENT_WRITE	1523030777226112648
690EAD77-39B4-11E8-BF66-D9AA8AFF4A69	SUBJECT_PROCESS	64EE4B93-8566-E751-A685-83EDE1E76E1A	FILE_OBJECT_FILE	EVENT_READ	1523030777226112648
690EAD77-39B4-11E8-BF66-D9AA8AFF4A69	SUBJECT_PROCESS	64EE4B93-8566-E751-A685-83EDE1E76E1A	FILE_OBJECT_FILE	EVENT_READ	1523030777226112648
690EAD77-39B4-11E8-BF66-D9AA8AFF4A69	SUBJECT_PROCESS	64EE4B93-8566-E751-A685-83EDE1E76E1A	FILE_OBJECT_FILE	EVENT_READ	1523030777226112648
690EAD77-39B4-11E8-BF66-D9AA8AFF4A69	SUBJECT_PROCESS	64EE4B93-8566-E751-A685-83EDE1E76E1A	FILE_OBJECT_FILE	EVENT_WRITE	1523030777236113829
690EAD77-39B4-11E8-BF66-D9AA8AFF4A69	SUBJECT_PROCESS	64EE4B93-8566-E751-A685-83EDE1E76E1A	FILE_OBJECT_FILE	EVENT_READ	1523030777236113829
690EAD77-39B4-11E8-BF66-D9AA8AFF4A69	SUBJECT_PROCESS	64EE4B93-8566-E751-A685-83EDE1E76E1A	FILE_OBJECT_FILE	EVENT_READ	1523030777236113829
690EAD77-39B4-11E8-BF66-D9AA8AFF4A69	SUBJECT_PROCESS	64EE4B93-8566-E751-A685-83EDE1E76E1A	FILE_OBJECT_FILE	EVENT_READ	1523030777236113829
690EAD77-39B4-11E8-BF66-D9AA8AFF4A69	SUBJECT_PROCESS	64EE4B93-8566-E751-A685-83EDE1E76E1A	FILE_OBJECT_FILE	EVENT_WRITE	1523030777236113829
690EAD77-39B4-11E8-BF66-D9AA8AFF4A69	SUBJECT_PROCESS	64EE4B93-8566-E751-A685-83EDE1E76E1A	FILE_OBJECT_FILE	EVENT_READ	1523030777236113829
690EAD77-39B4-11E8-BF66-D9AA8AFF4A69	SUBJECT_PROCESS	64EE4B93-8566-E751-A685-83EDE1E76E1A	FILE_OBJECT_FILE	EVENT_READ	1523030777236113829
690EAD77-39B4-11E8-BF66-D9AA8AFF4A69	SUBJECT_PROCESS	64EE4B93-8566-E751-A685-83EDE1E76E1A	FILE_OBJECT_FILE	EVENT_READ	1523030777236113829
690EAD77-39B4-11E8-BF66-D9AA8AFF4A69	SUBJECT_PROCESS	64EE4B93-8566-E751-A685-83EDE1E76E1A	FILE_OBJECT_FILE	EVENT_WRITE	1523030777236113829
690EAD77-39B4-11E8-BF66-D9AA8AFF4A69	SUBJECT_PROCESS	64EE4B93-8566-E751-A685-83EDE1E76E1A	FILE_OBJECT_FILE	EVENT_READ	1523030777236113829
690EAD77-39B4-11E8-BF66-D9AA8AFF4A69	SUBJECT_PROCESS	64EE4B93-8566-E751-A685-83EDE1E76E1A	FILE_OBJECT_FILE	EVENT_READ	1523030777236113829
690EAD77-39B4-11E8-BF66-D9AA8AFF4A69	SUBJECT_PROCESS	64EE4B93-8566-E751-A685-83EDE1E76E1A	FILE_OBJECT_FILE	EVENT_READ	1523030777236113829
690EAD77-39B4-11E8-BF66-D9AA8AFF4A69	SUBJECT_PROCESS	64EE4B93-8566-E751-A685-83EDE1E76E1A	FILE_OBJECT_FILE	EVENT_WRITE	1523030777236113829
690EAD77-39B4-11E8-BF66-D9AA8AFF4A69	SUBJECT_PROCESS	64EE4B93-8566-E751-A685-83EDE1E76E1A	FILE_OBJECT_FILE	EVENT_READ	1523030777236113829
690EAD77-39B4-11E8-BF66-D9AA8AFF4A69	SUBJECT_PROCESS	64EE4B93-8566-E751-A685-83EDE1E76E1A	FILE_OBJECT_FILE	EVENT_READ	1523030777236113829
690EAD77-39B4-11E8-BF66-D9AA8AFF4A69	SUBJECT_PROCESS	64EE4B93-8566-E751-A685-83EDE1E76E1A	FILE_OBJECT_FILE	EVENT_READ	1523030777236113829
690EAD77-39B4-11E8-BF66-D9AA8AFF4A69	SUBJECT_PROCESS	64EE4B93-8566-E751-A685-83EDE1E76E1A	FILE_OBJECT_FILE	EVENT_WRITE	1523030777236113829
690EAD77-39B4-11E8-BF66-D9AA8AFF4A69	SUBJECT_PROCESS	64EE4B93-8566-E751-A685-83EDE1E76E1A	FILE_OBJECT_FILE	EVENT_READ	1523030777276111722
690EAD77-39B4-11E8-BF66-D9AA8AFF4A69	SUBJECT_PROCESS	64EE4B93-8566-E751-A685-83EDE1E76E1A	FILE_OBJECT_FILE	EVENT_READ	1523030777276111722
690EAD77-39B4-11E8-BF66-D9AA8AFF4A69	SUBJECT_PROCESS	64EE4B93-8566-E751-A685-83EDE1E76E1A	FILE_OBJECT_FILE	EVENT_READ	1523030777276111722
690EAD77-39B4-11E8-BF66-D9AA8AFF4A69	SUBJECT_PROCESS	64EE4B93-8566-E751-A685-83EDE1E76E1A	FILE_OBJECT_FILE	EVENT_WRITE	1523030777286121393
690EAD77-39B4-11E8-BF66-D9AA8AFF4A69	SUBJECT_PROCESS	64EE4B93-8566-E751-A685-83EDE1E76E1A	FILE_OBJECT_FILE	EVENT_READ	1523030777286121393
690EAD77-39B4-11E8-BF66-D9AA8AFF4A69	SUBJECT_PROCESS	64EE4B93-8566-E751-A685-83EDE1E76E1A	FILE_OBJECT_FILE	EVENT_READ	1523030777286121393
690EAD77-39B4-11E8-BF66-D9AA8AFF4A69	SUBJECT_PROCESS	64EE4B93-8566-E751-A685-83EDE1E76E1A	FILE_OBJECT_FILE	EVENT_READ	1523030777286121393
690EAD77-39B4-11E8-BF66-D9AA8AFF4A69	SUBJECT_PROCESS	64EE4B93-8566-E751-A685-83EDE1E76E1A	FILE_OBJECT_FILE	EVENT_WRITE	1523030777286121393
690EAD77-39B4-11E8-BF66-D9AA8AFF4A69	SUBJECT_PROCESS	64EE4B93-8566-E751-A685-83EDE1E76E1A	FILE_OBJECT_FILE	EVENT_READ	1523030777286121393
690EAD77-39B4-11E8-BF66-D9AA8AFF4A69	SUBJECT_PROCESS	64EE4B93-8566-E751-A685-83EDE1E76E1A	FILE_OBJECT_FILE	EVENT_READ	1523030777286121393
690EAD77-39B4-11E8-BF66-D9AA8AFF4A69	SUBJECT_PROCESS	64EE4B93-8566-E751-A685-83EDE1E76E1A	FILE_OBJECT_FILE	EVENT_READ	1523030777286121393
690EAD77-39B4-11E8-BF66-D9AA8AFF4A69	SUBJECT_PROCESS	64EE4B93-8566-E751-A685-83EDE1E76E1A	FILE_OBJECT_FILE	EVENT_WRITE	1523030777286121393
690EAD77-39B4-11E8-BF66-D9AA8AFF4A69	SUBJECT_PROCESS	64EE4B93-8566-E751-A685-83EDE1E76E1A	FILE_OBJECT_FILE	EVENT_READ	1523030777286121393
690EAD77-39B4-11E8-BF66-D9AA8AFF4A69	SUBJECT_PROCESS	64EE4B93-8566-E751-A685-83EDE1E76E1A	FILE_OBJECT_FILE	EVENT_READ	1523030777286121393
690EAD77-39B4-11E8-BF66-D9AA8AFF4A69	SUBJECT_PROCESS	64EE4B93-8566-E751-A685-83EDE1E76E1A	FILE_OBJECT_FILE	EVENT_READ	1523030777286121393
690EAD77-39B4-11E8-BF66-D9AA8AFF4A69	SUBJECT_PROCESS	64EE4B93-8566-E751-A685-83EDE1E76E1A	FILE_OBJECT_FILE	EVENT_WRITE	1523030777286121393
690EAD77-39B4-11E8-BF66-D9AA8AFF4A69	SUBJECT_PROCESS	64EE4B93-8566-E751-A685-83EDE1E76E1A	FILE_OBJECT_FILE	EVENT_READ	1523030777286121393
690EAD77-39B4-11E8-BF66-D9AA8AFF4A69	SUBJECT_PROCESS	64EE4B93-8566-E751-A685-83EDE1E76E1A	FILE_OBJECT_FILE	EVENT_READ	1523030777286121393
690EAD77-39B4-11E8-BF66-D9AA8AFF4A69	SUBJECT_PROCESS	64EE4B93-8566-E751-A685-83EDE1E76E1A	FILE_OBJECT_FILE	EVENT_READ	1523030777286121393
690EAD77-39B4-11E8-BF66-D9AA8AFF4A69	SUBJECT_PROCESS	64EE4B93-8566-E751-A685-83EDE1E76E1A	FILE_OBJECT_FILE	EVENT_WRITE	1523030777286121393
690EAD77-39B4-11E8-BF66-D9AA8AFF4A69	SUBJECT_PROCESS	64EE4B93-8566-E751-A685-83EDE1E76E1A	FILE_OBJECT_FILE	EVENT_READ	1523030777286121393
690EAD77-39B4-11E8-BF66-D9AA8AFF4A69	SUBJECT_PROCESS	64EE4B93-8566-E751-A685-83EDE1E76E1A	FILE_OBJECT_FILE	EVENT_READ	1523030777286121393
690EAD77-39B4-11E8-BF66-D9AA8AFF4A69	SUBJECT_PROCESS	64EE4B93-8566-E751-A685-83EDE1E76E1A	FILE_OBJECT_FILE	EVENT_READ	1523030777286121393
690EAD77-39B4-11E8-BF66-D9AA8AFF4A69	SUBJECT_PROCESS	64EE4B93-8566-E751-A685-83EDE1E76E1A	FILE_OBJECT_FILE	EVENT_WRITE	1523030777286121393
690EAD77-39B4-11E8-BF66-D9AA8AFF4A69	SUBJECT_PROCESS	64EE4B93-8566-E751-A685-83EDE1E76E1A	FILE_OBJECT_FILE	EVENT_READ	1523030777286121393
690EAD77-39B4-11E8-BF66-D9AA8AFF4A69	SUBJECT_PROCESS	64EE4B93-8566-E751-A685-83EDE1E76E1A	FILE_OBJECT_FILE	EVENT_READ	1523030777286121393
690EAD77-39B4-11E8-BF66-D9AA8AFF4A69	SUBJECT_PROCESS	64EE4B93-8566-E751-A685-83EDE1E76E1A	FILE_OBJECT_FILE	EVENT_READ	1523030777286121393
690EAD77-39B4-11E8-BF66-D9AA8AFF4A69	SUBJECT_PROCESS	64EE4B93-8566-E751-A685-83EDE1E76E1A	FILE_OBJECT_FILE	EVENT_WRITE	1523030777286121393
690EAD77-39B4-11E8-BF66-D9AA8AFF4A69	SUBJECT_PROCESS	64EE4B93-8566-E751-A685-83EDE1E76E1A	FILE_OBJECT_FILE	EVENT_READ	1523030777336110957
690EAD77-39B4-11E8-BF66-D9AA8AFF4A69	SUBJECT_PROCESS	64EE4B93-8566-E751-A685-83EDE1E76E1A	FILE_OBJECT_FILE	EVENT_READ	1523030777336110957
690EAD77-39B4-11E8-BF66-D9AA8AFF4A69	SUBJECT_PROCESS	64EE4B93-8566-E751-A685-83EDE1E76E1A	FILE_OBJECT_FILE	EVENT_READ	1523030777336110957
690EAD77-39B4-11E8-BF66-D9AA8AFF4A69	SUBJECT_PROCESS	64EE4B93-8566-E751-A685-83EDE1E76E1A	FILE_OBJECT_FILE	EVENT_WRITE	1523030777336110957
690EAD77-39B4-11E8-BF66-D9AA8AFF4A69	SUBJECT_PROCESS	64EE4B93-8566-E751-A685-83EDE1E76E1A	FILE_OBJECT_FILE	EVENT_READ	1523030777336110957
690EAD77-39B4-11E8-BF66-D9AA8AFF4A69	SUBJECT_PROCESS	64EE4B93-8566-E751-A685-83EDE1E76E1A	FILE_OBJECT_FILE	EVENT_READ	1523030777336110957
690EAD77-39B4-11E8-BF66-D9AA8AFF4A69	SUBJECT_PROCESS	64EE4B93-8566-E751-A685-83EDE1E76E1A	FILE_OBJECT_FILE	EVENT_READ	1523030777336110957
690EAD77-39B4-11E8-BF66-D9AA8AFF4A69	SUBJECT_PROCESS	64EE4B93-8566-E751-A685-83EDE1E76E1A	FILE_OBJECT_FILE	EVENT_WRITE	1523030777336110957
690EAD77-39B4-11E8-BF66-D9AA8AFF4A69	SUBJECT_PROCESS	64EE4B93-8566-E751-A685-83EDE1E76E1A	FILE_OBJECT_FILE	EVENT_READ	1523030777336110957
690EAD77-39B4-11E8-BF66-D9AA8AFF4A69	SUBJECT_PROCESS	64EE4B93-8566-E751-A685-83EDE1E76E1A	FILE_OBJECT_FILE	EVENT_READ	1523030777336110957
690EAD77-39B4-11E8-BF66-D9AA8AFF4A69	SUBJECT_PROCESS	64EE4B93-8566-E751-A685-83EDE1E76E1A	FILE_OBJECT_FILE	EVENT_READ	1523030777336110957
690EAD77-39B4-11E8-BF66-D9AA8AFF4A69	SUBJECT_PROCESS	64EE4B93-8566-E751-A685-83EDE1E76E1A	FILE_OBJECT_FILE	EVENT_WRITE	1523030777336110957
690EAD77-39B4-11E8-BF66-D9AA8AFF4A69	SUBJECT_PROCESS	64EE4B93-8566-E751-A685-83EDE1E76E1A	FILE_OBJECT_FILE	EVENT_READ	1523030777336110957
690EAD77-39B4-11E8-BF66-D9AA8AFF4A69	SUBJECT_PROCESS	64EE4B93-8566-E751-A685-83EDE1E76E1A	FILE_OBJECT_FILE	EVENT_READ	1523030777336110957
690EAD77-39B4-11E8-BF66-D9AA8AFF4A69	SUBJECT_PROCESS	64EE4B93-8566-E751-A685-83EDE1E76E1A	FILE_OBJECT_FILE	EVENT_READ	1523030777336110957
690EAD77-39B4-11E8-BF66-D9AA8AFF4A69	SUBJECT_PROCESS	64EE4B93-8566-E751-A685-83EDE1E76E1A	FILE_OBJECT_FILE	EVENT_WRITE	1523030777336110957
690EAD77-39B4-11E8-BF66-D9AA8AFF4A69	SUBJECT_PROCESS	64EE4B93-8566-E751-A685-83EDE1E76E1A	FILE_OBJECT_FILE	EVENT_READ	1523030777336110957
690EAD77-39B4-11E8-BF66-D9AA8AFF4A69	SUBJECT_PROCESS	64EE4B93-8566-E751-A685-83EDE1E76E1A	FILE_OBJECT_FILE	EVENT_READ	1523030777336110957
690EAD77-39B4-11E8-BF66-D9AA8AFF4A69	SUBJECT_PROCESS	64EE4B93-8566-E751-A685-83EDE1E76E1A	FILE_OBJECT_FILE	EVENT_READ	1523030777336110957
690EAD77-39B4-11E8-BF66-D9AA8AFF4A69	SUBJECT_PROCESS	64EE4B93-8566-E751-A685-83EDE1E76E1A	FILE_OBJECT_FILE	EVENT_WRITE	1523030777336110957
690EAD77-39B4-11E8-BF66-D9AA8AFF4A69	SUBJECT_PROCESS	64EE4B93-8566-E751-A685-83EDE1E76E1A	FILE_OBJECT_FILE	EVENT_READ	1523030777336110957
690EAD77-39B4-11E8-BF66-D9AA8AFF4A69	SUBJECT_PROCESS	64EE4B93-8566-E751-A685-83EDE1E76E1A	FILE_OBJECT_FILE	EVENT_READ	1523030777336110957
690EAD77-39B4-11E8-BF66-D9AA8AFF4A69	SUBJECT_PROCESS	64EE4B93-8566-E751-A685-83EDE1E76E1A	FILE_OBJECT_FILE	EVENT_READ	1523030777336110957
690EAD77-39B4-11E8-BF66-D9AA8AFF4A69	SUBJECT_PROCESS	64EE4B93-8566-E751-A685-83EDE1E76E1A	FILE_OBJECT_FILE	EVENT_WRITE	1523030777336110957
690EAD77-39B4-11E8-BF66-D9AA8AFF4A69	SUBJECT_PROCESS	64EE4B93-8566-E751-A685-83EDE1E76E1A	FILE_OBJECT_FILE	EVENT_READ	1523030777346114798
690EAD77-39B4-11E8-BF66-D9AA8AFF4A69	SUBJECT_PROCESS	64EE4B93-8566-E751-A685-83EDE1E76E1A	FILE_OBJECT_FILE	EVENT_READ	1523030777346114798
690EAD77-39B4-11E8-BF66-D9AA8AFF4A69	SUBJECT_PROCESS	64EE4B93-8566-E751-A685-83EDE1E76E1A	FILE_OBJECT_FILE	EVENT_READ	1523030777346114798
690EAD77-39B4-11E8-BF66-D9AA8AFF4A69	SUBJECT_PROCESS	64EE4B93-8566-E751-A685-83EDE1E76E1A	FILE_OBJECT_FILE	EVENT_WRITE	1523030777346114798
690EAD77-39B4-11E8-BF66-D9AA8AFF4A69	SUBJECT_PROCESS	64EE4B93-8566-E751-A685-83EDE1E76E1A	FILE_OBJECT_FILE	EVENT_READ	1523030777556110534
690EAD77-39B4-11E8-BF66-D9AA8AFF4A69	SUBJECT_PROCESS	64EE4B93-8566-E751-A685-83EDE1E76E1A	FILE_OBJECT_FILE	EVENT_READ	1523030777556110534
690EAD77-39B4-11E8-BF66-D9AA8AFF4A69	SUBJECT_PROCESS	64EE4B93-8566-E751-A685-83EDE1E76E1A	FILE_OBJECT_FILE	EVENT_READ	1523030777556110534
690EAD77-39B4-11E8-BF66-D9AA8AFF4A69	SUBJECT_PROCESS	64EE4B93-8566-E751-A685-83EDE1E76E1A	FILE_OBJECT_FILE	EVENT_WRITE	1523030777556110534
690EAD77-39B4-11E8-BF66-D9AA8AFF4A69	SUBJECT_PROCESS	64EE4B93-8566-E751-A685-83EDE1E76E1A	FILE_OBJECT_FILE	EVENT_READ	1523030777556110534
690EAD77-39B4-11E8-BF66-D9AA8AFF4A69	SUBJECT_PROCESS	64EE4B93-8566-E751-A685-83EDE1E76E1A	FILE_OBJECT_FILE	EVENT_READ	1523030777556110534
690EAD77-39B4-11E8-BF66-D9AA8AFF4A69	SUBJECT_PROCESS	64EE4B93-8566-E751-A685-83EDE1E76E1A	FILE_OBJECT_FILE	EVENT_READ	1523030777556110534
690EAD77-39B4-11E8-BF66-D9AA8AFF4A69	SUBJECT_PROCESS	64EE4B93-8566-E751-A685-83EDE1E76E1A	FILE_OBJECT_FILE	EVENT_WRITE	1523030777556110534
690EAD77-39B4-11E8-BF66-D9AA8AFF4A69	SUBJECT_PROCESS	64EE4B93-8566-E751-A685-83EDE1E76E1A	FILE_OBJECT_FILE	EVENT_READ	1523030777556110534
690EAD77-39B4-11E8-BF66-D9AA8AFF4A69	SUBJECT_PROCESS	64EE4B93-8566-E751-A685-83EDE1E76E1A	FILE_OBJECT_FILE	EVENT_READ	1523030777556110534
690EAD77-39B4-11E8-BF66-D9AA8AFF4A69	SUBJECT_PROCESS	64EE4B93-8566-E751-A685-83EDE1E76E1A	FILE_OBJECT_FILE	EVENT_READ	1523030777556110534
690EAD77-39B4-11E8-BF66-D9AA8AFF4A69	SUBJECT_PROCESS	64EE4B93-8566-E751-A685-83EDE1E76E1A	FILE_OBJECT_FILE	EVENT_WRITE	1523030777556110534
690EAD77-39B4-11E8-BF66-D9AA8AFF4A69	SUBJECT_PROCESS	64EE4B93-8566-E751-A685-83EDE1E76E1A	FILE_OBJECT_FILE	EVENT_READ	1523030777556110534
690EAD77-39B4-11E8-BF66-D9AA8AFF4A69	SUBJECT_PROCESS	64EE4B93-8566-E751-A685-83EDE1E76E1A	FILE_OBJECT_FILE	EVENT_READ	1523030777556110534
690EAD77-39B4-11E8-BF66-D9AA8AFF4A69	SUBJECT_PROCESS	64EE4B93-8566-E751-A685-83EDE1E76E1A	FILE_OBJECT_FILE	EVENT_READ	1523030777556110534
690EAD77-39B4-11E8-BF66-D9AA8AFF4A69	SUBJECT_PROCESS	64EE4B93-8566-E751-A685-83EDE1E76E1A	FILE_OBJECT_FILE	EVENT_WRITE	1523030777556110534
690EAD77-39B4-11E8-BF66-D9AA8AFF4A69	SUBJECT_PROCESS	64EE4B93-8566-E751-A685-83EDE1E76E1A	FILE_OBJECT_FILE	EVENT_READ	1523030777556110534
690EAD77-39B4-11E8-BF66-D9AA8AFF4A69	SUBJECT_PROCESS	64EE4B93-8566-E751-A685-83EDE1E76E1A	FILE_OBJECT_FILE	EVENT_READ	1523030777556110534
690EAD77-39B4-11E8-BF66-D9AA8AFF4A69	SUBJECT_PROCESS	64EE4B93-8566-E751-A685-83EDE1E76E1A	FILE_OBJECT_FILE	EVENT_READ	1523030777556110534
690EAD77-39B4-11E8-BF66-D9AA8AFF4A69	SUBJECT_PROCESS	64EE4B93-8566-E751-A685-83EDE1E76E1A	FILE_OBJECT_FILE	EVENT_WRITE	1523030777556110534
690EAD77-39B4-11E8-BF66-D9AA8AFF4A69	SUBJECT_PROCESS	64EE4B93-8566-E751-A685-83EDE1E76E1A	FILE_OBJECT_FILE	EVENT_READ	1523030777556110534
690EAD77-39B4-11E8-BF66-D9AA8AFF4A69	SUBJECT_PROCESS	64EE4B93-8566-E751-A685-83EDE1E76E1A	FILE_OBJECT_FILE	EVENT_READ	1523030777556110534
690EAD77-39B4-11E8-BF66-D9AA8AFF4A69	SUBJECT_PROCESS	64EE4B93-8566-E751-A685-83EDE1E76E1A	FILE_OBJECT_FILE	EVENT_READ	1523030777556110534
690EAD77-39B4-11E8-BF66-D9AA8AFF4A69	SUBJECT_PROCESS	64EE4B93-8566-E751-A685-83EDE1E76E1A	FILE_OBJECT_FILE	EVENT_WRITE	1523030777556110534
690EAD77-39B4-11E8-BF66-D9AA8AFF4A69	SUBJECT_PROCESS	64EE4B93-8566-E751-A685-83EDE1E76E1A	FILE_OBJECT_FILE	EVENT_READ	1523030777556110534
690EAD77-39B4-11E8-BF66-D9AA8AFF4A69	SUBJECT_PROCESS	64EE4B93-8566-E751-A685-83EDE1E76E1A	FILE_OBJECT_FILE	EVENT_READ	1523030777556110534
690EAD77-39B4-11E8-BF66-D9AA8AFF4A69	SUBJECT_PROCESS	64EE4B93-8566-E751-A685-83EDE1E76E1A	FILE_OBJECT_FILE	EVENT_READ	1523030777556110534
690EAD77-39B4-11E8-BF66-D9AA8AFF4A69	SUBJECT_PROCESS	64EE4B93-8566-E751-A685-83EDE1E76E1A	FILE_OBJECT_FILE	EVENT_WRITE	1523030777556110534
690EAD77-39B4-11E8-BF66-D9AA8AFF4A69	SUBJECT_PROCESS	64EE4B93-8566-E751-A685-83EDE1E76E1A	FILE_OBJECT_FILE	EVENT_READ	1523030777606111358
690EAD77-39B4-11E8-BF66-D9AA8AFF4A69	SUBJECT_PROCESS	64EE4B93-8566-E751-A685-83EDE1E76E1A	FILE_OBJECT_FILE	EVENT_READ	1523030777606111358
690EAD77-39B4-11E8-BF66-D9AA8AFF4A69	SUBJECT_PROCESS	64EE4B93-8566-E751-A685-83EDE1E76E1A	FILE_OBJECT_FILE	EVENT_READ	1523030777606111358
690EAD77-39B4-11E8-BF66-D9AA8AFF4A69	SUBJECT_PROCESS	64EE4B93-8566-E751-A685-83EDE1E76E1A	FILE_OBJECT_FILE	EVENT_WRITE	1523030777606111358
690EAD77-39B4-11E8-BF66-D9AA8AFF4A69	SUBJECT_PROCESS	64EE4B93-8566-E751-A685-83EDE1E76E1A	FILE_OBJECT_FILE	EVENT_READ	1523030777606111358
690EAD77-39B4-11E8-BF66-D9AA8AFF4A69	SUBJECT_PROCESS	64EE4B93-8566-E751-A685-83EDE1E76E1A	FILE_OBJECT_FILE	EVENT_READ	1523030777606111358
690EAD77-39B4-11E8-BF66-D9AA8AFF4A69	SUBJECT_PROCESS	64EE4B93-8566-E751-A685-83EDE1E76E1A	FILE_OBJECT_FILE	EVENT_READ	1523030777606111358
690EAD77-39B4-11E8-BF66-D9AA8AFF4A69	SUBJECT_PROCESS	64EE4B93-8566-E751-A685-83EDE1E76E1A	FILE_OBJECT_FILE	EVENT_WRITE	1523030777606111358
690EAD77-39B4-11E8-BF66-D9AA8AFF4A69	SUBJECT_PROCESS	64EE4B93-8566-E751-A685-83EDE1E76E1A	FILE_OBJECT_FILE	EVENT_READ	1523030777606111358
690EAD77-39B4-11E8-BF66-D9AA8AFF4A69	SUBJECT_PROCESS	64EE4B93-8566-E751-A685-83EDE1E76E1A	FILE_OBJECT_FILE	EVENT_READ	1523030777606111358
690EAD77-39B4-11E8-BF66-D9AA8AFF4A69	SUBJECT_PROCESS	64EE4B93-8566-E751-A685-83EDE1E76E1A	FILE_OBJECT_FILE	EVENT_READ	1523030777606111358
690EAD77-39B4-11E8-BF66-D9AA8AFF4A69	SUBJECT_PROCESS	64EE4B93-8566-E751-A685-83EDE1E76E1A	FILE_OBJECT_FILE	EVENT_WRITE	1523030777606111358
690EAD77-39B4-11E8-BF66-D9AA8AFF4A69	SUBJECT_PROCESS	64EE4B93-8566-E751-A685-83EDE1E76E1A	FILE_OBJECT_FILE	EVENT_READ	1523030777606111358
690EAD77-39B4-11E8-BF66-D9AA8AFF4A69	SUBJECT_PROCESS	64EE4B93-8566-E751-A685-83EDE1E76E1A	FILE_OBJECT_FILE	EVENT_READ	1523030777606111358
690EAD77-39B4-11E8-BF66-D9AA8AFF4A69	SUBJECT_PROCESS	64EE4B93-8566-E751-A685-83EDE1E76E1A	FILE_OBJECT_FILE	EVENT_READ	1523030777606111358
690EAD77-39B4-11E8-BF66-D9AA8AFF4A69	SUBJECT_PROCESS	64EE4B93-8566-E751-A685-83EDE1E76E1A	FILE_OBJECT_FILE	EVENT_WRITE	1523030777606111358
690EAD77-39B4-11E8-BF66-D9AA8AFF4A69	SUBJECT_PROCESS	64EE4B93-8566-E751-A685-83EDE1E76E1A	FILE_OBJECT_FILE	EVENT_READ	1523030777606111358
690EAD77-39B4-11E8-BF66-D9AA8AFF4A69	SUBJECT_PROCESS	64EE4B93-8566-E751-A685-83EDE1E76E1A	FILE_OBJECT_FILE	EVENT_READ	1523030777606111358
690EAD77-39B4-11E8-BF66-D9AA8AFF4A69	SUBJECT_PROCESS	64EE4B93-8566-E751-A685-83EDE1E76E1A	FILE_OBJECT_FILE	EVENT_READ	1523030777606111358
690EAD77-39B4-11E8-BF66-D9AA8AFF4A69	SUBJECT_PROCESS	64EE4B93-8566-E751-A685-83EDE1E76E1A	FILE_OBJECT_FILE	EVENT_WRITE	1523030777606111358
690EAD77-39B4-11E8-BF66-D9AA8AFF4A69	SUBJECT_PROCESS	64EE4B93-8566-E751-A685-83EDE1E76E1A	FILE_OBJECT_FILE	EVENT_READ	1523030777606111358
690EAD77-39B4-11E8-BF66-D9AA8AFF4A69	SUBJECT_PROCESS	64EE4B93-8566-E751-A685-83EDE1E76E1A	FILE_OBJECT_FILE	EVENT_READ	1523030777606111358
690EAD77-39B4-11E8-BF66-D9AA8AFF4A69	SUBJECT_PROCESS	64EE4B93-8566-E751-A685-83EDE1E76E1A	FILE_OBJECT_FILE	EVENT_READ	1523030777606111358
690EAD77-39B4-11E8-BF66-D9AA8AFF4A69	SUBJECT_PROCESS	64EE4B93-8566-E751-A685-83EDE1E76E1A	FILE_OBJECT_FILE	EVENT_WRITE	1523030777606111358
690EAD77-39B4-11E8-BF66-D9AA8AFF4A69	SUBJECT_PROCESS	64EE4B93-8566-E751-A685-83EDE1E76E1A	FILE_OBJECT_FILE	EVENT_READ	1523030777616115429
690EAD77-39B4-11E8-BF66-D9AA8AFF4A69	SUBJECT_PROCESS	64EE4B93-8566-E751-A685-83EDE1E76E1A	FILE_OBJECT_FILE	EVENT_READ	1523030777616115429
690EAD77-39B4-11E8-BF66-D9AA8AFF4A69	SUBJECT_PROCESS	64EE4B93-8566-E751-A685-83EDE1E76E1A	FILE_OBJECT_FILE	EVENT_READ	1523030777616115429
690EAD77-39B4-11E8-BF66-D9AA8AFF4A69	SUBJECT_PROCESS	64EE4B93-8566-E751-A685-83EDE1E76E1A	FILE_OBJECT_FILE	EVENT_WRITE	1523030777616115429
690EAD77-39B4-11E8-BF66-D9AA8AFF4A69	SUBJECT_PROCESS	64EE4B93-8566-E751-A685-83EDE1E76E1A	FILE_OBJECT_FILE	EVENT_READ	1523030777646110731
690EAD77-39B4-11E8-BF66-D9AA8AFF4A69	SUBJECT_PROCESS	64EE4B93-8566-E751-A685-83EDE1E76E1A	FILE_OBJECT_FILE	EVENT_READ	1523030777646110731
690EAD77-39B4-11E8-BF66-D9AA8AFF4A69	SUBJECT_PROCESS	64EE4B93-8566-E751-A685-83EDE1E76E1A	FILE_OBJECT_FILE	EVENT_READ	1523030777646110731
690EAD77-39B4-11E8-BF66-D9AA8AFF4A69	SUBJECT_PROCESS	64EE4B93-8566-E751-A685-83EDE1E76E1A	FILE_OBJECT_FILE	EVENT_WRITE	1523030777646110731
690EAD77-39B4-11E8-BF66-D9AA8AFF4A69	SUBJECT_PROCESS	64EE4B93-8566-E751-A685-83EDE1E76E1A	FILE_OBJECT_FILE	EVENT_READ	1523030777646110731
690EAD77-39B4-11E8-BF66-D9AA8AFF4A69	SUBJECT_PROCESS	64EE4B93-8566-E751-A685-83EDE1E76E1A	FILE_OBJECT_FILE	EVENT_READ	1523030777646110731
690EAD77-39B4-11E8-BF66-D9AA8AFF4A69	SUBJECT_PROCESS	64EE4B93-8566-E751-A685-83EDE1E76E1A	FILE_OBJECT_FILE	EVENT_READ	1523030777646110731
690EAD77-39B4-11E8-BF66-D9AA8AFF4A69	SUBJECT_PROCESS	64EE4B93-8566-E751-A685-83EDE1E76E1A	FILE_OBJECT_FILE	EVENT_WRITE	1523030777646110731
690EAD77-39B4-11E8-BF66-D9AA8AFF4A69	SUBJECT_PROCESS	64EE4B93-8566-E751-A685-83EDE1E76E1A	FILE_OBJECT_FILE	EVENT_READ	1523030777646110731
690EAD77-39B4-11E8-BF66-D9AA8AFF4A69	SUBJECT_PROCESS	64EE4B93-8566-E751-A685-83EDE1E76E1A	FILE_OBJECT_FILE	EVENT_READ	1523030777646110731
690EAD77-39B4-11E8-BF66-D9AA8AFF4A69	SUBJECT_PROCESS	64EE4B93-8566-E751-A685-83EDE1E76E1A	FILE_OBJECT_FILE	EVENT_READ	1523030777646110731
690EAD77-39B4-11E8-BF66-D9AA8AFF4A69	SUBJECT_PROCESS	64EE4B93-8566-E751-A685-83EDE1E76E1A	FILE_OBJECT_FILE	EVENT_WRITE	1523030777646110731
690EAD77-39B4-11E8-BF66-D9AA8AFF4A69	SUBJECT_PROCESS	64EE4B93-8566-E751-A685-83EDE1E76E1A	FILE_OBJECT_FILE	EVENT_READ	1523030777646110731
690EAD77-39B4-11E8-BF66-D9AA8AFF4A69	SUBJECT_PROCESS	64EE4B93-8566-E751-A685-83EDE1E76E1A	FILE_OBJECT_FILE	EVENT_READ	1523030777656115252
690EAD77-39B4-11E8-BF66-D9AA8AFF4A69	SUBJECT_PROCESS	64EE4B93-8566-E751-A685-83EDE1E76E1A	FILE_OBJECT_FILE	EVENT_READ	1523030777656115252
690EAD77-39B4-11E8-BF66-D9AA8AFF4A69	SUBJECT_PROCESS	64EE4B93-8566-E751-A685-83EDE1E76E1A	FILE_OBJECT_FILE	EVENT_WRITE	1523030777656115252
690EAD77-39B4-11E8-BF66-D9AA8AFF4A69	SUBJECT_PROCESS	64EE4B93-8566-E751-A685-83EDE1E76E1A	FILE_OBJECT_FILE	EVENT_READ	1523030777656115252
690EAD77-39B4-11E8-BF66-D9AA8AFF4A69	SUBJECT_PROCESS	64EE4B93-8566-E751-A685-83EDE1E76E1A	FILE_OBJECT_FILE	EVENT_READ	1523030777656115252
690EAD77-39B4-11E8-BF66-D9AA8AFF4A69	SUBJECT_PROCESS	64EE4B93-8566-E751-A685-83EDE1E76E1A	FILE_OBJECT_FILE	EVENT_READ	1523030777656115252
690EAD77-39B4-11E8-BF66-D9AA8AFF4A69	SUBJECT_PROCESS	64EE4B93-8566-E751-A685-83EDE1E76E1A	FILE_OBJECT_FILE	EVENT_WRITE	1523030777656115252
690EAD77-39B4-11E8-BF66-D9AA8AFF4A69	SUBJECT_PROCESS	64EE4B93-8566-E751-A685-83EDE1E76E1A	FILE_OBJECT_FILE	EVENT_READ	1523030777656115252
690EAD77-39B4-11E8-BF66-D9AA8AFF4A69	SUBJECT_PROCESS	64EE4B93-8566-E751-A685-83EDE1E76E1A	FILE_OBJECT_FILE	EVENT_READ	1523030777656115252
690EAD77-39B4-11E8-BF66-D9AA8AFF4A69	SUBJECT_PROCESS	64EE4B93-8566-E751-A685-83EDE1E76E1A	FILE_OBJECT_FILE	EVENT_READ	1523030777656115252
690EAD77-39B4-11E8-BF66-D9AA8AFF4A69	SUBJECT_PROCESS	64EE4B93-8566-E751-A685-83EDE1E76E1A	FILE_OBJECT_FILE	EVENT_WRITE	1523030777656115252
690EAD77-39B4-11E8-BF66-D9AA8AFF4A69	SUBJECT_PROCESS	64EE4B93-8566-E751-A685-83EDE1E76E1A	FILE_OBJECT_FILE	EVENT_READ	1523030777656115252
690EAD77-39B4-11E8-BF66-D9AA8AFF4A69	SUBJECT_PROCESS	64EE4B93-8566-E751-A685-83EDE1E76E1A	FILE_OBJECT_FILE	EVENT_READ	1523030777656115252
690EAD77-39B4-11E8-BF66-D9AA8AFF4A69	SUBJECT_PROCESS	64EE4B93-8566-E751-A685-83EDE1E76E1A	FILE_OBJECT_FILE	EVENT_READ	1523030777656115252
690EAD77-39B4-11E8-BF66-D9AA8AFF4A69	SUBJECT_PROCESS	64EE4B93-8566-E751-A685-83EDE1E76E1A	FILE_OBJECT_FILE	EVENT_WRITE	1523030777656115252
690EAD77-39B4-11E8-BF66-D9AA8AFF4A69	SUBJECT_PROCESS	64EE4B93-8566-E751-A685-83EDE1E76E1A	FILE_OBJECT_FILE	EVENT_READ	1523030777696110155
690EAD77-39B4-11E8-BF66-D9AA8AFF4A69	SUBJECT_PROCESS	64EE4B93-8566-E751-A685-83EDE1E76E1A	FILE_OBJECT_FILE	EVENT_READ	1523030777696110155
690EAD77-39B4-11E8-BF66-D9AA8AFF4A69	SUBJECT_PROCESS	64EE4B93-8566-E751-A685-83EDE1E76E1A	FILE_OBJECT_FILE	EVENT_READ	1523030777696110155
690EAD77-39B4-11E8-BF66-D9AA8AFF4A69	SUBJECT_PROCESS	64EE4B93-8566-E751-A685-83EDE1E76E1A	FILE_OBJECT_FILE	EVENT_WRITE	1523030777696110155
690EAD77-39B4-11E8-BF66-D9AA8AFF4A69	SUBJECT_PROCESS	64EE4B93-8566-E751-A685-83EDE1E76E1A	FILE_OBJECT_FILE	EVENT_READ	1523030777696110155
690EAD77-39B4-11E8-BF66-D9AA8AFF4A69	SUBJECT_PROCESS	64EE4B93-8566-E751-A685-83EDE1E76E1A	FILE_OBJECT_FILE	EVENT_READ	1523030777696110155
690EAD77-39B4-11E8-BF66-D9AA8AFF4A69	SUBJECT_PROCESS	64EE4B93-8566-E751-A685-83EDE1E76E1A	FILE_OBJECT_FILE	EVENT_READ	1523030777696110155
690EAD77-39B4-11E8-BF66-D9AA8AFF4A69	SUBJECT_PROCESS	64EE4B93-8566-E751-A685-83EDE1E76E1A	FILE_OBJECT_FILE	EVENT_WRITE	1523030777696110155
690EAD77-39B4-11E8-BF66-D9AA8AFF4A69	SUBJECT_PROCESS	64EE4B93-8566-E751-A685-83EDE1E76E1A	FILE_OBJECT_FILE	EVENT_READ	1523030777696110155
690EAD77-39B4-11E8-BF66-D9AA8AFF4A69	SUBJECT_PROCESS	64EE4B93-8566-E751-A685-83EDE1E76E1A	FILE_OBJECT_FILE	EVENT_READ	1523030777696110155
690EAD77-39B4-11E8-BF66-D9AA8AFF4A69	SUBJECT_PROCESS	64EE4B93-8566-E751-A685-83EDE1E76E1A	FILE_OBJECT_FILE	EVENT_READ	1523030777696110155
690EAD77-39B4-11E8-BF66-D9AA8AFF4A69	SUBJECT_PROCESS	64EE4B93-8566-E751-A685-83EDE1E76E1A	FILE_OBJECT_FILE	EVENT_WRITE	1523030777696110155
690EAD77-39B4-11E8-BF66-D9AA8AFF4A69	SUBJECT_PROCESS	64EE4B93-8566-E751-A685-83EDE1E76E1A	FILE_OBJECT_FILE	EVENT_READ	1523030777696110155
690EAD77-39B4-11E8-BF66-D9AA8AFF4A69	SUBJECT_PROCESS	64EE4B93-8566-E751-A685-83EDE1E76E1A	FILE_OBJECT_FILE	EVENT_READ	1523030777696110155
690EAD77-39B4-11E8-BF66-D9AA8AFF4A69	SUBJECT_PROCESS	64EE4B93-8566-E751-A685-83EDE1E76E1A	FILE_OBJECT_FILE	EVENT_READ	1523030777696110155
690EAD77-39B4-11E8-BF66-D9AA8AFF4A69	SUBJECT_PROCESS	64EE4B93-8566-E751-A685-83EDE1E76E1A	FILE_OBJECT_FILE	EVENT_WRITE	1523030777696110155
690EAD77-39B4-11E8-BF66-D9AA8AFF4A69	SUBJECT_PROCESS	64EE4B93-8566-E751-A685-83EDE1E76E1A	FILE_OBJECT_FILE	EVENT_READ	1523030777696110155
690EAD77-39B4-11E8-BF66-D9AA8AFF4A69	SUBJECT_PROCESS	64EE4B93-8566-E751-A685-83EDE1E76E1A	FILE_OBJECT_FILE	EVENT_READ	1523030777706114356
690EAD77-39B4-11E8-BF66-D9AA8AFF4A69	SUBJECT_PROCESS	64EE4B93-8566-E751-A685-83EDE1E76E1A	FILE_OBJECT_FILE	EVENT_READ	1523030777706114356
690EAD77-39B4-11E8-BF66-D9AA8AFF4A69	SUBJECT_PROCESS	64EE4B93-8566-E751-A685-83EDE1E76E1A	FILE_OBJECT_FILE	EVENT_WRITE	1523030777706114356
690EAD77-39B4-11E8-BF66-D9AA8AFF4A69	SUBJECT_PROCESS	64EE4B93-8566-E751-A685-83EDE1E76E1A	FILE_OBJECT_FILE	EVENT_READ	1523030777706114356
690EAD77-39B4-11E8-BF66-D9AA8AFF4A69	SUBJECT_PROCESS	64EE4B93-8566-E751-A685-83EDE1E76E1A	FILE_OBJECT_FILE	EVENT_READ	1523030777706114356
690EAD77-39B4-11E8-BF66-D9AA8AFF4A69	SUBJECT_PROCESS	64EE4B93-8566-E751-A685-83EDE1E76E1A	FILE_OBJECT_FILE	EVENT_READ	1523030777706114356
690EAD77-39B4-11E8-BF66-D9AA8AFF4A69	SUBJECT_PROCESS	64EE4B93-8566-E751-A685-83EDE1E76E1A	FILE_OBJECT_FILE	EVENT_WRITE	1523030777706114356
690EAD77-39B4-11E8-BF66-D9AA8AFF4A69	SUBJECT_PROCESS	64EE4B93-8566-E751-A685-83EDE1E76E1A	FILE_OBJECT_FILE	EVENT_READ	1523030777706114356
690EAD77-39B4-11E8-BF66-D9AA8AFF4A69	SUBJECT_PROCESS	64EE4B93-8566-E751-A685-83EDE1E76E1A	FILE_OBJECT_FILE	EVENT_READ	1523030777706114356
690EAD77-39B4-11E8-BF66-D9AA8AFF4A69	SUBJECT_PROCESS	64EE4B93-8566-E751-A685-83EDE1E76E1A	FILE_OBJECT_FILE	EVENT_READ	1523030777706114356
690EAD77-39B4-11E8-BF66-D9AA8AFF4A69	SUBJECT_PROCESS	64EE4B93-8566-E751-A685-83EDE1E76E1A	FILE_OBJECT_FILE	EVENT_WRITE	1523030777706114356
690EAD77-39B4-11E8-BF66-D9AA8AFF4A69	SUBJECT_PROCESS	64EE4B93-8566-E751-A685-83EDE1E76E1A	FILE_OBJECT_FILE	EVENT_READ	1523030777726110828
690EAD77-39B4-11E8-BF66-D9AA8AFF4A69	SUBJECT_PROCESS	64EE4B93-8566-E751-A685-83EDE1E76E1A	FILE_OBJECT_FILE	EVENT_READ	1523030777726110828
690EAD77-39B4-11E8-BF66-D9AA8AFF4A69	SUBJECT_PROCESS	64EE4B93-8566-E751-A685-83EDE1E76E1A	FILE_OBJECT_FILE	EVENT_READ	1523030777726110828
690EAD77-39B4-11E8-BF66-D9AA8AFF4A69	SUBJECT_PROCESS	64EE4B93-8566-E751-A685-83EDE1E76E1A	FILE_OBJECT_FILE	EVENT_WRITE	1523030777726110828
690EAD77-39B4-11E8-BF66-D9AA8AFF4A69	SUBJECT_PROCESS	64EE4B93-8566-E751-A685-83EDE1E76E1A	FILE_OBJECT_FILE	EVENT_READ	1523030777726110828
690EAD77-39B4-11E8-BF66-D9AA8AFF4A69	SUBJECT_PROCESS	64EE4B93-8566-E751-A685-83EDE1E76E1A	FILE_OBJECT_FILE	EVENT_READ	1523030777736110469
690EAD77-39B4-11E8-BF66-D9AA8AFF4A69	SUBJECT_PROCESS	64EE4B93-8566-E751-A685-83EDE1E76E1A	FILE_OBJECT_FILE	EVENT_READ	1523030777736110469
690EAD77-39B4-11E8-BF66-D9AA8AFF4A69	SUBJECT_PROCESS	64EE4B93-8566-E751-A685-83EDE1E76E1A	FILE_OBJECT_FILE	EVENT_WRITE	1523030777736110469
690EAD77-39B4-11E8-BF66-D9AA8AFF4A69	SUBJECT_PROCESS	64EE4B93-8566-E751-A685-83EDE1E76E1A	FILE_OBJECT_FILE	EVENT_READ	1523030777736110469
690EAD77-39B4-11E8-BF66-D9AA8AFF4A69	SUBJECT_PROCESS	64EE4B93-8566-E751-A685-83EDE1E76E1A	FILE_OBJECT_FILE	EVENT_READ	1523030777736110469
690EAD77-39B4-11E8-BF66-D9AA8AFF4A69	SUBJECT_PROCESS	64EE4B93-8566-E751-A685-83EDE1E76E1A	FILE_OBJECT_FILE	EVENT_READ	1523030777736110469
690EAD77-39B4-11E8-BF66-D9AA8AFF4A69	SUBJECT_PROCESS	64EE4B93-8566-E751-A685-83EDE1E76E1A	FILE_OBJECT_FILE	EVENT_WRITE	1523030777736110469
690EAD77-39B4-11E8-BF66-D9AA8AFF4A69	SUBJECT_PROCESS	64EE4B93-8566-E751-A685-83EDE1E76E1A	FILE_OBJECT_FILE	EVENT_READ	1523030777736110469
690EAD77-39B4-11E8-BF66-D9AA8AFF4A69	SUBJECT_PROCESS	64EE4B93-8566-E751-A685-83EDE1E76E1A	FILE_OBJECT_FILE	EVENT_READ	1523030777736110469
690EAD77-39B4-11E8-BF66-D9AA8AFF4A69	SUBJECT_PROCESS	64EE4B93-8566-E751-A685-83EDE1E76E1A	FILE_OBJECT_FILE	EVENT_READ	1523030777736110469
690EAD77-39B4-11E8-BF66-D9AA8AFF4A69	SUBJECT_PROCESS	64EE4B93-8566-E751-A685-83EDE1E76E1A	FILE_OBJECT_FILE	EVENT_WRITE	1523030777736110469
690EAD77-39B4-11E8-BF66-D9AA8AFF4A69	SUBJECT_PROCESS	64EE4B93-8566-E751-A685-83EDE1E76E1A	FILE_OBJECT_FILE	EVENT_READ	1523030777736110469
690EAD77-39B4-11E8-BF66-D9AA8AFF4A69	SUBJECT_PROCESS	64EE4B93-8566-E751-A685-83EDE1E76E1A	FILE_OBJECT_FILE	EVENT_READ	1523030777736110469
690EAD77-39B4-11E8-BF66-D9AA8AFF4A69	SUBJECT_PROCESS	64EE4B93-8566-E751-A685-83EDE1E76E1A	FILE_OBJECT_FILE	EVENT_READ	1523030777736110469
690EAD77-39B4-11E8-BF66-D9AA8AFF4A69	SUBJECT_PROCESS	64EE4B93-8566-E751-A685-83EDE1E76E1A	FILE_OBJECT_FILE	EVENT_WRITE	1523030777736110469
690EAD77-39B4-11E8-BF66-D9AA8AFF4A69	SUBJECT_PROCESS	64EE4B93-8566-E751-A685-83EDE1E76E1A	FILE_OBJECT_FILE	EVENT_READ	1523030777736110469
690EAD77-39B4-11E8-BF66-D9AA8AFF4A69	SUBJECT_PROCESS	64EE4B93-8566-E751-A685-83EDE1E76E1A	FILE_OBJECT_FILE	EVENT_READ	1523030777736110469
690EAD77-39B4-11E8-BF66-D9AA8AFF4A69	SUBJECT_PROCESS	64EE4B93-8566-E751-A685-83EDE1E76E1A	FILE_OBJECT_FILE	EVENT_READ	1523030777736110469
690EAD77-39B4-11E8-BF66-D9AA8AFF4A69	SUBJECT_PROCESS	64EE4B93-8566-E751-A685-83EDE1E76E1A	FILE_OBJECT_FILE	EVENT_WRITE	1523030777736110469
690EAD77-39B4-11E8-BF66-D9AA8AFF4A69	SUBJECT_PROCESS	64EE4B93-8566-E751-A685-83EDE1E76E1A	FILE_OBJECT_FILE	EVENT_READ	1523030777736110469
690EAD77-39B4-11E8-BF66-D9AA8AFF4A69	SUBJECT_PROCESS	64EE4B93-8566-E751-A685-83EDE1E76E1A	FILE_OBJECT_FILE	EVENT_READ	1523030777736110469
690EAD77-39B4-11E8-BF66-D9AA8AFF4A69	SUBJECT_PROCESS	64EE4B93-8566-E751-A685-83EDE1E76E1A	FILE_OBJECT_FILE	EVENT_READ	1523030777736110469
690EAD77-39B4-11E8-BF66-D9AA8AFF4A69	SUBJECT_PROCESS	64EE4B93-8566-E751-A685-83EDE1E76E1A	FILE_OBJECT_FILE	EVENT_WRITE	1523030777736110469
690EAD77-39B4-11E8-BF66-D9AA8AFF4A69	SUBJECT_PROCESS	64EE4B93-8566-E751-A685-83EDE1E76E1A	FILE_OBJECT_FILE	EVENT_READ	1523030777736110469
690EAD77-39B4-11E8-BF66-D9AA8AFF4A69	SUBJECT_PROCESS	64EE4B93-8566-E751-A685-83EDE1E76E1A	FILE_OBJECT_FILE	EVENT_READ	1523030777736110469
690EAD77-39B4-11E8-BF66-D9AA8AFF4A69	SUBJECT_PROCESS	64EE4B93-8566-E751-A685-83EDE1E76E1A	FILE_OBJECT_FILE	EVENT_READ	1523030777736110469
690EAD77-39B4-11E8-BF66-D9AA8AFF4A69	SUBJECT_PROCESS	64EE4B93-8566-E751-A685-83EDE1E76E1A	FILE_OBJECT_FILE	EVENT_WRITE	1523030777736110469
690EAD77-39B4-11E8-BF66-D9AA8AFF4A69	SUBJECT_PROCESS	64EE4B93-8566-E751-A685-83EDE1E76E1A	FILE_OBJECT_FILE	EVENT_READ	1523030777736110469
690EAD77-39B4-11E8-BF66-D9AA8AFF4A69	SUBJECT_PROCESS	64EE4B93-8566-E751-A685-83EDE1E76E1A	FILE_OBJECT_FILE	EVENT_READ	1523030777746114119
690EAD77-39B4-11E8-BF66-D9AA8AFF4A69	SUBJECT_PROCESS	64EE4B93-8566-E751-A685-83EDE1E76E1A	FILE_OBJECT_FILE	EVENT_READ	1523030777746114119
690EAD77-39B4-11E8-BF66-D9AA8AFF4A69	SUBJECT_PROCESS	64EE4B93-8566-E751-A685-83EDE1E76E1A	FILE_OBJECT_FILE	EVENT_WRITE	1523030777746114119
690EAD77-39B4-11E8-BF66-D9AA8AFF4A69	SUBJECT_PROCESS	64EE4B93-8566-E751-A685-83EDE1E76E1A	FILE_OBJECT_FILE	EVENT_READ	1523030777746114119
690EAD77-39B4-11E8-BF66-D9AA8AFF4A69	SUBJECT_PROCESS	64EE4B93-8566-E751-A685-83EDE1E76E1A	FILE_OBJECT_FILE	EVENT_READ	1523030777746114119
690EAD77-39B4-11E8-BF66-D9AA8AFF4A69	SUBJECT_PROCESS	64EE4B93-8566-E751-A685-83EDE1E76E1A	FILE_OBJECT_FILE	EVENT_READ	1523030777746114119
690EAD77-39B4-11E8-BF66-D9AA8AFF4A69	SUBJECT_PROCESS	64EE4B93-8566-E751-A685-83EDE1E76E1A	FILE_OBJECT_FILE	EVENT_WRITE	1523030777746114119
690EAD77-39B4-11E8-BF66-D9AA8AFF4A69	SUBJECT_PROCESS	64EE4B93-8566-E751-A685-83EDE1E76E1A	FILE_OBJECT_FILE	EVENT_READ	1523030777746114119
690EAD77-39B4-11E8-BF66-D9AA8AFF4A69	SUBJECT_PROCESS	64EE4B93-8566-E751-A685-83EDE1E76E1A	FILE_OBJECT_FILE	EVENT_READ	1523030777746114119
690EAD77-39B4-11E8-BF66-D9AA8AFF4A69	SUBJECT_PROCESS	64EE4B93-8566-E751-A685-83EDE1E76E1A	FILE_OBJECT_FILE	EVENT_READ	1523030777746114119
690EAD77-39B4-11E8-BF66-D9AA8AFF4A69	SUBJECT_PROCESS	64EE4B93-8566-E751-A685-83EDE1E76E1A	FILE_OBJECT_FILE	EVENT_WRITE	1523030777746114119
690EAD77-39B4-11E8-BF66-D9AA8AFF4A69	SUBJECT_PROCESS	64EE4B93-8566-E751-A685-83EDE1E76E1A	FILE_OBJECT_FILE	EVENT_READ	1523030777746114119
690EAD77-39B4-11E8-BF66-D9AA8AFF4A69	SUBJECT_PROCESS	64EE4B93-8566-E751-A685-83EDE1E76E1A	FILE_OBJECT_FILE	EVENT_READ	1523030777746114119
690EAD77-39B4-11E8-BF66-D9AA8AFF4A69	SUBJECT_PROCESS	64EE4B93-8566-E751-A685-83EDE1E76E1A	FILE_OBJECT_FILE	EVENT_READ	1523030777746114119
690EAD77-39B4-11E8-BF66-D9AA8AFF4A69	SUBJECT_PROCESS	64EE4B93-8566-E751-A685-83EDE1E76E1A	FILE_OBJECT_FILE	EVENT_WRITE	1523030777746114119
690EAD77-39B4-11E8-BF66-D9AA8AFF4A69	SUBJECT_PROCESS	64EE4B93-8566-E751-A685-83EDE1E76E1A	FILE_OBJECT_FILE	EVENT_READ	1523030777746114119
690EAD77-39B4-11E8-BF66-D9AA8AFF4A69	SUBJECT_PROCESS	64EE4B93-8566-E751-A685-83EDE1E76E1A	FILE_OBJECT_FILE	EVENT_READ	1523030777746114119
690EAD77-39B4-11E8-BF66-D9AA8AFF4A69	SUBJECT_PROCESS	64EE4B93-8566-E751-A685-83EDE1E76E1A	FILE_OBJECT_FILE	EVENT_READ	1523030777746114119
690EAD77-39B4-11E8-BF66-D9AA8AFF4A69	SUBJECT_PROCESS	64EE4B93-8566-E751-A685-83EDE1E76E1A	FILE_OBJECT_FILE	EVENT_WRITE	1523030777746114119
690EAD77-39B4-11E8-BF66-D9AA8AFF4A69	SUBJECT_PROCESS	64EE4B93-8566-E751-A685-83EDE1E76E1A	FILE_OBJECT_FILE	EVENT_READ	1523030777746114119
690EAD77-39B4-11E8-BF66-D9AA8AFF4A69	SUBJECT_PROCESS	64EE4B93-8566-E751-A685-83EDE1E76E1A	FILE_OBJECT_FILE	EVENT_READ	1523030777746114119
690EAD77-39B4-11E8-BF66-D9AA8AFF4A69	SUBJECT_PROCESS	64EE4B93-8566-E751-A685-83EDE1E76E1A	FILE_OBJECT_FILE	EVENT_READ	1523030777746114119
690EAD77-39B4-11E8-BF66-D9AA8AFF4A69	SUBJECT_PROCESS	64EE4B93-8566-E751-A685-83EDE1E76E1A	FILE_OBJECT_FILE	EVENT_WRITE	1523030777746114119
690EAD77-39B4-11E8-BF66-D9AA8AFF4A69	SUBJECT_PROCESS	64EE4B93-8566-E751-A685-83EDE1E76E1A	FILE_OBJECT_FILE	EVENT_READ	1523030777746114119
690EAD77-39B4-11E8-BF66-D9AA8AFF4A69	SUBJECT_PROCESS	64EE4B93-8566-E751-A685-83EDE1E76E1A	FILE_OBJECT_FILE	EVENT_READ	1523030777746114119
690EAD77-39B4-11E8-BF66-D9AA8AFF4A69	SUBJECT_PROCESS	64EE4B93-8566-E751-A685-83EDE1E76E1A	FILE_OBJECT_FILE	EVENT_READ	1523030777746114119
690EAD77-39B4-11E8-BF66-D9AA8AFF4A69	SUBJECT_PROCESS	64EE4B93-8566-E751-A685-83EDE1E76E1A	FILE_OBJECT_FILE	EVENT_WRITE	1523030777746114119
690EAD77-39B4-11E8-BF66-D9AA8AFF4A69	SUBJECT_PROCESS	64EE4B93-8566-E751-A685-83EDE1E76E1A	FILE_OBJECT_FILE	EVENT_READ	1523030777746114119
690EAD77-39B4-11E8-BF66-D9AA8AFF4A69	SUBJECT_PROCESS	64EE4B93-8566-E751-A685-83EDE1E76E1A	FILE_OBJECT_FILE	EVENT_READ	1523030777746114119
690EAD77-39B4-11E8-BF66-D9AA8AFF4A69	SUBJECT_PROCESS	64EE4B93-8566-E751-A685-83EDE1E76E1A	FILE_OBJECT_FILE	EVENT_READ	1523030777746114119
690EAD77-39B4-11E8-BF66-D9AA8AFF4A69	SUBJECT_PROCESS	64EE4B93-8566-E751-A685-83EDE1E76E1A	FILE_OBJECT_FILE	EVENT_WRITE	1523030777756113480
690EAD77-39B4-11E8-BF66-D9AA8AFF4A69	SUBJECT_PROCESS	64EE4B93-8566-E751-A685-83EDE1E76E1A	FILE_OBJECT_FILE	EVENT_READ	1523030777756113480
690EAD77-39B4-11E8-BF66-D9AA8AFF4A69	SUBJECT_PROCESS	64EE4B93-8566-E751-A685-83EDE1E76E1A	FILE_OBJECT_FILE	EVENT_READ	1523030777756113480
690EAD77-39B4-11E8-BF66-D9AA8AFF4A69	SUBJECT_PROCESS	64EE4B93-8566-E751-A685-83EDE1E76E1A	FILE_OBJECT_FILE	EVENT_READ	1523030777756113480
690EAD77-39B4-11E8-BF66-D9AA8AFF4A69	SUBJECT_PROCESS	64EE4B93-8566-E751-A685-83EDE1E76E1A	FILE_OBJECT_FILE	EVENT_WRITE	1523030777756113480
690EAD77-39B4-11E8-BF66-D9AA8AFF4A69	SUBJECT_PROCESS	64EE4B93-8566-E751-A685-83EDE1E76E1A	FILE_OBJECT_FILE	EVENT_READ	1523030777756113480
690EAD77-39B4-11E8-BF66-D9AA8AFF4A69	SUBJECT_PROCESS	64EE4B93-8566-E751-A685-83EDE1E76E1A	FILE_OBJECT_FILE	EVENT_READ	1523030777756113480
690EAD77-39B4-11E8-BF66-D9AA8AFF4A69	SUBJECT_PROCESS	64EE4B93-8566-E751-A685-83EDE1E76E1A	FILE_OBJECT_FILE	EVENT_READ	1523030777756113480
690EAD77-39B4-11E8-BF66-D9AA8AFF4A69	SUBJECT_PROCESS	64EE4B93-8566-E751-A685-83EDE1E76E1A	FILE_OBJECT_FILE	EVENT_WRITE	1523030777756113480
690EAD77-39B4-11E8-BF66-D9AA8AFF4A69	SUBJECT_PROCESS	64EE4B93-8566-E751-A685-83EDE1E76E1A	FILE_OBJECT_FILE	EVENT_READ	1523030777756113480
690EAD77-39B4-11E8-BF66-D9AA8AFF4A69	SUBJECT_PROCESS	64EE4B93-8566-E751-A685-83EDE1E76E1A	FILE_OBJECT_FILE	EVENT_READ	1523030777756113480
690EAD77-39B4-11E8-BF66-D9AA8AFF4A69	SUBJECT_PROCESS	64EE4B93-8566-E751-A685-83EDE1E76E1A	FILE_OBJECT_FILE	EVENT_READ	1523030777756113480
690EAD77-39B4-11E8-BF66-D9AA8AFF4A69	SUBJECT_PROCESS	64EE4B93-8566-E751-A685-83EDE1E76E1A	FILE_OBJECT_FILE	EVENT_WRITE	1523030777756113480
690EAD77-39B4-11E8-BF66-D9AA8AFF4A69	SUBJECT_PROCESS	64EE4B93-8566-E751-A685-83EDE1E76E1A	FILE_OBJECT_FILE	EVENT_READ	1523030777756113480
690EAD77-39B4-11E8-BF66-D9AA8AFF4A69	SUBJECT_PROCESS	64EE4B93-8566-E751-A685-83EDE1E76E1A	FILE_OBJECT_FILE	EVENT_READ	1523030777756113480
690EAD77-39B4-11E8-BF66-D9AA8AFF4A69	SUBJECT_PROCESS	64EE4B93-8566-E751-A685-83EDE1E76E1A	FILE_OBJECT_FILE	EVENT_READ	1523030777756113480
690EAD77-39B4-11E8-BF66-D9AA8AFF4A69	SUBJECT_PROCESS	64EE4B93-8566-E751-A685-83EDE1E76E1A	FILE_OBJECT_FILE	EVENT_WRITE	1523030777756113480
690EAD77-39B4-11E8-BF66-D9AA8AFF4A69	SUBJECT_PROCESS	64EE4B93-8566-E751-A685-83EDE1E76E1A	FILE_OBJECT_FILE	EVENT_READ	1523030777756113480
690EAD77-39B4-11E8-BF66-D9AA8AFF4A69	SUBJECT_PROCESS	64EE4B93-8566-E751-A685-83EDE1E76E1A	FILE_OBJECT_FILE	EVENT_READ	1523030777756113480
690EAD77-39B4-11E8-BF66-D9AA8AFF4A69	SUBJECT_PROCESS	64EE4B93-8566-E751-A685-83EDE1E76E1A	FILE_OBJECT_FILE	EVENT_READ	1523030777756113480
690EAD77-39B4-11E8-BF66-D9AA8AFF4A69	SUBJECT_PROCESS	64EE4B93-8566-E751-A685-83EDE1E76E1A	FILE_OBJECT_FILE	EVENT_WRITE	1523030777756113480
690EAD77-39B4-11E8-BF66-D9AA8AFF4A69	SUBJECT_PROCESS	64EE4B93-8566-E751-A685-83EDE1E76E1A	FILE_OBJECT_FILE	EVENT_READ	1523030777756113480
690EAD77-39B4-11E8-BF66-D9AA8AFF4A69	SUBJECT_PROCESS	64EE4B93-8566-E751-A685-83EDE1E76E1A	FILE_OBJECT_FILE	EVENT_READ	1523030777756113480
690EAD77-39B4-11E8-BF66-D9AA8AFF4A69	SUBJECT_PROCESS	64EE4B93-8566-E751-A685-83EDE1E76E1A	FILE_OBJECT_FILE	EVENT_READ	1523030777756113480
690EAD77-39B4-11E8-BF66-D9AA8AFF4A69	SUBJECT_PROCESS	64EE4B93-8566-E751-A685-83EDE1E76E1A	FILE_OBJECT_FILE	EVENT_WRITE	1523030777756113480
690EAD77-39B4-11E8-BF66-D9AA8AFF4A69	SUBJECT_PROCESS	64EE4B93-8566-E751-A685-83EDE1E76E1A	FILE_OBJECT_FILE	EVENT_READ	1523030777756113480
690EAD77-39B4-11E8-BF66-D9AA8AFF4A69	SUBJECT_PROCESS	64EE4B93-8566-E751-A685-83EDE1E76E1A	FILE_OBJECT_FILE	EVENT_READ	1523030777756113480
690EAD77-39B4-11E8-BF66-D9AA8AFF4A69	SUBJECT_PROCESS	64EE4B93-8566-E751-A685-83EDE1E76E1A	FILE_OBJECT_FILE	EVENT_READ	1523030777756113480
690EAD77-39B4-11E8-BF66-D9AA8AFF4A69	SUBJECT_PROCESS	64EE4B93-8566-E751-A685-83EDE1E76E1A	FILE_OBJECT_FILE	EVENT_WRITE	1523030777756113480
690EAD77-39B4-11E8-BF66-D9AA8AFF4A69	SUBJECT_PROCESS	64EE4B93-8566-E751-A685-83EDE1E76E1A	FILE_OBJECT_FILE	EVENT_READ	1523030777756113480
690EAD77-39B4-11E8-BF66-D9AA8AFF4A69	SUBJECT_PROCESS	64EE4B93-8566-E751-A685-83EDE1E76E1A	FILE_OBJECT_FILE	EVENT_READ	1523030777766111981
690EAD77-39B4-11E8-BF66-D9AA8AFF4A69	SUBJECT_PROCESS	64EE4B93-8566-E751-A685-83EDE1E76E1A	FILE_OBJECT_FILE	EVENT_READ	1523030777766111981
690EAD77-39B4-11E8-BF66-D9AA8AFF4A69	SUBJECT_PROCESS	64EE4B93-8566-E751-A685-83EDE1E76E1A	FILE_OBJECT_FILE	EVENT_WRITE	1523030777766111981
690EAD77-39B4-11E8-BF66-D9AA8AFF4A69	SUBJECT_PROCESS	64EE4B93-8566-E751-A685-83EDE1E76E1A	FILE_OBJECT_FILE	EVENT_READ	1523030777766111981
690EAD77-39B4-11E8-BF66-D9AA8AFF4A69	SUBJECT_PROCESS	64EE4B93-8566-E751-A685-83EDE1E76E1A	FILE_OBJECT_FILE	EVENT_READ	1523030777766111981
690EAD77-39B4-11E8-BF66-D9AA8AFF4A69	SUBJECT_PROCESS	64EE4B93-8566-E751-A685-83EDE1E76E1A	FILE_OBJECT_FILE	EVENT_READ	1523030777766111981
690EAD77-39B4-11E8-BF66-D9AA8AFF4A69	SUBJECT_PROCESS	64EE4B93-8566-E751-A685-83EDE1E76E1A	FILE_OBJECT_FILE	EVENT_WRITE	1523030777766111981
690EAD77-39B4-11E8-BF66-D9AA8AFF4A69	SUBJECT_PROCESS	64EE4B93-8566-E751-A685-83EDE1E76E1A	FILE_OBJECT_FILE	EVENT_READ	1523030777766111981
690EAD77-39B4-11E8-BF66-D9AA8AFF4A69	SUBJECT_PROCESS	64EE4B93-8566-E751-A685-83EDE1E76E1A	FILE_OBJECT_FILE	EVENT_READ	1523030777766111981
690EAD77-39B4-11E8-BF66-D9AA8AFF4A69	SUBJECT_PROCESS	64EE4B93-8566-E751-A685-83EDE1E76E1A	FILE_OBJECT_FILE	EVENT_READ	1523030777766111981
690EAD77-39B4-11E8-BF66-D9AA8AFF4A69	SUBJECT_PROCESS	64EE4B93-8566-E751-A685-83EDE1E76E1A	FILE_OBJECT_FILE	EVENT_WRITE	1523030777766111981
690EAD77-39B4-11E8-BF66-D9AA8AFF4A69	SUBJECT_PROCESS	64EE4B93-8566-E751-A685-83EDE1E76E1A	FILE_OBJECT_FILE	EVENT_READ	1523030777766111981
690EAD77-39B4-11E8-BF66-D9AA8AFF4A69	SUBJECT_PROCESS	64EE4B93-8566-E751-A685-83EDE1E76E1A	FILE_OBJECT_FILE	EVENT_READ	1523030777766111981
690EAD77-39B4-11E8-BF66-D9AA8AFF4A69	SUBJECT_PROCESS	64EE4B93-8566-E751-A685-83EDE1E76E1A	FILE_OBJECT_FILE	EVENT_READ	1523030777766111981
690EAD77-39B4-11E8-BF66-D9AA8AFF4A69	SUBJECT_PROCESS	64EE4B93-8566-E751-A685-83EDE1E76E1A	FILE_OBJECT_FILE	EVENT_WRITE	1523030777766111981
690EAD77-39B4-11E8-BF66-D9AA8AFF4A69	SUBJECT_PROCESS	64EE4B93-8566-E751-A685-83EDE1E76E1A	FILE_OBJECT_FILE	EVENT_READ	1523030777766111981
690EAD77-39B4-11E8-BF66-D9AA8AFF4A69	SUBJECT_PROCESS	64EE4B93-8566-E751-A685-83EDE1E76E1A	FILE_OBJECT_FILE	EVENT_READ	1523030777766111981
690EAD77-39B4-11E8-BF66-D9AA8AFF4A69	SUBJECT_PROCESS	64EE4B93-8566-E751-A685-83EDE1E76E1A	FILE_OBJECT_FILE	EVENT_READ	1523030777766111981
690EAD77-39B4-11E8-BF66-D9AA8AFF4A69	SUBJECT_PROCESS	64EE4B93-8566-E751-A685-83EDE1E76E1A	FILE_OBJECT_FILE	EVENT_WRITE	1523030777766111981
72FB0406-3678-11E8-BF66-D9AA8AFF4A69	SUBJECT_PROCESS	6FD772A4-39B4-11E8-BF66-D9AA8AFF4A69	FILE_OBJECT_UNIX_SOCKET	EVENT_CLOSE	1523030777806119324
72FB0406-3678-11E8-BF66-D9AA8AFF4A69	SUBJECT_PROCESS	6FD7730B-39B4-11E8-BF66-D9AA8AFF4A69	FILE_OBJECT_UNIX_SOCKET	EVENT_CLOSE	1523030777806119324
72FB0406-3678-11E8-BF66-D9AA8AFF4A69	SUBJECT_PROCESS	706FE042-39B4-11E8-BF66-D9AA8AFF4A69	FILE_OBJECT_UNIX_SOCKET	EVENT_CREATE_OBJECT	1523030777806119324
72FB0406-3678-11E8-BF66-D9AA8AFF4A69	SUBJECT_PROCESS	706FE0E7-39B4-11E8-BF66-D9AA8AFF4A69	FILE_OBJECT_UNIX_SOCKET	EVENT_CREATE_OBJECT	1523030777806119324
72FB0406-3678-11E8-BF66-D9AA8AFF4A69	SUBJECT_PROCESS	706FE042-39B4-11E8-BF66-D9AA8AFF4A69	FILE_OBJECT_UNIX_SOCKET	EVENT_CLOSE	1523030778806111034
72FB0406-3678-11E8-BF66-D9AA8AFF4A69	SUBJECT_PROCESS	706FE0E7-39B4-11E8-BF66-D9AA8AFF4A69	FILE_OBJECT_UNIX_SOCKET	EVENT_CLOSE	1523030778806111034
72FB0406-3678-11E8-BF66-D9AA8AFF4A69	SUBJECT_PROCESS	71089923-39B4-11E8-BF66-D9AA8AFF4A69	FILE_OBJECT_UNIX_SOCKET	EVENT_CREATE_OBJECT	1523030778806111034
72FB0406-3678-11E8-BF66-D9AA8AFF4A69	SUBJECT_PROCESS	710899C4-39B4-11E8-BF66-D9AA8AFF4A69	FILE_OBJECT_UNIX_SOCKET	EVENT_CREATE_OBJECT	1523030778806111034
72FB0406-3678-11E8-BF66-D9AA8AFF4A69	SUBJECT_PROCESS	71089923-39B4-11E8-BF66-D9AA8AFF4A69	FILE_OBJECT_UNIX_SOCKET	EVENT_CLOSE	1523030779816111614
72FB0406-3678-11E8-BF66-D9AA8AFF4A69	SUBJECT_PROCESS	710899C4-39B4-11E8-BF66-D9AA8AFF4A69	FILE_OBJECT_UNIX_SOCKET	EVENT_CLOSE	1523030779816111614
72FB0406-3678-11E8-BF66-D9AA8AFF4A69	SUBJECT_PROCESS	71A2B85F-39B4-11E8-BF66-D9AA8AFF4A69	FILE_OBJECT_UNIX_SOCKET	EVENT_CREATE_OBJECT	1523030779816111614
72FB0406-3678-11E8-BF66-D9AA8AFF4A69	SUBJECT_PROCESS	71A2B903-39B4-11E8-BF66-D9AA8AFF4A69	FILE_OBJECT_UNIX_SOCKET	EVENT_CREATE_OBJECT	1523030779816111614
72FB0406-3678-11E8-BF66-D9AA8AFF4A69	SUBJECT_PROCESS	71A2B85F-39B4-11E8-BF66-D9AA8AFF4A69	FILE_OBJECT_UNIX_SOCKET	EVENT_CLOSE	1523030780806111493
72FB0406-3678-11E8-BF66-D9AA8AFF4A69	SUBJECT_PROCESS	71A2B903-39B4-11E8-BF66-D9AA8AFF4A69	FILE_OBJECT_UNIX_SOCKET	EVENT_CLOSE	1523030780806111493
72FB0406-3678-11E8-BF66-D9AA8AFF4A69	SUBJECT_PROCESS	7239B2F7-39B4-11E8-BF66-D9AA8AFF4A69	FILE_OBJECT_UNIX_SOCKET	EVENT_CREATE_OBJECT	1523030780806111493
72FB0406-3678-11E8-BF66-D9AA8AFF4A69	SUBJECT_PROCESS	7239B35D-39B4-11E8-BF66-D9AA8AFF4A69	FILE_OBJECT_UNIX_SOCKET	EVENT_CREATE_OBJECT	1523030780806111493
72FB0406-3678-11E8-BF66-D9AA8AFF4A69	SUBJECT_PROCESS	7239B2F7-39B4-11E8-BF66-D9AA8AFF4A69	FILE_OBJECT_UNIX_SOCKET	EVENT_CLOSE	1523030781806112023
72FB0406-3678-11E8-BF66-D9AA8AFF4A69	SUBJECT_PROCESS	7239B35D-39B4-11E8-BF66-D9AA8AFF4A69	FILE_OBJECT_UNIX_SOCKET	EVENT_CLOSE	1523030781806112023
72FB0406-3678-11E8-BF66-D9AA8AFF4A69	SUBJECT_PROCESS	72D24B81-39B4-11E8-BF66-D9AA8AFF4A69	FILE_OBJECT_UNIX_SOCKET	EVENT_CREATE_OBJECT	1523030781806112023
72FB0406-3678-11E8-BF66-D9AA8AFF4A69	SUBJECT_PROCESS	72D24BE9-39B4-11E8-BF66-D9AA8AFF4A69	FILE_OBJECT_UNIX_SOCKET	EVENT_CREATE_OBJECT	1523030781806112023
72FB0406-3678-11E8-BF66-D9AA8AFF4A69	SUBJECT_PROCESS	72D24B81-39B4-11E8-BF66-D9AA8AFF4A69	FILE_OBJECT_UNIX_SOCKET	EVENT_CLOSE	1523030782806111362
72FB0406-3678-11E8-BF66-D9AA8AFF4A69	SUBJECT_PROCESS	72D24BE9-39B4-11E8-BF66-D9AA8AFF4A69	FILE_OBJECT_UNIX_SOCKET	EVENT_CLOSE	1523030782806111362
72FB0406-3678-11E8-BF66-D9AA8AFF4A69	SUBJECT_PROCESS	736AE273-39B4-11E8-BF66-D9AA8AFF4A69	FILE_OBJECT_UNIX_SOCKET	EVENT_CREATE_OBJECT	1523030782806111362
72FB0406-3678-11E8-BF66-D9AA8AFF4A69	SUBJECT_PROCESS	736AE2DA-39B4-11E8-BF66-D9AA8AFF4A69	FILE_OBJECT_UNIX_SOCKET	EVENT_CREATE_OBJECT	1523030782806111362
72FB0406-3678-11E8-BF66-D9AA8AFF4A69	SUBJECT_PROCESS	736AE273-39B4-11E8-BF66-D9AA8AFF4A69	FILE_OBJECT_UNIX_SOCKET	EVENT_CLOSE	1523030783806113232
72FB0406-3678-11E8-BF66-D9AA8AFF4A69	SUBJECT_PROCESS	736AE2DA-39B4-11E8-BF66-D9AA8AFF4A69	FILE_OBJECT_UNIX_SOCKET	EVENT_CLOSE	1523030783806113232
72FB0406-3678-11E8-BF66-D9AA8AFF4A69	SUBJECT_PROCESS	7403788F-39B4-11E8-BF66-D9AA8AFF4A69	FILE_OBJECT_UNIX_SOCKET	EVENT_CREATE_OBJECT	1523030783806113232
72FB0406-3678-11E8-BF66-D9AA8AFF4A69	SUBJECT_PROCESS	740378F5-39B4-11E8-BF66-D9AA8AFF4A69	FILE_OBJECT_UNIX_SOCKET	EVENT_CREATE_OBJECT	1523030783806113232
72FB0406-3678-11E8-BF66-D9AA8AFF4A69	SUBJECT_PROCESS	7403788F-39B4-11E8-BF66-D9AA8AFF4A69	FILE_OBJECT_UNIX_SOCKET	EVENT_CLOSE	1523030784816110382
72FB0406-3678-11E8-BF66-D9AA8AFF4A69	SUBJECT_PROCESS	740378F5-39B4-11E8-BF66-D9AA8AFF4A69	FILE_OBJECT_UNIX_SOCKET	EVENT_CLOSE	1523030784816110382
72FB0406-3678-11E8-BF66-D9AA8AFF4A69	SUBJECT_PROCESS	749D9539-39B4-11E8-BF66-D9AA8AFF4A69	FILE_OBJECT_UNIX_SOCKET	EVENT_CREATE_OBJECT	1523030784816110382
72FB0406-3678-11E8-BF66-D9AA8AFF4A69	SUBJECT_PROCESS	749D959F-39B4-11E8-BF66-D9AA8AFF4A69	FILE_OBJECT_UNIX_SOCKET	EVENT_CREATE_OBJECT	1523030784816110382
72FB0406-3678-11E8-BF66-D9AA8AFF4A69	SUBJECT_PROCESS	749D9539-39B4-11E8-BF66-D9AA8AFF4A69	FILE_OBJECT_UNIX_SOCKET	EVENT_CLOSE	1523030785806111921
72FB0406-3678-11E8-BF66-D9AA8AFF4A69	SUBJECT_PROCESS	749D959F-39B4-11E8-BF66-D9AA8AFF4A69	FILE_OBJECT_UNIX_SOCKET	EVENT_CLOSE	1523030785806111921
72FB0406-3678-11E8-BF66-D9AA8AFF4A69	SUBJECT_PROCESS	7534B531-39B4-11E8-BF66-D9AA8AFF4A69	FILE_OBJECT_UNIX_SOCKET	EVENT_CREATE_OBJECT	1523030785806111921
72FB0406-3678-11E8-BF66-D9AA8AFF4A69	SUBJECT_PROCESS	7534B61D-39B4-11E8-BF66-D9AA8AFF4A69	FILE_OBJECT_UNIX_SOCKET	EVENT_CREATE_OBJECT	1523030785806111921
72FB0406-3678-11E8-BF66-D9AA8AFF4A69	SUBJECT_PROCESS	7534B531-39B4-11E8-BF66-D9AA8AFF4A69	FILE_OBJECT_UNIX_SOCKET	EVENT_CLOSE	1523030786816109621
72FB0406-3678-11E8-BF66-D9AA8AFF4A69	SUBJECT_PROCESS	7534B61D-39B4-11E8-BF66-D9AA8AFF4A69	FILE_OBJECT_UNIX_SOCKET	EVENT_CLOSE	1523030786816109621
72FB0406-3678-11E8-BF66-D9AA8AFF4A69	SUBJECT_PROCESS	75CEC3E4-39B4-11E8-BF66-D9AA8AFF4A69	FILE_OBJECT_UNIX_SOCKET	EVENT_CREATE_OBJECT	1523030786816109621
72FB0406-3678-11E8-BF66-D9AA8AFF4A69	SUBJECT_PROCESS	75CEC44D-39B4-11E8-BF66-D9AA8AFF4A69	FILE_OBJECT_UNIX_SOCKET	EVENT_CREATE_OBJECT	1523030786816109621
72FB0406-3678-11E8-BF66-D9AA8AFF4A69	SUBJECT_PROCESS	75CEC3E4-39B4-11E8-BF66-D9AA8AFF4A69	FILE_OBJECT_UNIX_SOCKET	EVENT_CLOSE	1523030787806111130
72FB0406-3678-11E8-BF66-D9AA8AFF4A69	SUBJECT_PROCESS	75CEC44D-39B4-11E8-BF66-D9AA8AFF4A69	FILE_OBJECT_UNIX_SOCKET	EVENT_CLOSE	1523030787806111130
72FB0406-3678-11E8-BF66-D9AA8AFF4A69	SUBJECT_PROCESS	7665CE18-39B4-11E8-BF66-D9AA8AFF4A69	FILE_OBJECT_UNIX_SOCKET	EVENT_CREATE_OBJECT	1523030787806111130
72FB0406-3678-11E8-BF66-D9AA8AFF4A69	SUBJECT_PROCESS	7665CE85-39B4-11E8-BF66-D9AA8AFF4A69	FILE_OBJECT_UNIX_SOCKET	EVENT_CREATE_OBJECT	1523030787806111130
52C2356B-39B4-11E8-BF66-D9AA8AFF4A69	SUBJECT_PROCESS	52C215DE-39B4-11E8-BF66-D9AA8AFF4A69	NetFlowObject	EVENT_WRITE	1523030788336109532
52C2356B-39B4-11E8-BF66-D9AA8AFF4A69	SUBJECT_PROCESS	52C215DE-39B4-11E8-BF66-D9AA8AFF4A69	NetFlowObject	EVENT_READ	1523030788336109532
52C2356B-39B4-11E8-BF66-D9AA8AFF4A69	SUBJECT_PROCESS	52C215DE-39B4-11E8-BF66-D9AA8AFF4A69	NetFlowObject	EVENT_WRITE	1523030788336109532
52C2356B-39B4-11E8-BF66-D9AA8AFF4A69	SUBJECT_PROCESS	52C215DE-39B4-11E8-BF66-D9AA8AFF4A69	NetFlowObject	EVENT_READ	1523030788336109532
52C2356B-39B4-11E8-BF66-D9AA8AFF4A69	SUBJECT_PROCESS	52C215DE-39B4-11E8-BF66-D9AA8AFF4A69	NetFlowObject	EVENT_WRITE	1523030788336109532
52C2356B-39B4-11E8-BF66-D9AA8AFF4A69	SUBJECT_PROCESS	52C215DE-39B4-11E8-BF66-D9AA8AFF4A69	NetFlowObject	EVENT_READ	1523030788336109532
52C2356B-39B4-11E8-BF66-D9AA8AFF4A69	SUBJECT_PROCESS	52C215DE-39B4-11E8-BF66-D9AA8AFF4A69	NetFlowObject	EVENT_WRITE	1523030788336109532
52C2356B-39B4-11E8-BF66-D9AA8AFF4A69	SUBJECT_PROCESS	52C215DE-39B4-11E8-BF66-D9AA8AFF4A69	NetFlowObject	EVENT_READ	1523030788346110643
52C2356B-39B4-11E8-BF66-D9AA8AFF4A69	SUBJECT_PROCESS	52C215DE-39B4-11E8-BF66-D9AA8AFF4A69	NetFlowObject	EVENT_WRITE	1523030788346110643
72FB0406-3678-11E8-BF66-D9AA8AFF4A69	SUBJECT_PROCESS	7665CE18-39B4-11E8-BF66-D9AA8AFF4A69	FILE_OBJECT_UNIX_SOCKET	EVENT_CLOSE	1523030788806114759
72FB0406-3678-11E8-BF66-D9AA8AFF4A69	SUBJECT_PROCESS	7665CE85-39B4-11E8-BF66-D9AA8AFF4A69	FILE_OBJECT_UNIX_SOCKET	EVENT_CLOSE	1523030788806114759
72FB0406-3678-11E8-BF66-D9AA8AFF4A69	SUBJECT_PROCESS	76FE74F4-39B4-11E8-BF66-D9AA8AFF4A69	FILE_OBJECT_UNIX_SOCKET	EVENT_CREATE_OBJECT	1523030788806114759
72FB0406-3678-11E8-BF66-D9AA8AFF4A69	SUBJECT_PROCESS	76FE7580-39B4-11E8-BF66-D9AA8AFF4A69	FILE_OBJECT_UNIX_SOCKET	EVENT_CREATE_OBJECT	1523030788806114759
72FB0406-3678-11E8-BF66-D9AA8AFF4A69	SUBJECT_PROCESS	76FE74F4-39B4-11E8-BF66-D9AA8AFF4A69	FILE_OBJECT_UNIX_SOCKET	EVENT_CLOSE	1523030789816118660
72FB0406-3678-11E8-BF66-D9AA8AFF4A69	SUBJECT_PROCESS	76FE7580-39B4-11E8-BF66-D9AA8AFF4A69	FILE_OBJECT_UNIX_SOCKET	EVENT_CLOSE	1523030789816118660
72FB0406-3678-11E8-BF66-D9AA8AFF4A69	SUBJECT_PROCESS	7798A06E-39B4-11E8-BF66-D9AA8AFF4A69	FILE_OBJECT_UNIX_SOCKET	EVENT_CREATE_OBJECT	1523030789816118660
72FB0406-3678-11E8-BF66-D9AA8AFF4A69	SUBJECT_PROCESS	7798A0D6-39B4-11E8-BF66-D9AA8AFF4A69	FILE_OBJECT_UNIX_SOCKET	EVENT_CREATE_OBJECT	1523030789816118660
72FB0406-3678-11E8-BF66-D9AA8AFF4A69	SUBJECT_PROCESS	7798A06E-39B4-11E8-BF66-D9AA8AFF4A69	FILE_OBJECT_UNIX_SOCKET	EVENT_CLOSE	1523030790806109199
72FB0406-3678-11E8-BF66-D9AA8AFF4A69	SUBJECT_PROCESS	7798A0D6-39B4-11E8-BF66-D9AA8AFF4A69	FILE_OBJECT_UNIX_SOCKET	EVENT_CLOSE	1523030790806109199
72FB0406-3678-11E8-BF66-D9AA8AFF4A69	SUBJECT_PROCESS	782FAEFC-39B4-11E8-BF66-D9AA8AFF4A69	FILE_OBJECT_UNIX_SOCKET	EVENT_CREATE_OBJECT	1523030790806109199
72FB0406-3678-11E8-BF66-D9AA8AFF4A69	SUBJECT_PROCESS	782FAF66-39B4-11E8-BF66-D9AA8AFF4A69	FILE_OBJECT_UNIX_SOCKET	EVENT_CREATE_OBJECT	1523030790806109199
72FB0406-3678-11E8-BF66-D9AA8AFF4A69	SUBJECT_PROCESS	782FAEFC-39B4-11E8-BF66-D9AA8AFF4A69	FILE_OBJECT_UNIX_SOCKET	EVENT_CLOSE	1523030791816110809
72FB0406-3678-11E8-BF66-D9AA8AFF4A69	SUBJECT_PROCESS	782FAF66-39B4-11E8-BF66-D9AA8AFF4A69	FILE_OBJECT_UNIX_SOCKET	EVENT_CLOSE	1523030791816110809
72FB0406-3678-11E8-BF66-D9AA8AFF4A69	SUBJECT_PROCESS	78C9CD2F-39B4-11E8-BF66-D9AA8AFF4A69	FILE_OBJECT_UNIX_SOCKET	EVENT_CREATE_OBJECT	1523030791816110809
72FB0406-3678-11E8-BF66-D9AA8AFF4A69	SUBJECT_PROCESS	78C9CD97-39B4-11E8-BF66-D9AA8AFF4A69	FILE_OBJECT_UNIX_SOCKET	EVENT_CREATE_OBJECT	1523030791816110809
72FB0406-3678-11E8-BF66-D9AA8AFF4A69	SUBJECT_PROCESS	78C9CD2F-39B4-11E8-BF66-D9AA8AFF4A69	FILE_OBJECT_UNIX_SOCKET	EVENT_CLOSE	1523030792806112078
72FB0406-3678-11E8-BF66-D9AA8AFF4A69	SUBJECT_PROCESS	78C9CD97-39B4-11E8-BF66-D9AA8AFF4A69	FILE_OBJECT_UNIX_SOCKET	EVENT_CLOSE	1523030792806112078
72FB0406-3678-11E8-BF66-D9AA8AFF4A69	SUBJECT_PROCESS	7960D5B8-39B4-11E8-BF66-D9AA8AFF4A69	FILE_OBJECT_UNIX_SOCKET	EVENT_CREATE_OBJECT	1523030792806112078
72FB0406-3678-11E8-BF66-D9AA8AFF4A69	SUBJECT_PROCESS	7960D624-39B4-11E8-BF66-D9AA8AFF4A69	FILE_OBJECT_UNIX_SOCKET	EVENT_CREATE_OBJECT	1523030792806112078
72FB0406-3678-11E8-BF66-D9AA8AFF4A69	SUBJECT_PROCESS	7960D5B8-39B4-11E8-BF66-D9AA8AFF4A69	FILE_OBJECT_UNIX_SOCKET	EVENT_CLOSE	1523030793816110138
72FB0406-3678-11E8-BF66-D9AA8AFF4A69	SUBJECT_PROCESS	7960D624-39B4-11E8-BF66-D9AA8AFF4A69	FILE_OBJECT_UNIX_SOCKET	EVENT_CLOSE	1523030793816110138
72FB0406-3678-11E8-BF66-D9AA8AFF4A69	SUBJECT_PROCESS	79FB09E5-39B4-11E8-BF66-D9AA8AFF4A69	FILE_OBJECT_UNIX_SOCKET	EVENT_CREATE_OBJECT	1523030793816110138
72FB0406-3678-11E8-BF66-D9AA8AFF4A69	SUBJECT_PROCESS	79FB0A7E-39B4-11E8-BF66-D9AA8AFF4A69	FILE_OBJECT_UNIX_SOCKET	EVENT_CREATE_OBJECT	1523030793816110138
72FB0406-3678-11E8-BF66-D9AA8AFF4A69	SUBJECT_PROCESS	79FB09E5-39B4-11E8-BF66-D9AA8AFF4A69	FILE_OBJECT_UNIX_SOCKET	EVENT_CLOSE	1523030794806109807
72FB0406-3678-11E8-BF66-D9AA8AFF4A69	SUBJECT_PROCESS	79FB0A7E-39B4-11E8-BF66-D9AA8AFF4A69	FILE_OBJECT_UNIX_SOCKET	EVENT_CLOSE	1523030794806109807
72FB0406-3678-11E8-BF66-D9AA8AFF4A69	SUBJECT_PROCESS	7A91F3E1-39B4-11E8-BF66-D9AA8AFF4A69	FILE_OBJECT_UNIX_SOCKET	EVENT_CREATE_OBJECT	1523030794806109807
72FB0406-3678-11E8-BF66-D9AA8AFF4A69	SUBJECT_PROCESS	7A91F44B-39B4-11E8-BF66-D9AA8AFF4A69	FILE_OBJECT_UNIX_SOCKET	EVENT_CREATE_OBJECT	1523030794806109807
72FB0406-3678-11E8-BF66-D9AA8AFF4A69	SUBJECT_PROCESS	7A91F3E1-39B4-11E8-BF66-D9AA8AFF4A69	FILE_OBJECT_UNIX_SOCKET	EVENT_CLOSE	1523030795806110206
72FB0406-3678-11E8-BF66-D9AA8AFF4A69	SUBJECT_PROCESS	7A91F44B-39B4-11E8-BF66-D9AA8AFF4A69	FILE_OBJECT_UNIX_SOCKET	EVENT_CLOSE	1523030795806110206
72FB0406-3678-11E8-BF66-D9AA8AFF4A69	SUBJECT_PROCESS	7B2A982F-39B4-11E8-BF66-D9AA8AFF4A69	FILE_OBJECT_UNIX_SOCKET	EVENT_CREATE_OBJECT	1523030795806110206
72FB0406-3678-11E8-BF66-D9AA8AFF4A69	SUBJECT_PROCESS	7B2A9899-39B4-11E8-BF66-D9AA8AFF4A69	FILE_OBJECT_UNIX_SOCKET	EVENT_CREATE_OBJECT	1523030795806110206
72FB0406-3678-11E8-BF66-D9AA8AFF4A69	SUBJECT_PROCESS	7B2A982F-39B4-11E8-BF66-D9AA8AFF4A69	FILE_OBJECT_UNIX_SOCKET	EVENT_CLOSE	1523030796806109526
72FB0406-3678-11E8-BF66-D9AA8AFF4A69	SUBJECT_PROCESS	7B2A9899-39B4-11E8-BF66-D9AA8AFF4A69	FILE_OBJECT_UNIX_SOCKET	EVENT_CLOSE	1523030796806109526
72FB0406-3678-11E8-BF66-D9AA8AFF4A69	SUBJECT_PROCESS	7BC330DF-39B4-11E8-BF66-D9AA8AFF4A69	FILE_OBJECT_UNIX_SOCKET	EVENT_CREATE_OBJECT	1523030796806109526
72FB0406-3678-11E8-BF66-D9AA8AFF4A69	SUBJECT_PROCESS	7BC33148-39B4-11E8-BF66-D9AA8AFF4A69	FILE_OBJECT_UNIX_SOCKET	EVENT_CREATE_OBJECT	1523030796806109526
15B8D392-39B3-11E8-BF66-D9AA8AFF4A69	SUBJECT_PROCESS	15B8BB8C-39B3-11E8-BF66-D9AA8AFF4A69	NetFlowObject	EVENT_WRITE	1523030797096110759
15B8D392-39B3-11E8-BF66-D9AA8AFF4A69	SUBJECT_PROCESS	15B8BB8C-39B3-11E8-BF66-D9AA8AFF4A69	NetFlowObject	EVENT_READ	1523030797096110759
15B8D392-39B3-11E8-BF66-D9AA8AFF4A69	SUBJECT_PROCESS	15B8BB8C-39B3-11E8-BF66-D9AA8AFF4A69	NetFlowObject	EVENT_WRITE	1523030797096110759
15B8D392-39B3-11E8-BF66-D9AA8AFF4A69	SUBJECT_PROCESS	15B8BB8C-39B3-11E8-BF66-D9AA8AFF4A69	NetFlowObject	EVENT_READ	1523030797096110759
15B8D392-39B3-11E8-BF66-D9AA8AFF4A69	SUBJECT_PROCESS	A81F80DF-24C1-D954-8124-F40654D9421E	FILE_OBJECT_FILE	EVENT_CLOSE	1523030797096110759
15B8D392-39B3-11E8-BF66-D9AA8AFF4A69	SUBJECT_PROCESS	15B8D392-39B3-11E8-BF66-D9AA8AFF4A69	SUBJECT_PROCESS	EVENT_MODIFY_PROCESS	1523030797096110759
15B8D392-39B3-11E8-BF66-D9AA8AFF4A69	SUBJECT_PROCESS	15B8D392-39B3-11E8-BF66-D9AA8AFF4A69	SUBJECT_PROCESS	EVENT_MODIFY_PROCESS	1523030797096110759
15B8D392-39B3-11E8-BF66-D9AA8AFF4A69	SUBJECT_PROCESS	A81F80DF-24C1-D954-8124-F40654D9421E	FILE_OBJECT_FILE	EVENT_OPEN	1523030797096110759
15B8D392-39B3-11E8-BF66-D9AA8AFF4A69	SUBJECT_PROCESS	15B8D392-39B3-11E8-BF66-D9AA8AFF4A69	SUBJECT_PROCESS	EVENT_MODIFY_PROCESS	1523030797096110759
15B8D392-39B3-11E8-BF66-D9AA8AFF4A69	SUBJECT_PROCESS	15B8D392-39B3-11E8-BF66-D9AA8AFF4A69	SUBJECT_PROCESS	EVENT_MODIFY_PROCESS	1523030797096110759
15B8D392-39B3-11E8-BF66-D9AA8AFF4A69	SUBJECT_PROCESS	3898FAE5-F69C-51B5-BA2B-BD4B39B4B0CB	UnnamedPipeObject	EVENT_CREATE_OBJECT	1523030797096110759
15B8D392-39B3-11E8-BF66-D9AA8AFF4A69	SUBJECT_PROCESS	17A24FC4-D89F-56EA-93C0-1754FE669D34	UnnamedPipeObject	EVENT_CREATE_OBJECT	1523030797096110759
15B8D392-39B3-11E8-BF66-D9AA8AFF4A69	SUBJECT_PROCESS	7BF03A79-39B4-11E8-BF66-D9AA8AFF4A69	SUBJECT_PROCESS	EVENT_FORK	1523030797096110759
7BF03A79-39B4-11E8-BF66-D9AA8AFF4A69	SUBJECT_PROCESS	7BF045BC-39B4-11E8-BF66-D9AA8AFF4A69	SUBJECT_PROCESS	EVENT_FORK	1523030797096110759
7BF03A79-39B4-11E8-BF66-D9AA8AFF4A69	SUBJECT_PROCESS	7BF03A79-39B4-11E8-BF66-D9AA8AFF4A69	SUBJECT_PROCESS	EVENT_EXIT	1523030797096110759
7BF045BC-39B4-11E8-BF66-D9AA8AFF4A69	SUBJECT_PROCESS	0A707FD2-AF84-2158-84AF-D035382104D1	FILE_OBJECT_FILE	EVENT_CLOSE	1523030797106111810
7BF045BC-39B4-11E8-BF66-D9AA8AFF4A69	SUBJECT_PROCESS	0C491249-5928-4859-A859-F894F9484580	FILE_OBJECT_FILE	EVENT_EXECUTE	1523030797106111810
7BF045BC-39B4-11E8-BF66-D9AA8AFF4A69	SUBJECT_PROCESS	7A350F75-9945-425D-8599-15CEBD426F06	FILE_OBJECT_FILE	EVENT_EXECUTE	1523030797106111810
7BF045BC-39B4-11E8-BF66-D9AA8AFF4A69	SUBJECT_PROCESS	51110606-D232-9652-B2D2-3A7242968F8A	FILE_OBJECT_FILE	EVENT_OPEN	1523030797106111810
7BF045BC-39B4-11E8-BF66-D9AA8AFF4A69	SUBJECT_PROCESS	51110606-D232-9652-B2D2-3A7242968F8A	FILE_OBJECT_FILE	EVENT_READ	1523030797106111810
7BF045BC-39B4-11E8-BF66-D9AA8AFF4A69	SUBJECT_PROCESS	51110606-D232-9652-B2D2-3A7242968F8A	FILE_OBJECT_FILE	EVENT_CLOSE	1523030797106111810
7BF045BC-39B4-11E8-BF66-D9AA8AFF4A69	SUBJECT_PROCESS	8A44F292-648B-7854-8B64-00F954785A79	FILE_OBJECT_FILE	EVENT_OPEN	1523030797106111810
7BF045BC-39B4-11E8-BF66-D9AA8AFF4A69	SUBJECT_PROCESS	8A44F292-648B-7854-8B64-00F954785A79	FILE_OBJECT_FILE	EVENT_READ	1523030797106111810
7BF045BC-39B4-11E8-BF66-D9AA8AFF4A69	SUBJECT_PROCESS	8A44F292-648B-7854-8B64-00F954785A79	FILE_OBJECT_FILE	EVENT_READ	1523030797106111810
7BF045BC-39B4-11E8-BF66-D9AA8AFF4A69	SUBJECT_PROCESS	8A44F292-648B-7854-8B64-00F954785A79	FILE_OBJECT_FILE	EVENT_CLOSE	1523030797106111810
7BF045BC-39B4-11E8-BF66-D9AA8AFF4A69	SUBJECT_PROCESS	76A739B1-A13E-FD50-BEA1-B218A0FD0400	FILE_OBJECT_FILE	EVENT_OPEN	1523030797106111810
7BF045BC-39B4-11E8-BF66-D9AA8AFF4A69	SUBJECT_PROCESS	76A739B1-A13E-FD50-BEA1-B218A0FD0400	FILE_OBJECT_FILE	EVENT_MMAP	1523030797106111810
7BF045BC-39B4-11E8-BF66-D9AA8AFF4A69	SUBJECT_PROCESS	76A739B1-A13E-FD50-BEA1-B218A0FD0400	FILE_OBJECT_FILE	EVENT_MMAP	1523030797106111810
7BF045BC-39B4-11E8-BF66-D9AA8AFF4A69	SUBJECT_PROCESS	76A739B1-A13E-FD50-BEA1-B218A0FD0400	FILE_OBJECT_FILE	EVENT_MMAP	1523030797106111810
7BF045BC-39B4-11E8-BF66-D9AA8AFF4A69	SUBJECT_PROCESS	76A739B1-A13E-FD50-BEA1-B218A0FD0400	FILE_OBJECT_FILE	EVENT_MMAP	1523030797106111810
7BF045BC-39B4-11E8-BF66-D9AA8AFF4A69	SUBJECT_PROCESS	76A739B1-A13E-FD50-BEA1-B218A0FD0400	FILE_OBJECT_FILE	EVENT_MMAP	1523030797106111810
7BF045BC-39B4-11E8-BF66-D9AA8AFF4A69	SUBJECT_PROCESS	76A739B1-A13E-FD50-BEA1-B218A0FD0400	FILE_OBJECT_FILE	EVENT_MMAP	1523030797106111810
7BF045BC-39B4-11E8-BF66-D9AA8AFF4A69	SUBJECT_PROCESS	76A739B1-A13E-FD50-BEA1-B218A0FD0400	FILE_OBJECT_FILE	EVENT_CLOSE	1523030797106111810
7BF045BC-39B4-11E8-BF66-D9AA8AFF4A69	SUBJECT_PROCESS	F410BE96-4C0C-765E-8C4C-6F0E2E760020	FILE_OBJECT_FILE	EVENT_OPEN	1523030797106111810
7BF045BC-39B4-11E8-BF66-D9AA8AFF4A69	SUBJECT_PROCESS	F410BE96-4C0C-765E-8C4C-6F0E2E760020	FILE_OBJECT_FILE	EVENT_MMAP	1523030797106111810
7BF045BC-39B4-11E8-BF66-D9AA8AFF4A69	SUBJECT_PROCESS	F410BE96-4C0C-765E-8C4C-6F0E2E760020	FILE_OBJECT_FILE	EVENT_MMAP	1523030797106111810
7BF045BC-39B4-11E8-BF66-D9AA8AFF4A69	SUBJECT_PROCESS	F410BE96-4C0C-765E-8C4C-6F0E2E760020	FILE_OBJECT_FILE	EVENT_CLOSE	1523030797106111810
7BF045BC-39B4-11E8-BF66-D9AA8AFF4A69	SUBJECT_PROCESS	BCDBE64D-1703-005A-8317-44DD6A00589D	FILE_OBJECT_FILE	EVENT_OPEN	1523030797106111810
7BF045BC-39B4-11E8-BF66-D9AA8AFF4A69	SUBJECT_PROCESS	BCDBE64D-1703-005A-8317-44DD6A00589D	FILE_OBJECT_FILE	EVENT_READ	1523030797106111810
7BF045BC-39B4-11E8-BF66-D9AA8AFF4A69	SUBJECT_PROCESS	BCDBE64D-1703-005A-8317-44DD6A00589D	FILE_OBJECT_FILE	EVENT_READ	1523030797106111810
7BF045BC-39B4-11E8-BF66-D9AA8AFF4A69	SUBJECT_PROCESS	BCDBE64D-1703-005A-8317-44DD6A00589D	FILE_OBJECT_FILE	EVENT_CLOSE	1523030797116114501
7BF045BC-39B4-11E8-BF66-D9AA8AFF4A69	SUBJECT_PROCESS	308E149F-F225-9859-A5F2-8C9BB9983D48	FILE_OBJECT_FILE	EVENT_OPEN	1523030797116114501
7BF045BC-39B4-11E8-BF66-D9AA8AFF4A69	SUBJECT_PROCESS	308E149F-F225-9859-A5F2-8C9BB9983D48	FILE_OBJECT_FILE	EVENT_LSEEK	1523030797116114501
7BF045BC-39B4-11E8-BF66-D9AA8AFF4A69	SUBJECT_PROCESS	308E149F-F225-9859-A5F2-8C9BB9983D48	FILE_OBJECT_FILE	EVENT_LSEEK	1523030797116114501
7BF045BC-39B4-11E8-BF66-D9AA8AFF4A69	SUBJECT_PROCESS	308E149F-F225-9859-A5F2-8C9BB9983D48	FILE_OBJECT_FILE	EVENT_READ	1523030797116114501
7BF045BC-39B4-11E8-BF66-D9AA8AFF4A69	SUBJECT_PROCESS	308E149F-F225-9859-A5F2-8C9BB9983D48	FILE_OBJECT_FILE	EVENT_CLOSE	1523030797116114501
7BF045BC-39B4-11E8-BF66-D9AA8AFF4A69	SUBJECT_PROCESS	7BF045BC-39B4-11E8-BF66-D9AA8AFF4A69	SUBJECT_PROCESS	EVENT_MODIFY_PROCESS	1523030797116114501
7BF045BC-39B4-11E8-BF66-D9AA8AFF4A69	SUBJECT_PROCESS	F54E03A9-5D17-BB52-975D-316D32BB2F14	FILE_OBJECT_FILE	EVENT_MODIFY_PROCESS	1523030797116114501
7BF045BC-39B4-11E8-BF66-D9AA8AFF4A69	SUBJECT_PROCESS	556C664F-35C2-E15E-8235-875BCEE1EC34	FILE_OBJECT_FILE	EVENT_OPEN	1523030797116114501
7BF045BC-39B4-11E8-BF66-D9AA8AFF4A69	SUBJECT_PROCESS	556C664F-35C2-E15E-8235-875BCEE1EC34	FILE_OBJECT_FILE	EVENT_MODIFY_FILE_ATTRIBUTES	1523030797116114501
7BF045BC-39B4-11E8-BF66-D9AA8AFF4A69	SUBJECT_PROCESS	556C664F-35C2-E15E-8235-875BCEE1EC34	FILE_OBJECT_FILE	EVENT_CLOSE	1523030797116114501
7BF045BC-39B4-11E8-BF66-D9AA8AFF4A69	SUBJECT_PROCESS	556C664F-35C2-E15E-8235-875BCEE1EC34	FILE_OBJECT_FILE	EVENT_LINK	1523030797116114501
7BF045BC-39B4-11E8-BF66-D9AA8AFF4A69	SUBJECT_PROCESS	556C664F-35C2-E15E-8235-875BCEE1EC34	FILE_OBJECT_FILE	EVENT_UNLINK	1523030797116114501
7BF045BC-39B4-11E8-BF66-D9AA8AFF4A69	SUBJECT_PROCESS	3898FAE5-F69C-51B5-BA2B-BD4B39B4B0CB	UnnamedPipeObject	EVENT_WRITE	1523030797116114501
15B8D392-39B3-11E8-BF66-D9AA8AFF4A69	SUBJECT_PROCESS	3898FAE5-F69C-51B5-BA2B-BD4B39B4B0CB	UnnamedPipeObject	EVENT_READ	1523030797116114501
15B8D392-39B3-11E8-BF66-D9AA8AFF4A69	SUBJECT_PROCESS	A81F80DF-24C1-D954-8124-F40654D9421E	FILE_OBJECT_FILE	EVENT_CLOSE	1523030797116114501
15B8D392-39B3-11E8-BF66-D9AA8AFF4A69	SUBJECT_PROCESS	A81F80DF-24C1-D954-8124-F40654D9421E	FILE_OBJECT_FILE	EVENT_OPEN	1523030797116114501
15B8D392-39B3-11E8-BF66-D9AA8AFF4A69	SUBJECT_PROCESS	A81F80DF-24C1-D954-8124-F40654D9421E	FILE_OBJECT_FILE	EVENT_MODIFY_FILE_ATTRIBUTES	1523030797116114501
15B8D392-39B3-11E8-BF66-D9AA8AFF4A69	SUBJECT_PROCESS	17A24FC4-D89F-56EA-93C0-1754FE669D34	UnnamedPipeObject	EVENT_WRITE	1523030797126112912
7BF045BC-39B4-11E8-BF66-D9AA8AFF4A69	SUBJECT_PROCESS	17A24FC4-D89F-56EA-93C0-1754FE669D34	UnnamedPipeObject	EVENT_READ	1523030797126112912
15B8D392-39B3-11E8-BF66-D9AA8AFF4A69	SUBJECT_PROCESS	3898FAE5-F69C-51B5-BA2B-BD4B39B4B0CB	UnnamedPipeObject	EVENT_CLOSE	1523030797126112912
7BF045BC-39B4-11E8-BF66-D9AA8AFF4A69	SUBJECT_PROCESS	556C664F-35C2-E15E-8235-875BCEE1EC34	FILE_OBJECT_FILE	EVENT_UNLINK	1523030797126112912
15B8D392-39B3-11E8-BF66-D9AA8AFF4A69	SUBJECT_PROCESS	17A24FC4-D89F-56EA-93C0-1754FE669D34	UnnamedPipeObject	EVENT_CLOSE	1523030797126112912
15B8D392-39B3-11E8-BF66-D9AA8AFF4A69	SUBJECT_PROCESS	15B8BB8C-39B3-11E8-BF66-D9AA8AFF4A69	NetFlowObject	EVENT_WRITE	1523030797126112912
15B8D392-39B3-11E8-BF66-D9AA8AFF4A69	SUBJECT_PROCESS	15B8BB8C-39B3-11E8-BF66-D9AA8AFF4A69	NetFlowObject	EVENT_READ	1523030797126112912
15B8D392-39B3-11E8-BF66-D9AA8AFF4A69	SUBJECT_PROCESS	15B8BB8C-39B3-11E8-BF66-D9AA8AFF4A69	NetFlowObject	EVENT_WRITE	1523030797126112912
15B8D392-39B3-11E8-BF66-D9AA8AFF4A69	SUBJECT_PROCESS	15B8BB8C-39B3-11E8-BF66-D9AA8AFF4A69	NetFlowObject	EVENT_READ	1523030797126112912
15B8D392-39B3-11E8-BF66-D9AA8AFF4A69	SUBJECT_PROCESS	15B8BB8C-39B3-11E8-BF66-D9AA8AFF4A69	NetFlowObject	EVENT_WRITE	1523030797126112912
72FB0406-3678-11E8-BF66-D9AA8AFF4A69	SUBJECT_PROCESS	7BC330DF-39B4-11E8-BF66-D9AA8AFF4A69	FILE_OBJECT_UNIX_SOCKET	EVENT_CLOSE	1523030797806111546
72FB0406-3678-11E8-BF66-D9AA8AFF4A69	SUBJECT_PROCESS	7BC33148-39B4-11E8-BF66-D9AA8AFF4A69	FILE_OBJECT_UNIX_SOCKET	EVENT_CLOSE	1523030797806111546
72FB0406-3678-11E8-BF66-D9AA8AFF4A69	SUBJECT_PROCESS	7C5BB55B-39B4-11E8-BF66-D9AA8AFF4A69	FILE_OBJECT_UNIX_SOCKET	EVENT_CREATE_OBJECT	1523030797806111546
72FB0406-3678-11E8-BF66-D9AA8AFF4A69	SUBJECT_PROCESS	7C5BB5C9-39B4-11E8-BF66-D9AA8AFF4A69	FILE_OBJECT_UNIX_SOCKET	EVENT_CREATE_OBJECT	1523030797806111546
72FB0406-3678-11E8-BF66-D9AA8AFF4A69	SUBJECT_PROCESS	7C5BB55B-39B4-11E8-BF66-D9AA8AFF4A69	FILE_OBJECT_UNIX_SOCKET	EVENT_CLOSE	1523030798806110215
72FB0406-3678-11E8-BF66-D9AA8AFF4A69	SUBJECT_PROCESS	7C5BB5C9-39B4-11E8-BF66-D9AA8AFF4A69	FILE_OBJECT_UNIX_SOCKET	EVENT_CLOSE	1523030798806110215
72FB0406-3678-11E8-BF66-D9AA8AFF4A69	SUBJECT_PROCESS	7CF45E00-39B4-11E8-BF66-D9AA8AFF4A69	FILE_OBJECT_UNIX_SOCKET	EVENT_CREATE_OBJECT	1523030798806110215
72FB0406-3678-11E8-BF66-D9AA8AFF4A69	SUBJECT_PROCESS	7CF45E9D-39B4-11E8-BF66-D9AA8AFF4A69	FILE_OBJECT_UNIX_SOCKET	EVENT_CREATE_OBJECT	1523030798806110215
72FB0406-3678-11E8-BF66-D9AA8AFF4A69	SUBJECT_PROCESS	7CF45E00-39B4-11E8-BF66-D9AA8AFF4A69	FILE_OBJECT_UNIX_SOCKET	EVENT_CLOSE	1523030799816110696
72FB0406-3678-11E8-BF66-D9AA8AFF4A69	SUBJECT_PROCESS	7CF45E9D-39B4-11E8-BF66-D9AA8AFF4A69	FILE_OBJECT_UNIX_SOCKET	EVENT_CLOSE	1523030799816110696
72FB0406-3678-11E8-BF66-D9AA8AFF4A69	SUBJECT_PROCESS	7D8E7D7A-39B4-11E8-BF66-D9AA8AFF4A69	FILE_OBJECT_UNIX_SOCKET	EVENT_CREATE_OBJECT	1523030799816110696
72FB0406-3678-11E8-BF66-D9AA8AFF4A69	SUBJECT_PROCESS	7D8E7DFF-39B4-11E8-BF66-D9AA8AFF4A69	FILE_OBJECT_UNIX_SOCKET	EVENT_CREATE_OBJECT	1523030799816110696
72FB0406-3678-11E8-BF66-D9AA8AFF4A69	SUBJECT_PROCESS	7D8E7D7A-39B4-11E8-BF66-D9AA8AFF4A69	FILE_OBJECT_UNIX_SOCKET	EVENT_CLOSE	1523030800806109884
72FB0406-3678-11E8-BF66-D9AA8AFF4A69	SUBJECT_PROCESS	7D8E7DFF-39B4-11E8-BF66-D9AA8AFF4A69	FILE_OBJECT_UNIX_SOCKET	EVENT_CLOSE	1523030800806109884
72FB0406-3678-11E8-BF66-D9AA8AFF4A69	SUBJECT_PROCESS	7E258940-39B4-11E8-BF66-D9AA8AFF4A69	FILE_OBJECT_UNIX_SOCKET	EVENT_CREATE_OBJECT	1523030800806109884
72FB0406-3678-11E8-BF66-D9AA8AFF4A69	SUBJECT_PROCESS	7E2589DB-39B4-11E8-BF66-D9AA8AFF4A69	FILE_OBJECT_UNIX_SOCKET	EVENT_CREATE_OBJECT	1523030800806109884
72FB0406-3678-11E8-BF66-D9AA8AFF4A69	SUBJECT_PROCESS	7E258940-39B4-11E8-BF66-D9AA8AFF4A69	FILE_OBJECT_UNIX_SOCKET	EVENT_CLOSE	1523030801806110414
72FB0406-3678-11E8-BF66-D9AA8AFF4A69	SUBJECT_PROCESS	7E2589DB-39B4-11E8-BF66-D9AA8AFF4A69	FILE_OBJECT_UNIX_SOCKET	EVENT_CLOSE	1523030801806110414
72FB0406-3678-11E8-BF66-D9AA8AFF4A69	SUBJECT_PROCESS	7EBE1DBA-39B4-11E8-BF66-D9AA8AFF4A69	FILE_OBJECT_UNIX_SOCKET	EVENT_CREATE_OBJECT	1523030801806110414
72FB0406-3678-11E8-BF66-D9AA8AFF4A69	SUBJECT_PROCESS	7EBE1E1E-39B4-11E8-BF66-D9AA8AFF4A69	FILE_OBJECT_UNIX_SOCKET	EVENT_CREATE_OBJECT	1523030801806110414
72FB0406-3678-11E8-BF66-D9AA8AFF4A69	SUBJECT_PROCESS	7EBE1DBA-39B4-11E8-BF66-D9AA8AFF4A69	FILE_OBJECT_UNIX_SOCKET	EVENT_CLOSE	1523030802816112264
72FB0406-3678-11E8-BF66-D9AA8AFF4A69	SUBJECT_PROCESS	7EBE1E1E-39B4-11E8-BF66-D9AA8AFF4A69	FILE_OBJECT_UNIX_SOCKET	EVENT_CLOSE	1523030802816112264
72FB0406-3678-11E8-BF66-D9AA8AFF4A69	SUBJECT_PROCESS	7F585178-39B4-11E8-BF66-D9AA8AFF4A69	FILE_OBJECT_UNIX_SOCKET	EVENT_CREATE_OBJECT	1523030802816112264
72FB0406-3678-11E8-BF66-D9AA8AFF4A69	SUBJECT_PROCESS	7F58521B-39B4-11E8-BF66-D9AA8AFF4A69	FILE_OBJECT_UNIX_SOCKET	EVENT_CREATE_OBJECT	1523030802816112264
72FB0406-3678-11E8-BF66-D9AA8AFF4A69	SUBJECT_PROCESS	7F585178-39B4-11E8-BF66-D9AA8AFF4A69	FILE_OBJECT_UNIX_SOCKET	EVENT_CLOSE	1523030803806109453
72FB0406-3678-11E8-BF66-D9AA8AFF4A69	SUBJECT_PROCESS	7F58521B-39B4-11E8-BF66-D9AA8AFF4A69	FILE_OBJECT_UNIX_SOCKET	EVENT_CLOSE	1523030803806109453
72FB0406-3678-11E8-BF66-D9AA8AFF4A69	SUBJECT_PROCESS	7FEF3B1F-39B4-11E8-BF66-D9AA8AFF4A69	FILE_OBJECT_UNIX_SOCKET	EVENT_CREATE_OBJECT	1523030803806109453
72FB0406-3678-11E8-BF66-D9AA8AFF4A69	SUBJECT_PROCESS	7FEF3B87-39B4-11E8-BF66-D9AA8AFF4A69	FILE_OBJECT_UNIX_SOCKET	EVENT_CREATE_OBJECT	1523030803806109453
72FB0406-3678-11E8-BF66-D9AA8AFF4A69	SUBJECT_PROCESS	7FEF3B1F-39B4-11E8-BF66-D9AA8AFF4A69	FILE_OBJECT_UNIX_SOCKET	EVENT_CLOSE	1523030804816108513
72FB0406-3678-11E8-BF66-D9AA8AFF4A69	SUBJECT_PROCESS	7FEF3B87-39B4-11E8-BF66-D9AA8AFF4A69	FILE_OBJECT_UNIX_SOCKET	EVENT_CLOSE	1523030804816108513
72FB0406-3678-11E8-BF66-D9AA8AFF4A69	SUBJECT_PROCESS	80896A3A-39B4-11E8-BF66-D9AA8AFF4A69	FILE_OBJECT_UNIX_SOCKET	EVENT_CREATE_OBJECT	1523030804816108513
72FB0406-3678-11E8-BF66-D9AA8AFF4A69	SUBJECT_PROCESS	80896ADA-39B4-11E8-BF66-D9AA8AFF4A69	FILE_OBJECT_UNIX_SOCKET	EVENT_CREATE_OBJECT	1523030804816108513
72FB0406-3678-11E8-BF66-D9AA8AFF4A69	SUBJECT_PROCESS	80896A3A-39B4-11E8-BF66-D9AA8AFF4A69	FILE_OBJECT_UNIX_SOCKET	EVENT_CLOSE	1523030805806113212
72FB0406-3678-11E8-BF66-D9AA8AFF4A69	SUBJECT_PROCESS	80896ADA-39B4-11E8-BF66-D9AA8AFF4A69	FILE_OBJECT_UNIX_SOCKET	EVENT_CLOSE	1523030805806113212
72FB0406-3678-11E8-BF66-D9AA8AFF4A69	SUBJECT_PROCESS	8120649A-39B4-11E8-BF66-D9AA8AFF4A69	FILE_OBJECT_UNIX_SOCKET	EVENT_CREATE_OBJECT	1523030805806113212
72FB0406-3678-11E8-BF66-D9AA8AFF4A69	SUBJECT_PROCESS	81206501-39B4-11E8-BF66-D9AA8AFF4A69	FILE_OBJECT_UNIX_SOCKET	EVENT_CREATE_OBJECT	1523030805806113212
F7496C26-383C-11E8-BF66-D9AA8AFF4A69	SUBJECT_PROCESS	F74953D1-383C-11E8-BF66-D9AA8AFF4A69	NetFlowObject	EVENT_WRITE	1523030806616109366
F7496C26-383C-11E8-BF66-D9AA8AFF4A69	SUBJECT_PROCESS	F74953D1-383C-11E8-BF66-D9AA8AFF4A69	NetFlowObject	EVENT_READ	1523030806616109366
F7496C26-383C-11E8-BF66-D9AA8AFF4A69	SUBJECT_PROCESS	F74953D1-383C-11E8-BF66-D9AA8AFF4A69	NetFlowObject	EVENT_WRITE	1523030806616109366
F7496C26-383C-11E8-BF66-D9AA8AFF4A69	SUBJECT_PROCESS	F74953D1-383C-11E8-BF66-D9AA8AFF4A69	NetFlowObject	EVENT_READ	1523030806616109366
F7496C26-383C-11E8-BF66-D9AA8AFF4A69	SUBJECT_PROCESS	F74953D1-383C-11E8-BF66-D9AA8AFF4A69	NetFlowObject	EVENT_WRITE	1523030806616109366
F7496C26-383C-11E8-BF66-D9AA8AFF4A69	SUBJECT_PROCESS	F74953D1-383C-11E8-BF66-D9AA8AFF4A69	NetFlowObject	EVENT_READ	1523030806616109366
F7496C26-383C-11E8-BF66-D9AA8AFF4A69	SUBJECT_PROCESS	F74953D1-383C-11E8-BF66-D9AA8AFF4A69	NetFlowObject	EVENT_WRITE	1523030806616109366
F7496C26-383C-11E8-BF66-D9AA8AFF4A69	SUBJECT_PROCESS	F74953D1-383C-11E8-BF66-D9AA8AFF4A69	NetFlowObject	EVENT_READ	1523030806626123007
F7496C26-383C-11E8-BF66-D9AA8AFF4A69	SUBJECT_PROCESS	F74953D1-383C-11E8-BF66-D9AA8AFF4A69	NetFlowObject	EVENT_WRITE	1523030806626123007
72FB0406-3678-11E8-BF66-D9AA8AFF4A69	SUBJECT_PROCESS	8120649A-39B4-11E8-BF66-D9AA8AFF4A69	FILE_OBJECT_UNIX_SOCKET	EVENT_CLOSE	1523030806806113372
72FB0406-3678-11E8-BF66-D9AA8AFF4A69	SUBJECT_PROCESS	81206501-39B4-11E8-BF66-D9AA8AFF4A69	FILE_OBJECT_UNIX_SOCKET	EVENT_CLOSE	1523030806806113372
72FB0406-3678-11E8-BF66-D9AA8AFF4A69	SUBJECT_PROCESS	81B900D7-39B4-11E8-BF66-D9AA8AFF4A69	FILE_OBJECT_UNIX_SOCKET	EVENT_CREATE_OBJECT	1523030806806113372
72FB0406-3678-11E8-BF66-D9AA8AFF4A69	SUBJECT_PROCESS	81B90140-39B4-11E8-BF66-D9AA8AFF4A69	FILE_OBJECT_UNIX_SOCKET	EVENT_CREATE_OBJECT	1523030806806113372
72FB0406-3678-11E8-BF66-D9AA8AFF4A69	SUBJECT_PROCESS	81B900D7-39B4-11E8-BF66-D9AA8AFF4A69	FILE_OBJECT_UNIX_SOCKET	EVENT_CLOSE	1523030807846109254
72FB0406-3678-11E8-BF66-D9AA8AFF4A69	SUBJECT_PROCESS	81B90140-39B4-11E8-BF66-D9AA8AFF4A69	FILE_OBJECT_UNIX_SOCKET	EVENT_CLOSE	1523030807846109254
72FB0406-3678-11E8-BF66-D9AA8AFF4A69	SUBJECT_PROCESS	8258A034-39B4-11E8-BF66-D9AA8AFF4A69	FILE_OBJECT_UNIX_SOCKET	EVENT_CREATE_OBJECT	1523030807846109254
72FB0406-3678-11E8-BF66-D9AA8AFF4A69	SUBJECT_PROCESS	8258A09B-39B4-11E8-BF66-D9AA8AFF4A69	FILE_OBJECT_UNIX_SOCKET	EVENT_CREATE_OBJECT	1523030807846109254
60B1322F-39B4-11E8-BF66-D9AA8AFF4A69	SUBJECT_PROCESS	60B1322F-39B4-11E8-BF66-D9AA8AFF4A69	SUBJECT_PROCESS	EVENT_EXIT	1523030808416111320
D59C58B7-373D-11E8-BF66-D9AA8AFF4A69	SUBJECT_PROCESS	82AEB0B8-39B4-11E8-BF66-D9AA8AFF4A69	SUBJECT_PROCESS	EVENT_FORK	1523030808416111320
82AEB0B8-39B4-11E8-BF66-D9AA8AFF4A69	SUBJECT_PROCESS	CC349957-3DA4-8E5E-A43D-C7740E8ECAA9	FILE_OBJECT_FILE	EVENT_CLOSE	1523030808416111320
82AEB0B8-39B4-11E8-BF66-D9AA8AFF4A69	SUBJECT_PROCESS	4D344F9D-3989-8550-8939-91A3B085C709	FILE_OBJECT_FILE	EVENT_OPEN	1523030808416111320
82AEB0B8-39B4-11E8-BF66-D9AA8AFF4A69	SUBJECT_PROCESS	4D344F9D-3989-8550-8939-91A3B085C709	FILE_OBJECT_FILE	EVENT_CLOSE	1523030808416111320
82AEB0B8-39B4-11E8-BF66-D9AA8AFF4A69	SUBJECT_PROCESS	330061CF-6BB3-C45E-B36B-B89D7EC4F443	FILE_OBJECT_FILE	EVENT_EXECUTE	1523030808416111320
82AEB0B8-39B4-11E8-BF66-D9AA8AFF4A69	SUBJECT_PROCESS	7A350F75-9945-425D-8599-15CEBD426F06	FILE_OBJECT_FILE	EVENT_EXECUTE	1523030808416111320
82AEB0B8-39B4-11E8-BF66-D9AA8AFF4A69	SUBJECT_PROCESS	51110606-D232-9652-B2D2-3A7242968F8A	FILE_OBJECT_FILE	EVENT_OPEN	1523030808416111320
82AEB0B8-39B4-11E8-BF66-D9AA8AFF4A69	SUBJECT_PROCESS	51110606-D232-9652-B2D2-3A7242968F8A	FILE_OBJECT_FILE	EVENT_READ	1523030808416111320
82AEB0B8-39B4-11E8-BF66-D9AA8AFF4A69	SUBJECT_PROCESS	51110606-D232-9652-B2D2-3A7242968F8A	FILE_OBJECT_FILE	EVENT_CLOSE	1523030808416111320
82AEB0B8-39B4-11E8-BF66-D9AA8AFF4A69	SUBJECT_PROCESS	8A44F292-648B-7854-8B64-00F954785A79	FILE_OBJECT_FILE	EVENT_OPEN	1523030808416111320
82AEB0B8-39B4-11E8-BF66-D9AA8AFF4A69	SUBJECT_PROCESS	8A44F292-648B-7854-8B64-00F954785A79	FILE_OBJECT_FILE	EVENT_READ	1523030808416111320
82AEB0B8-39B4-11E8-BF66-D9AA8AFF4A69	SUBJECT_PROCESS	8A44F292-648B-7854-8B64-00F954785A79	FILE_OBJECT_FILE	EVENT_READ	1523030808416111320
82AEB0B8-39B4-11E8-BF66-D9AA8AFF4A69	SUBJECT_PROCESS	8A44F292-648B-7854-8B64-00F954785A79	FILE_OBJECT_FILE	EVENT_CLOSE	1523030808416111320
82AEB0B8-39B4-11E8-BF66-D9AA8AFF4A69	SUBJECT_PROCESS	FC2CA9A1-1BCF-8B57-8F1B-A854778B9026	FILE_OBJECT_FILE	EVENT_OPEN	1523030808416111320
82AEB0B8-39B4-11E8-BF66-D9AA8AFF4A69	SUBJECT_PROCESS	FC2CA9A1-1BCF-8B57-8F1B-A854778B9026	FILE_OBJECT_FILE	EVENT_MMAP	1523030808416111320
82AEB0B8-39B4-11E8-BF66-D9AA8AFF4A69	SUBJECT_PROCESS	FC2CA9A1-1BCF-8B57-8F1B-A854778B9026	FILE_OBJECT_FILE	EVENT_MMAP	1523030808416111320
82AEB0B8-39B4-11E8-BF66-D9AA8AFF4A69	SUBJECT_PROCESS	FC2CA9A1-1BCF-8B57-8F1B-A854778B9026	FILE_OBJECT_FILE	EVENT_MMAP	1523030808416111320
82AEB0B8-39B4-11E8-BF66-D9AA8AFF4A69	SUBJECT_PROCESS	FC2CA9A1-1BCF-8B57-8F1B-A854778B9026	FILE_OBJECT_FILE	EVENT_MMAP	1523030808416111320
82AEB0B8-39B4-11E8-BF66-D9AA8AFF4A69	SUBJECT_PROCESS	FC2CA9A1-1BCF-8B57-8F1B-A854778B9026	FILE_OBJECT_FILE	EVENT_MMAP	1523030808416111320
82AEB0B8-39B4-11E8-BF66-D9AA8AFF4A69	SUBJECT_PROCESS	FC2CA9A1-1BCF-8B57-8F1B-A854778B9026	FILE_OBJECT_FILE	EVENT_MMAP	1523030808416111320
82AEB0B8-39B4-11E8-BF66-D9AA8AFF4A69	SUBJECT_PROCESS	FC2CA9A1-1BCF-8B57-8F1B-A854778B9026	FILE_OBJECT_FILE	EVENT_CLOSE	1523030808416111320
82AEB0B8-39B4-11E8-BF66-D9AA8AFF4A69	SUBJECT_PROCESS	718F288D-A702-1B5D-82A7-80807D1BB326	FILE_OBJECT_FILE	EVENT_OPEN	1523030808416111320
82AEB0B8-39B4-11E8-BF66-D9AA8AFF4A69	SUBJECT_PROCESS	718F288D-A702-1B5D-82A7-80807D1BB326	FILE_OBJECT_FILE	EVENT_MMAP	1523030808426111841
82AEB0B8-39B4-11E8-BF66-D9AA8AFF4A69	SUBJECT_PROCESS	718F288D-A702-1B5D-82A7-80807D1BB326	FILE_OBJECT_FILE	EVENT_MMAP	1523030808426111841
82AEB0B8-39B4-11E8-BF66-D9AA8AFF4A69	SUBJECT_PROCESS	718F288D-A702-1B5D-82A7-80807D1BB326	FILE_OBJECT_FILE	EVENT_MMAP	1523030808426111841
82AEB0B8-39B4-11E8-BF66-D9AA8AFF4A69	SUBJECT_PROCESS	718F288D-A702-1B5D-82A7-80807D1BB326	FILE_OBJECT_FILE	EVENT_MMAP	1523030808426111841
82AEB0B8-39B4-11E8-BF66-D9AA8AFF4A69	SUBJECT_PROCESS	718F288D-A702-1B5D-82A7-80807D1BB326	FILE_OBJECT_FILE	EVENT_MMAP	1523030808426111841
82AEB0B8-39B4-11E8-BF66-D9AA8AFF4A69	SUBJECT_PROCESS	718F288D-A702-1B5D-82A7-80807D1BB326	FILE_OBJECT_FILE	EVENT_MMAP	1523030808426111841
82AEB0B8-39B4-11E8-BF66-D9AA8AFF4A69	SUBJECT_PROCESS	718F288D-A702-1B5D-82A7-80807D1BB326	FILE_OBJECT_FILE	EVENT_CLOSE	1523030808426111841
82AEB0B8-39B4-11E8-BF66-D9AA8AFF4A69	SUBJECT_PROCESS	4F909471-32BE-7C54-BE32-1D05C47CA876	FILE_OBJECT_FILE	EVENT_OPEN	1523030808426111841
82AEB0B8-39B4-11E8-BF66-D9AA8AFF4A69	SUBJECT_PROCESS	4F909471-32BE-7C54-BE32-1D05C47CA876	FILE_OBJECT_FILE	EVENT_MMAP	1523030808426111841
82AEB0B8-39B4-11E8-BF66-D9AA8AFF4A69	SUBJECT_PROCESS	4F909471-32BE-7C54-BE32-1D05C47CA876	FILE_OBJECT_FILE	EVENT_MMAP	1523030808426111841
82AEB0B8-39B4-11E8-BF66-D9AA8AFF4A69	SUBJECT_PROCESS	4F909471-32BE-7C54-BE32-1D05C47CA876	FILE_OBJECT_FILE	EVENT_MMAP	1523030808426111841
82AEB0B8-39B4-11E8-BF66-D9AA8AFF4A69	SUBJECT_PROCESS	4F909471-32BE-7C54-BE32-1D05C47CA876	FILE_OBJECT_FILE	EVENT_MMAP	1523030808426111841
82AEB0B8-39B4-11E8-BF66-D9AA8AFF4A69	SUBJECT_PROCESS	4F909471-32BE-7C54-BE32-1D05C47CA876	FILE_OBJECT_FILE	EVENT_MMAP	1523030808426111841
82AEB0B8-39B4-11E8-BF66-D9AA8AFF4A69	SUBJECT_PROCESS	4F909471-32BE-7C54-BE32-1D05C47CA876	FILE_OBJECT_FILE	EVENT_MMAP	1523030808426111841
82AEB0B8-39B4-11E8-BF66-D9AA8AFF4A69	SUBJECT_PROCESS	4F909471-32BE-7C54-BE32-1D05C47CA876	FILE_OBJECT_FILE	EVENT_CLOSE	1523030808426111841
82AEB0B8-39B4-11E8-BF66-D9AA8AFF4A69	SUBJECT_PROCESS	0905A02C-D979-5D57-B9D9-F12D475D7A9B	FILE_OBJECT_FILE	EVENT_OPEN	1523030808426111841
82AEB0B8-39B4-11E8-BF66-D9AA8AFF4A69	SUBJECT_PROCESS	0905A02C-D979-5D57-B9D9-F12D475D7A9B	FILE_OBJECT_FILE	EVENT_MMAP	1523030808426111841
82AEB0B8-39B4-11E8-BF66-D9AA8AFF4A69	SUBJECT_PROCESS	0905A02C-D979-5D57-B9D9-F12D475D7A9B	FILE_OBJECT_FILE	EVENT_MMAP	1523030808426111841
82AEB0B8-39B4-11E8-BF66-D9AA8AFF4A69	SUBJECT_PROCESS	0905A02C-D979-5D57-B9D9-F12D475D7A9B	FILE_OBJECT_FILE	EVENT_MMAP	1523030808426111841
82AEB0B8-39B4-11E8-BF66-D9AA8AFF4A69	SUBJECT_PROCESS	0905A02C-D979-5D57-B9D9-F12D475D7A9B	FILE_OBJECT_FILE	EVENT_MMAP	1523030808426111841
82AEB0B8-39B4-11E8-BF66-D9AA8AFF4A69	SUBJECT_PROCESS	0905A02C-D979-5D57-B9D9-F12D475D7A9B	FILE_OBJECT_FILE	EVENT_MMAP	1523030808426111841
82AEB0B8-39B4-11E8-BF66-D9AA8AFF4A69	SUBJECT_PROCESS	0905A02C-D979-5D57-B9D9-F12D475D7A9B	FILE_OBJECT_FILE	EVENT_MMAP	1523030808426111841
82AEB0B8-39B4-11E8-BF66-D9AA8AFF4A69	SUBJECT_PROCESS	0905A02C-D979-5D57-B9D9-F12D475D7A9B	FILE_OBJECT_FILE	EVENT_CLOSE	1523030808426111841
82AEB0B8-39B4-11E8-BF66-D9AA8AFF4A69	SUBJECT_PROCESS	9FF334BB-9072-D756-B290-556656D73728	FILE_OBJECT_FILE	EVENT_OPEN	1523030808426111841
82AEB0B8-39B4-11E8-BF66-D9AA8AFF4A69	SUBJECT_PROCESS	9FF334BB-9072-D756-B290-556656D73728	FILE_OBJECT_FILE	EVENT_MMAP	1523030808426111841
82AEB0B8-39B4-11E8-BF66-D9AA8AFF4A69	SUBJECT_PROCESS	9FF334BB-9072-D756-B290-556656D73728	FILE_OBJECT_FILE	EVENT_MMAP	1523030808426111841
82AEB0B8-39B4-11E8-BF66-D9AA8AFF4A69	SUBJECT_PROCESS	9FF334BB-9072-D756-B290-556656D73728	FILE_OBJECT_FILE	EVENT_MMAP	1523030808426111841
82AEB0B8-39B4-11E8-BF66-D9AA8AFF4A69	SUBJECT_PROCESS	9FF334BB-9072-D756-B290-556656D73728	FILE_OBJECT_FILE	EVENT_MMAP	1523030808426111841
82AEB0B8-39B4-11E8-BF66-D9AA8AFF4A69	SUBJECT_PROCESS	9FF334BB-9072-D756-B290-556656D73728	FILE_OBJECT_FILE	EVENT_MMAP	1523030808426111841
82AEB0B8-39B4-11E8-BF66-D9AA8AFF4A69	SUBJECT_PROCESS	9FF334BB-9072-D756-B290-556656D73728	FILE_OBJECT_FILE	EVENT_MMAP	1523030808426111841
82AEB0B8-39B4-11E8-BF66-D9AA8AFF4A69	SUBJECT_PROCESS	9FF334BB-9072-D756-B290-556656D73728	FILE_OBJECT_FILE	EVENT_CLOSE	1523030808426111841
82AEB0B8-39B4-11E8-BF66-D9AA8AFF4A69	SUBJECT_PROCESS	76A739B1-A13E-FD50-BEA1-B218A0FD0400	FILE_OBJECT_FILE	EVENT_OPEN	1523030808436111021
82AEB0B8-39B4-11E8-BF66-D9AA8AFF4A69	SUBJECT_PROCESS	76A739B1-A13E-FD50-BEA1-B218A0FD0400	FILE_OBJECT_FILE	EVENT_MMAP	1523030808436111021
82AEB0B8-39B4-11E8-BF66-D9AA8AFF4A69	SUBJECT_PROCESS	76A739B1-A13E-FD50-BEA1-B218A0FD0400	FILE_OBJECT_FILE	EVENT_MMAP	1523030808436111021
82AEB0B8-39B4-11E8-BF66-D9AA8AFF4A69	SUBJECT_PROCESS	76A739B1-A13E-FD50-BEA1-B218A0FD0400	FILE_OBJECT_FILE	EVENT_MMAP	1523030808436111021
82AEB0B8-39B4-11E8-BF66-D9AA8AFF4A69	SUBJECT_PROCESS	76A739B1-A13E-FD50-BEA1-B218A0FD0400	FILE_OBJECT_FILE	EVENT_MMAP	1523030808436111021
82AEB0B8-39B4-11E8-BF66-D9AA8AFF4A69	SUBJECT_PROCESS	76A739B1-A13E-FD50-BEA1-B218A0FD0400	FILE_OBJECT_FILE	EVENT_MMAP	1523030808436111021
82AEB0B8-39B4-11E8-BF66-D9AA8AFF4A69	SUBJECT_PROCESS	76A739B1-A13E-FD50-BEA1-B218A0FD0400	FILE_OBJECT_FILE	EVENT_MMAP	1523030808436111021
82AEB0B8-39B4-11E8-BF66-D9AA8AFF4A69	SUBJECT_PROCESS	76A739B1-A13E-FD50-BEA1-B218A0FD0400	FILE_OBJECT_FILE	EVENT_CLOSE	1523030808436111021
82AEB0B8-39B4-11E8-BF66-D9AA8AFF4A69	SUBJECT_PROCESS	F29977F6-07A2-935B-A207-C4871B93FE07	FILE_OBJECT_FILE	EVENT_OPEN	1523030808436111021
82AEB0B8-39B4-11E8-BF66-D9AA8AFF4A69	SUBJECT_PROCESS	F29977F6-07A2-935B-A207-C4871B93FE07	FILE_OBJECT_FILE	EVENT_MMAP	1523030808436111021
82AEB0B8-39B4-11E8-BF66-D9AA8AFF4A69	SUBJECT_PROCESS	F29977F6-07A2-935B-A207-C4871B93FE07	FILE_OBJECT_FILE	EVENT_MMAP	1523030808436111021
82AEB0B8-39B4-11E8-BF66-D9AA8AFF4A69	SUBJECT_PROCESS	F29977F6-07A2-935B-A207-C4871B93FE07	FILE_OBJECT_FILE	EVENT_MMAP	1523030808436111021
82AEB0B8-39B4-11E8-BF66-D9AA8AFF4A69	SUBJECT_PROCESS	F29977F6-07A2-935B-A207-C4871B93FE07	FILE_OBJECT_FILE	EVENT_MMAP	1523030808436111021
82AEB0B8-39B4-11E8-BF66-D9AA8AFF4A69	SUBJECT_PROCESS	F29977F6-07A2-935B-A207-C4871B93FE07	FILE_OBJECT_FILE	EVENT_MMAP	1523030808436111021
82AEB0B8-39B4-11E8-BF66-D9AA8AFF4A69	SUBJECT_PROCESS	F29977F6-07A2-935B-A207-C4871B93FE07	FILE_OBJECT_FILE	EVENT_MMAP	1523030808436111021
82AEB0B8-39B4-11E8-BF66-D9AA8AFF4A69	SUBJECT_PROCESS	F29977F6-07A2-935B-A207-C4871B93FE07	FILE_OBJECT_FILE	EVENT_CLOSE	1523030808436111021
82AEB0B8-39B4-11E8-BF66-D9AA8AFF4A69	SUBJECT_PROCESS	F410BE96-4C0C-765E-8C4C-6F0E2E760020	FILE_OBJECT_FILE	EVENT_OPEN	1523030808436111021
82AEB0B8-39B4-11E8-BF66-D9AA8AFF4A69	SUBJECT_PROCESS	F410BE96-4C0C-765E-8C4C-6F0E2E760020	FILE_OBJECT_FILE	EVENT_MMAP	1523030808436111021
82AEB0B8-39B4-11E8-BF66-D9AA8AFF4A69	SUBJECT_PROCESS	F410BE96-4C0C-765E-8C4C-6F0E2E760020	FILE_OBJECT_FILE	EVENT_MMAP	1523030808436111021
82AEB0B8-39B4-11E8-BF66-D9AA8AFF4A69	SUBJECT_PROCESS	F410BE96-4C0C-765E-8C4C-6F0E2E760020	FILE_OBJECT_FILE	EVENT_CLOSE	1523030808436111021
82AEB0B8-39B4-11E8-BF66-D9AA8AFF4A69	SUBJECT_PROCESS	4D344F9D-3989-8550-8939-91A3B085C709	FILE_OBJECT_FILE	EVENT_WRITE	1523030808486115855
82AEB0B8-39B4-11E8-BF66-D9AA8AFF4A69	SUBJECT_PROCESS	4D344F9D-3989-8550-8939-91A3B085C709	FILE_OBJECT_FILE	EVENT_WRITE	1523030808486115855
82AEB0B8-39B4-11E8-BF66-D9AA8AFF4A69	SUBJECT_PROCESS	82AEB0B8-39B4-11E8-BF66-D9AA8AFF4A69	SUBJECT_PROCESS	EVENT_EXIT	1523030808486115855
D59C58B7-373D-11E8-BF66-D9AA8AFF4A69	SUBJECT_PROCESS	82BA3C8B-39B4-11E8-BF66-D9AA8AFF4A69	SUBJECT_PROCESS	EVENT_FORK	1523030808486115855
82BA3C8B-39B4-11E8-BF66-D9AA8AFF4A69	SUBJECT_PROCESS	CC349957-3DA4-8E5E-A43D-C7740E8ECAA9	FILE_OBJECT_FILE	EVENT_CLOSE	1523030808486115855
82BA3C8B-39B4-11E8-BF66-D9AA8AFF4A69	SUBJECT_PROCESS	6C836AA2-BB54-3A58-94BB-1E5D583A637E	FILE_OBJECT_FILE	EVENT_EXECUTE	1523030808486115855
82BA3C8B-39B4-11E8-BF66-D9AA8AFF4A69	SUBJECT_PROCESS	7A350F75-9945-425D-8599-15CEBD426F06	FILE_OBJECT_FILE	EVENT_EXECUTE	1523030808486115855
82BA3C8B-39B4-11E8-BF66-D9AA8AFF4A69	SUBJECT_PROCESS	51110606-D232-9652-B2D2-3A7242968F8A	FILE_OBJECT_FILE	EVENT_OPEN	1523030808486115855
82BA3C8B-39B4-11E8-BF66-D9AA8AFF4A69	SUBJECT_PROCESS	51110606-D232-9652-B2D2-3A7242968F8A	FILE_OBJECT_FILE	EVENT_READ	1523030808486115855
82BA3C8B-39B4-11E8-BF66-D9AA8AFF4A69	SUBJECT_PROCESS	51110606-D232-9652-B2D2-3A7242968F8A	FILE_OBJECT_FILE	EVENT_CLOSE	1523030808486115855
82BA3C8B-39B4-11E8-BF66-D9AA8AFF4A69	SUBJECT_PROCESS	8A44F292-648B-7854-8B64-00F954785A79	FILE_OBJECT_FILE	EVENT_OPEN	1523030808496109866
82BA3C8B-39B4-11E8-BF66-D9AA8AFF4A69	SUBJECT_PROCESS	8A44F292-648B-7854-8B64-00F954785A79	FILE_OBJECT_FILE	EVENT_READ	1523030808496109866
82BA3C8B-39B4-11E8-BF66-D9AA8AFF4A69	SUBJECT_PROCESS	8A44F292-648B-7854-8B64-00F954785A79	FILE_OBJECT_FILE	EVENT_READ	1523030808496109866
82BA3C8B-39B4-11E8-BF66-D9AA8AFF4A69	SUBJECT_PROCESS	8A44F292-648B-7854-8B64-00F954785A79	FILE_OBJECT_FILE	EVENT_CLOSE	1523030808496109866
82BA3C8B-39B4-11E8-BF66-D9AA8AFF4A69	SUBJECT_PROCESS	76A739B1-A13E-FD50-BEA1-B218A0FD0400	FILE_OBJECT_FILE	EVENT_OPEN	1523030808496109866
82BA3C8B-39B4-11E8-BF66-D9AA8AFF4A69	SUBJECT_PROCESS	76A739B1-A13E-FD50-BEA1-B218A0FD0400	FILE_OBJECT_FILE	EVENT_MMAP	1523030808496109866
82BA3C8B-39B4-11E8-BF66-D9AA8AFF4A69	SUBJECT_PROCESS	76A739B1-A13E-FD50-BEA1-B218A0FD0400	FILE_OBJECT_FILE	EVENT_MMAP	1523030808496109866
82BA3C8B-39B4-11E8-BF66-D9AA8AFF4A69	SUBJECT_PROCESS	76A739B1-A13E-FD50-BEA1-B218A0FD0400	FILE_OBJECT_FILE	EVENT_MMAP	1523030808496109866
82BA3C8B-39B4-11E8-BF66-D9AA8AFF4A69	SUBJECT_PROCESS	76A739B1-A13E-FD50-BEA1-B218A0FD0400	FILE_OBJECT_FILE	EVENT_MMAP	1523030808496109866
82BA3C8B-39B4-11E8-BF66-D9AA8AFF4A69	SUBJECT_PROCESS	76A739B1-A13E-FD50-BEA1-B218A0FD0400	FILE_OBJECT_FILE	EVENT_MMAP	1523030808496109866
82BA3C8B-39B4-11E8-BF66-D9AA8AFF4A69	SUBJECT_PROCESS	76A739B1-A13E-FD50-BEA1-B218A0FD0400	FILE_OBJECT_FILE	EVENT_MMAP	1523030808496109866
82BA3C8B-39B4-11E8-BF66-D9AA8AFF4A69	SUBJECT_PROCESS	76A739B1-A13E-FD50-BEA1-B218A0FD0400	FILE_OBJECT_FILE	EVENT_CLOSE	1523030808496109866
82BA3C8B-39B4-11E8-BF66-D9AA8AFF4A69	SUBJECT_PROCESS	F410BE96-4C0C-765E-8C4C-6F0E2E760020	FILE_OBJECT_FILE	EVENT_OPEN	1523030808496109866
82BA3C8B-39B4-11E8-BF66-D9AA8AFF4A69	SUBJECT_PROCESS	F410BE96-4C0C-765E-8C4C-6F0E2E760020	FILE_OBJECT_FILE	EVENT_MMAP	1523030808496109866
82BA3C8B-39B4-11E8-BF66-D9AA8AFF4A69	SUBJECT_PROCESS	F410BE96-4C0C-765E-8C4C-6F0E2E760020	FILE_OBJECT_FILE	EVENT_MMAP	1523030808496109866
82BA3C8B-39B4-11E8-BF66-D9AA8AFF4A69	SUBJECT_PROCESS	F410BE96-4C0C-765E-8C4C-6F0E2E760020	FILE_OBJECT_FILE	EVENT_CLOSE	1523030808496109866
72FB0406-3678-11E8-BF66-D9AA8AFF4A69	SUBJECT_PROCESS	8258A034-39B4-11E8-BF66-D9AA8AFF4A69	FILE_OBJECT_UNIX_SOCKET	EVENT_CLOSE	1523030808796111370
72FB0406-3678-11E8-BF66-D9AA8AFF4A69	SUBJECT_PROCESS	8258A09B-39B4-11E8-BF66-D9AA8AFF4A69	FILE_OBJECT_UNIX_SOCKET	EVENT_CLOSE	1523030808796111370
72FB0406-3678-11E8-BF66-D9AA8AFF4A69	SUBJECT_PROCESS	82E8D395-39B4-11E8-BF66-D9AA8AFF4A69	FILE_OBJECT_UNIX_SOCKET	EVENT_CREATE_OBJECT	1523030808796111370
72FB0406-3678-11E8-BF66-D9AA8AFF4A69	SUBJECT_PROCESS	82E8D3FE-39B4-11E8-BF66-D9AA8AFF4A69	FILE_OBJECT_UNIX_SOCKET	EVENT_CREATE_OBJECT	1523030808796111370
82BA3C8B-39B4-11E8-BF66-D9AA8AFF4A69	SUBJECT_PROCESS	82BA3C8B-39B4-11E8-BF66-D9AA8AFF4A69	SUBJECT_PROCESS	EVENT_EXIT	1523030809506113016
D59C58B7-373D-11E8-BF66-D9AA8AFF4A69	SUBJECT_PROCESS	8354ED2E-39B4-11E8-BF66-D9AA8AFF4A69	SUBJECT_PROCESS	EVENT_FORK	1523030809506113016
8354ED2E-39B4-11E8-BF66-D9AA8AFF4A69	SUBJECT_PROCESS	CC349957-3DA4-8E5E-A43D-C7740E8ECAA9	FILE_OBJECT_FILE	EVENT_CLOSE	1523030809506113016
8354ED2E-39B4-11E8-BF66-D9AA8AFF4A69	SUBJECT_PROCESS	0E1A657D-11F7-F051-B711-8D3E01F0DC22	FILE_OBJECT_FILE	EVENT_OPEN	1523030809506113016
8354ED2E-39B4-11E8-BF66-D9AA8AFF4A69	SUBJECT_PROCESS	0E1A657D-11F7-F051-B711-8D3E01F0DC22	FILE_OBJECT_FILE	EVENT_CLOSE	1523030809506113016
8354ED2E-39B4-11E8-BF66-D9AA8AFF4A69	SUBJECT_PROCESS	330061CF-6BB3-C45E-B36B-B89D7EC4F443	FILE_OBJECT_FILE	EVENT_EXECUTE	1523030809506113016
8354ED2E-39B4-11E8-BF66-D9AA8AFF4A69	SUBJECT_PROCESS	7A350F75-9945-425D-8599-15CEBD426F06	FILE_OBJECT_FILE	EVENT_EXECUTE	1523030809506113016
8354ED2E-39B4-11E8-BF66-D9AA8AFF4A69	SUBJECT_PROCESS	51110606-D232-9652-B2D2-3A7242968F8A	FILE_OBJECT_FILE	EVENT_OPEN	1523030809506113016
8354ED2E-39B4-11E8-BF66-D9AA8AFF4A69	SUBJECT_PROCESS	51110606-D232-9652-B2D2-3A7242968F8A	FILE_OBJECT_FILE	EVENT_READ	1523030809506113016
8354ED2E-39B4-11E8-BF66-D9AA8AFF4A69	SUBJECT_PROCESS	51110606-D232-9652-B2D2-3A7242968F8A	FILE_OBJECT_FILE	EVENT_CLOSE	1523030809506113016
8354ED2E-39B4-11E8-BF66-D9AA8AFF4A69	SUBJECT_PROCESS	8A44F292-648B-7854-8B64-00F954785A79	FILE_OBJECT_FILE	EVENT_OPEN	1523030809506113016
8354ED2E-39B4-11E8-BF66-D9AA8AFF4A69	SUBJECT_PROCESS	8A44F292-648B-7854-8B64-00F954785A79	FILE_OBJECT_FILE	EVENT_READ	1523030809506113016
8354ED2E-39B4-11E8-BF66-D9AA8AFF4A69	SUBJECT_PROCESS	8A44F292-648B-7854-8B64-00F954785A79	FILE_OBJECT_FILE	EVENT_READ	1523030809506113016
8354ED2E-39B4-11E8-BF66-D9AA8AFF4A69	SUBJECT_PROCESS	8A44F292-648B-7854-8B64-00F954785A79	FILE_OBJECT_FILE	EVENT_CLOSE	1523030809506113016
8354ED2E-39B4-11E8-BF66-D9AA8AFF4A69	SUBJECT_PROCESS	FC2CA9A1-1BCF-8B57-8F1B-A854778B9026	FILE_OBJECT_FILE	EVENT_OPEN	1523030809506113016
8354ED2E-39B4-11E8-BF66-D9AA8AFF4A69	SUBJECT_PROCESS	FC2CA9A1-1BCF-8B57-8F1B-A854778B9026	FILE_OBJECT_FILE	EVENT_MMAP	1523030809506113016
8354ED2E-39B4-11E8-BF66-D9AA8AFF4A69	SUBJECT_PROCESS	FC2CA9A1-1BCF-8B57-8F1B-A854778B9026	FILE_OBJECT_FILE	EVENT_MMAP	1523030809506113016
8354ED2E-39B4-11E8-BF66-D9AA8AFF4A69	SUBJECT_PROCESS	FC2CA9A1-1BCF-8B57-8F1B-A854778B9026	FILE_OBJECT_FILE	EVENT_MMAP	1523030809506113016
8354ED2E-39B4-11E8-BF66-D9AA8AFF4A69	SUBJECT_PROCESS	FC2CA9A1-1BCF-8B57-8F1B-A854778B9026	FILE_OBJECT_FILE	EVENT_MMAP	1523030809506113016
8354ED2E-39B4-11E8-BF66-D9AA8AFF4A69	SUBJECT_PROCESS	FC2CA9A1-1BCF-8B57-8F1B-A854778B9026	FILE_OBJECT_FILE	EVENT_MMAP	1523030809506113016
8354ED2E-39B4-11E8-BF66-D9AA8AFF4A69	SUBJECT_PROCESS	FC2CA9A1-1BCF-8B57-8F1B-A854778B9026	FILE_OBJECT_FILE	EVENT_MMAP	1523030809506113016
8354ED2E-39B4-11E8-BF66-D9AA8AFF4A69	SUBJECT_PROCESS	FC2CA9A1-1BCF-8B57-8F1B-A854778B9026	FILE_OBJECT_FILE	EVENT_CLOSE	1523030809506113016
8354ED2E-39B4-11E8-BF66-D9AA8AFF4A69	SUBJECT_PROCESS	718F288D-A702-1B5D-82A7-80807D1BB326	FILE_OBJECT_FILE	EVENT_OPEN	1523030809506113016
8354ED2E-39B4-11E8-BF66-D9AA8AFF4A69	SUBJECT_PROCESS	718F288D-A702-1B5D-82A7-80807D1BB326	FILE_OBJECT_FILE	EVENT_MMAP	1523030809506113016
8354ED2E-39B4-11E8-BF66-D9AA8AFF4A69	SUBJECT_PROCESS	718F288D-A702-1B5D-82A7-80807D1BB326	FILE_OBJECT_FILE	EVENT_MMAP	1523030809506113016
8354ED2E-39B4-11E8-BF66-D9AA8AFF4A69	SUBJECT_PROCESS	718F288D-A702-1B5D-82A7-80807D1BB326	FILE_OBJECT_FILE	EVENT_MMAP	1523030809506113016
8354ED2E-39B4-11E8-BF66-D9AA8AFF4A69	SUBJECT_PROCESS	718F288D-A702-1B5D-82A7-80807D1BB326	FILE_OBJECT_FILE	EVENT_MMAP	1523030809516111587
8354ED2E-39B4-11E8-BF66-D9AA8AFF4A69	SUBJECT_PROCESS	718F288D-A702-1B5D-82A7-80807D1BB326	FILE_OBJECT_FILE	EVENT_MMAP	1523030809516111587
8354ED2E-39B4-11E8-BF66-D9AA8AFF4A69	SUBJECT_PROCESS	718F288D-A702-1B5D-82A7-80807D1BB326	FILE_OBJECT_FILE	EVENT_MMAP	1523030809516111587
8354ED2E-39B4-11E8-BF66-D9AA8AFF4A69	SUBJECT_PROCESS	718F288D-A702-1B5D-82A7-80807D1BB326	FILE_OBJECT_FILE	EVENT_CLOSE	1523030809516111587
8354ED2E-39B4-11E8-BF66-D9AA8AFF4A69	SUBJECT_PROCESS	4F909471-32BE-7C54-BE32-1D05C47CA876	FILE_OBJECT_FILE	EVENT_OPEN	1523030809516111587
8354ED2E-39B4-11E8-BF66-D9AA8AFF4A69	SUBJECT_PROCESS	4F909471-32BE-7C54-BE32-1D05C47CA876	FILE_OBJECT_FILE	EVENT_MMAP	1523030809516111587
8354ED2E-39B4-11E8-BF66-D9AA8AFF4A69	SUBJECT_PROCESS	4F909471-32BE-7C54-BE32-1D05C47CA876	FILE_OBJECT_FILE	EVENT_MMAP	1523030809516111587
8354ED2E-39B4-11E8-BF66-D9AA8AFF4A69	SUBJECT_PROCESS	4F909471-32BE-7C54-BE32-1D05C47CA876	FILE_OBJECT_FILE	EVENT_MMAP	1523030809516111587
8354ED2E-39B4-11E8-BF66-D9AA8AFF4A69	SUBJECT_PROCESS	4F909471-32BE-7C54-BE32-1D05C47CA876	FILE_OBJECT_FILE	EVENT_MMAP	1523030809516111587
8354ED2E-39B4-11E8-BF66-D9AA8AFF4A69	SUBJECT_PROCESS	4F909471-32BE-7C54-BE32-1D05C47CA876	FILE_OBJECT_FILE	EVENT_MMAP	1523030809516111587
8354ED2E-39B4-11E8-BF66-D9AA8AFF4A69	SUBJECT_PROCESS	4F909471-32BE-7C54-BE32-1D05C47CA876	FILE_OBJECT_FILE	EVENT_MMAP	1523030809516111587
8354ED2E-39B4-11E8-BF66-D9AA8AFF4A69	SUBJECT_PROCESS	4F909471-32BE-7C54-BE32-1D05C47CA876	FILE_OBJECT_FILE	EVENT_CLOSE	1523030809516111587
8354ED2E-39B4-11E8-BF66-D9AA8AFF4A69	SUBJECT_PROCESS	0905A02C-D979-5D57-B9D9-F12D475D7A9B	FILE_OBJECT_FILE	EVENT_OPEN	1523030809516111587
8354ED2E-39B4-11E8-BF66-D9AA8AFF4A69	SUBJECT_PROCESS	0905A02C-D979-5D57-B9D9-F12D475D7A9B	FILE_OBJECT_FILE	EVENT_MMAP	1523030809516111587
8354ED2E-39B4-11E8-BF66-D9AA8AFF4A69	SUBJECT_PROCESS	0905A02C-D979-5D57-B9D9-F12D475D7A9B	FILE_OBJECT_FILE	EVENT_MMAP	1523030809516111587
8354ED2E-39B4-11E8-BF66-D9AA8AFF4A69	SUBJECT_PROCESS	0905A02C-D979-5D57-B9D9-F12D475D7A9B	FILE_OBJECT_FILE	EVENT_MMAP	1523030809516111587
8354ED2E-39B4-11E8-BF66-D9AA8AFF4A69	SUBJECT_PROCESS	0905A02C-D979-5D57-B9D9-F12D475D7A9B	FILE_OBJECT_FILE	EVENT_MMAP	1523030809516111587
8354ED2E-39B4-11E8-BF66-D9AA8AFF4A69	SUBJECT_PROCESS	0905A02C-D979-5D57-B9D9-F12D475D7A9B	FILE_OBJECT_FILE	EVENT_MMAP	1523030809516111587
8354ED2E-39B4-11E8-BF66-D9AA8AFF4A69	SUBJECT_PROCESS	0905A02C-D979-5D57-B9D9-F12D475D7A9B	FILE_OBJECT_FILE	EVENT_MMAP	1523030809516111587
8354ED2E-39B4-11E8-BF66-D9AA8AFF4A69	SUBJECT_PROCESS	0905A02C-D979-5D57-B9D9-F12D475D7A9B	FILE_OBJECT_FILE	EVENT_CLOSE	1523030809516111587
8354ED2E-39B4-11E8-BF66-D9AA8AFF4A69	SUBJECT_PROCESS	9FF334BB-9072-D756-B290-556656D73728	FILE_OBJECT_FILE	EVENT_OPEN	1523030809516111587
8354ED2E-39B4-11E8-BF66-D9AA8AFF4A69	SUBJECT_PROCESS	9FF334BB-9072-D756-B290-556656D73728	FILE_OBJECT_FILE	EVENT_MMAP	1523030809516111587
8354ED2E-39B4-11E8-BF66-D9AA8AFF4A69	SUBJECT_PROCESS	9FF334BB-9072-D756-B290-556656D73728	FILE_OBJECT_FILE	EVENT_MMAP	1523030809516111587
8354ED2E-39B4-11E8-BF66-D9AA8AFF4A69	SUBJECT_PROCESS	9FF334BB-9072-D756-B290-556656D73728	FILE_OBJECT_FILE	EVENT_MMAP	1523030809516111587
8354ED2E-39B4-11E8-BF66-D9AA8AFF4A69	SUBJECT_PROCESS	9FF334BB-9072-D756-B290-556656D73728	FILE_OBJECT_FILE	EVENT_MMAP	1523030809516111587
8354ED2E-39B4-11E8-BF66-D9AA8AFF4A69	SUBJECT_PROCESS	9FF334BB-9072-D756-B290-556656D73728	FILE_OBJECT_FILE	EVENT_MMAP	1523030809516111587
8354ED2E-39B4-11E8-BF66-D9AA8AFF4A69	SUBJECT_PROCESS	9FF334BB-9072-D756-B290-556656D73728	FILE_OBJECT_FILE	EVENT_MMAP	1523030809516111587
8354ED2E-39B4-11E8-BF66-D9AA8AFF4A69	SUBJECT_PROCESS	9FF334BB-9072-D756-B290-556656D73728	FILE_OBJECT_FILE	EVENT_CLOSE	1523030809516111587
8354ED2E-39B4-11E8-BF66-D9AA8AFF4A69	SUBJECT_PROCESS	76A739B1-A13E-FD50-BEA1-B218A0FD0400	FILE_OBJECT_FILE	EVENT_OPEN	1523030809516111587
8354ED2E-39B4-11E8-BF66-D9AA8AFF4A69	SUBJECT_PROCESS	76A739B1-A13E-FD50-BEA1-B218A0FD0400	FILE_OBJECT_FILE	EVENT_MMAP	1523030809516111587
8354ED2E-39B4-11E8-BF66-D9AA8AFF4A69	SUBJECT_PROCESS	76A739B1-A13E-FD50-BEA1-B218A0FD0400	FILE_OBJECT_FILE	EVENT_MMAP	1523030809516111587
8354ED2E-39B4-11E8-BF66-D9AA8AFF4A69	SUBJECT_PROCESS	76A739B1-A13E-FD50-BEA1-B218A0FD0400	FILE_OBJECT_FILE	EVENT_MMAP	1523030809526112098
8354ED2E-39B4-11E8-BF66-D9AA8AFF4A69	SUBJECT_PROCESS	76A739B1-A13E-FD50-BEA1-B218A0FD0400	FILE_OBJECT_FILE	EVENT_MMAP	1523030809526112098
8354ED2E-39B4-11E8-BF66-D9AA8AFF4A69	SUBJECT_PROCESS	76A739B1-A13E-FD50-BEA1-B218A0FD0400	FILE_OBJECT_FILE	EVENT_MMAP	1523030809526112098
8354ED2E-39B4-11E8-BF66-D9AA8AFF4A69	SUBJECT_PROCESS	76A739B1-A13E-FD50-BEA1-B218A0FD0400	FILE_OBJECT_FILE	EVENT_MMAP	1523030809526112098
8354ED2E-39B4-11E8-BF66-D9AA8AFF4A69	SUBJECT_PROCESS	76A739B1-A13E-FD50-BEA1-B218A0FD0400	FILE_OBJECT_FILE	EVENT_CLOSE	1523030809526112098
8354ED2E-39B4-11E8-BF66-D9AA8AFF4A69	SUBJECT_PROCESS	F29977F6-07A2-935B-A207-C4871B93FE07	FILE_OBJECT_FILE	EVENT_OPEN	1523030809526112098
8354ED2E-39B4-11E8-BF66-D9AA8AFF4A69	SUBJECT_PROCESS	F29977F6-07A2-935B-A207-C4871B93FE07	FILE_OBJECT_FILE	EVENT_MMAP	1523030809526112098
8354ED2E-39B4-11E8-BF66-D9AA8AFF4A69	SUBJECT_PROCESS	F29977F6-07A2-935B-A207-C4871B93FE07	FILE_OBJECT_FILE	EVENT_MMAP	1523030809526112098
8354ED2E-39B4-11E8-BF66-D9AA8AFF4A69	SUBJECT_PROCESS	F29977F6-07A2-935B-A207-C4871B93FE07	FILE_OBJECT_FILE	EVENT_MMAP	1523030809526112098
8354ED2E-39B4-11E8-BF66-D9AA8AFF4A69	SUBJECT_PROCESS	F29977F6-07A2-935B-A207-C4871B93FE07	FILE_OBJECT_FILE	EVENT_MMAP	1523030809526112098
8354ED2E-39B4-11E8-BF66-D9AA8AFF4A69	SUBJECT_PROCESS	F29977F6-07A2-935B-A207-C4871B93FE07	FILE_OBJECT_FILE	EVENT_MMAP	1523030809526112098
8354ED2E-39B4-11E8-BF66-D9AA8AFF4A69	SUBJECT_PROCESS	F29977F6-07A2-935B-A207-C4871B93FE07	FILE_OBJECT_FILE	EVENT_MMAP	1523030809526112098
8354ED2E-39B4-11E8-BF66-D9AA8AFF4A69	SUBJECT_PROCESS	F29977F6-07A2-935B-A207-C4871B93FE07	FILE_OBJECT_FILE	EVENT_CLOSE	1523030809526112098
8354ED2E-39B4-11E8-BF66-D9AA8AFF4A69	SUBJECT_PROCESS	F410BE96-4C0C-765E-8C4C-6F0E2E760020	FILE_OBJECT_FILE	EVENT_OPEN	1523030809526112098
8354ED2E-39B4-11E8-BF66-D9AA8AFF4A69	SUBJECT_PROCESS	F410BE96-4C0C-765E-8C4C-6F0E2E760020	FILE_OBJECT_FILE	EVENT_MMAP	1523030809526112098
8354ED2E-39B4-11E8-BF66-D9AA8AFF4A69	SUBJECT_PROCESS	F410BE96-4C0C-765E-8C4C-6F0E2E760020	FILE_OBJECT_FILE	EVENT_MMAP	1523030809526112098
8354ED2E-39B4-11E8-BF66-D9AA8AFF4A69	SUBJECT_PROCESS	F410BE96-4C0C-765E-8C4C-6F0E2E760020	FILE_OBJECT_FILE	EVENT_CLOSE	1523030809526112098
8354ED2E-39B4-11E8-BF66-D9AA8AFF4A69	SUBJECT_PROCESS	0E1A657D-11F7-F051-B711-8D3E01F0DC22	FILE_OBJECT_FILE	EVENT_WRITE	1523030809526112098
8354ED2E-39B4-11E8-BF66-D9AA8AFF4A69	SUBJECT_PROCESS	0E1A657D-11F7-F051-B711-8D3E01F0DC22	FILE_OBJECT_FILE	EVENT_WRITE	1523030809526112098
8354ED2E-39B4-11E8-BF66-D9AA8AFF4A69	SUBJECT_PROCESS	0E1A657D-11F7-F051-B711-8D3E01F0DC22	FILE_OBJECT_FILE	EVENT_WRITE	1523030809536110829
8354ED2E-39B4-11E8-BF66-D9AA8AFF4A69	SUBJECT_PROCESS	8354ED2E-39B4-11E8-BF66-D9AA8AFF4A69	SUBJECT_PROCESS	EVENT_EXIT	1523030809536110829
D59C58B7-373D-11E8-BF66-D9AA8AFF4A69	SUBJECT_PROCESS	835981B7-39B4-11E8-BF66-D9AA8AFF4A69	SUBJECT_PROCESS	EVENT_FORK	1523030809536110829
835981B7-39B4-11E8-BF66-D9AA8AFF4A69	SUBJECT_PROCESS	CC349957-3DA4-8E5E-A43D-C7740E8ECAA9	FILE_OBJECT_FILE	EVENT_CLOSE	1523030809536110829
835981B7-39B4-11E8-BF66-D9AA8AFF4A69	SUBJECT_PROCESS	6C836AA2-BB54-3A58-94BB-1E5D583A637E	FILE_OBJECT_FILE	EVENT_EXECUTE	1523030809536110829
835981B7-39B4-11E8-BF66-D9AA8AFF4A69	SUBJECT_PROCESS	7A350F75-9945-425D-8599-15CEBD426F06	FILE_OBJECT_FILE	EVENT_EXECUTE	1523030809536110829
835981B7-39B4-11E8-BF66-D9AA8AFF4A69	SUBJECT_PROCESS	51110606-D232-9652-B2D2-3A7242968F8A	FILE_OBJECT_FILE	EVENT_OPEN	1523030809536110829
835981B7-39B4-11E8-BF66-D9AA8AFF4A69	SUBJECT_PROCESS	51110606-D232-9652-B2D2-3A7242968F8A	FILE_OBJECT_FILE	EVENT_READ	1523030809536110829
835981B7-39B4-11E8-BF66-D9AA8AFF4A69	SUBJECT_PROCESS	51110606-D232-9652-B2D2-3A7242968F8A	FILE_OBJECT_FILE	EVENT_CLOSE	1523030809536110829
835981B7-39B4-11E8-BF66-D9AA8AFF4A69	SUBJECT_PROCESS	8A44F292-648B-7854-8B64-00F954785A79	FILE_OBJECT_FILE	EVENT_OPEN	1523030809536110829
835981B7-39B4-11E8-BF66-D9AA8AFF4A69	SUBJECT_PROCESS	8A44F292-648B-7854-8B64-00F954785A79	FILE_OBJECT_FILE	EVENT_READ	1523030809536110829
835981B7-39B4-11E8-BF66-D9AA8AFF4A69	SUBJECT_PROCESS	8A44F292-648B-7854-8B64-00F954785A79	FILE_OBJECT_FILE	EVENT_READ	1523030809536110829
835981B7-39B4-11E8-BF66-D9AA8AFF4A69	SUBJECT_PROCESS	8A44F292-648B-7854-8B64-00F954785A79	FILE_OBJECT_FILE	EVENT_CLOSE	1523030809536110829
835981B7-39B4-11E8-BF66-D9AA8AFF4A69	SUBJECT_PROCESS	76A739B1-A13E-FD50-BEA1-B218A0FD0400	FILE_OBJECT_FILE	EVENT_OPEN	1523030809536110829
835981B7-39B4-11E8-BF66-D9AA8AFF4A69	SUBJECT_PROCESS	76A739B1-A13E-FD50-BEA1-B218A0FD0400	FILE_OBJECT_FILE	EVENT_MMAP	1523030809536110829
835981B7-39B4-11E8-BF66-D9AA8AFF4A69	SUBJECT_PROCESS	76A739B1-A13E-FD50-BEA1-B218A0FD0400	FILE_OBJECT_FILE	EVENT_MMAP	1523030809536110829
835981B7-39B4-11E8-BF66-D9AA8AFF4A69	SUBJECT_PROCESS	76A739B1-A13E-FD50-BEA1-B218A0FD0400	FILE_OBJECT_FILE	EVENT_MMAP	1523030809536110829
835981B7-39B4-11E8-BF66-D9AA8AFF4A69	SUBJECT_PROCESS	76A739B1-A13E-FD50-BEA1-B218A0FD0400	FILE_OBJECT_FILE	EVENT_MMAP	1523030809536110829
835981B7-39B4-11E8-BF66-D9AA8AFF4A69	SUBJECT_PROCESS	76A739B1-A13E-FD50-BEA1-B218A0FD0400	FILE_OBJECT_FILE	EVENT_MMAP	1523030809536110829
835981B7-39B4-11E8-BF66-D9AA8AFF4A69	SUBJECT_PROCESS	76A739B1-A13E-FD50-BEA1-B218A0FD0400	FILE_OBJECT_FILE	EVENT_MMAP	1523030809536110829
835981B7-39B4-11E8-BF66-D9AA8AFF4A69	SUBJECT_PROCESS	76A739B1-A13E-FD50-BEA1-B218A0FD0400	FILE_OBJECT_FILE	EVENT_CLOSE	1523030809536110829
835981B7-39B4-11E8-BF66-D9AA8AFF4A69	SUBJECT_PROCESS	F410BE96-4C0C-765E-8C4C-6F0E2E760020	FILE_OBJECT_FILE	EVENT_OPEN	1523030809536110829
835981B7-39B4-11E8-BF66-D9AA8AFF4A69	SUBJECT_PROCESS	F410BE96-4C0C-765E-8C4C-6F0E2E760020	FILE_OBJECT_FILE	EVENT_MMAP	1523030809536110829
835981B7-39B4-11E8-BF66-D9AA8AFF4A69	SUBJECT_PROCESS	F410BE96-4C0C-765E-8C4C-6F0E2E760020	FILE_OBJECT_FILE	EVENT_MMAP	1523030809536110829
835981B7-39B4-11E8-BF66-D9AA8AFF4A69	SUBJECT_PROCESS	F410BE96-4C0C-765E-8C4C-6F0E2E760020	FILE_OBJECT_FILE	EVENT_CLOSE	1523030809536110829
72FB0406-3678-11E8-BF66-D9AA8AFF4A69	SUBJECT_PROCESS	82E8D395-39B4-11E8-BF66-D9AA8AFF4A69	FILE_OBJECT_UNIX_SOCKET	EVENT_CLOSE	1523030809806110590
72FB0406-3678-11E8-BF66-D9AA8AFF4A69	SUBJECT_PROCESS	82E8D3FE-39B4-11E8-BF66-D9AA8AFF4A69	FILE_OBJECT_UNIX_SOCKET	EVENT_CLOSE	1523030809806110590
72FB0406-3678-11E8-BF66-D9AA8AFF4A69	SUBJECT_PROCESS	8382C0D9-39B4-11E8-BF66-D9AA8AFF4A69	FILE_OBJECT_UNIX_SOCKET	EVENT_CREATE_OBJECT	1523030809806110590
72FB0406-3678-11E8-BF66-D9AA8AFF4A69	SUBJECT_PROCESS	8382C143-39B4-11E8-BF66-D9AA8AFF4A69	FILE_OBJECT_UNIX_SOCKET	EVENT_CREATE_OBJECT	1523030809806110590
835981B7-39B4-11E8-BF66-D9AA8AFF4A69	SUBJECT_PROCESS	835981B7-39B4-11E8-BF66-D9AA8AFF4A69	SUBJECT_PROCESS	EVENT_EXIT	1523030810556112150
D59C58B7-373D-11E8-BF66-D9AA8AFF4A69	SUBJECT_PROCESS	1AD2870F-2DE0-5F47-AB84-CA584D1FD00E	UnnamedPipeObject	EVENT_CREATE_OBJECT	1523030810556112150
D59C58B7-373D-11E8-BF66-D9AA8AFF4A69	SUBJECT_PROCESS	83F53B77-39B4-11E8-BF66-D9AA8AFF4A69	SUBJECT_PROCESS	EVENT_FORK	1523030810556112150
83F53B77-39B4-11E8-BF66-D9AA8AFF4A69	SUBJECT_PROCESS	CC349957-3DA4-8E5E-A43D-C7740E8ECAA9	FILE_OBJECT_FILE	EVENT_CLOSE	1523030810556112150
D59C58B7-373D-11E8-BF66-D9AA8AFF4A69	SUBJECT_PROCESS	83F5722C-39B4-11E8-BF66-D9AA8AFF4A69	SUBJECT_PROCESS	EVENT_FORK	1523030810556112150
83F5722C-39B4-11E8-BF66-D9AA8AFF4A69	SUBJECT_PROCESS	CC349957-3DA4-8E5E-A43D-C7740E8ECAA9	FILE_OBJECT_FILE	EVENT_CLOSE	1523030810556112150
83F53B77-39B4-11E8-BF66-D9AA8AFF4A69	SUBJECT_PROCESS	9D6CE3F1-AA37-D656-B7AA-BA6D46D61C69	FILE_OBJECT_FILE	EVENT_EXECUTE	1523030810556112150
83F53B77-39B4-11E8-BF66-D9AA8AFF4A69	SUBJECT_PROCESS	7A350F75-9945-425D-8599-15CEBD426F06	FILE_OBJECT_FILE	EVENT_EXECUTE	1523030810556112150
83F53B77-39B4-11E8-BF66-D9AA8AFF4A69	SUBJECT_PROCESS	51110606-D232-9652-B2D2-3A7242968F8A	FILE_OBJECT_FILE	EVENT_OPEN	1523030810556112150
83F5722C-39B4-11E8-BF66-D9AA8AFF4A69	SUBJECT_PROCESS	FADB56EB-6919-8A51-9969-955CD18AFFC9	FILE_OBJECT_FILE	EVENT_OPEN	1523030810556112150
83F53B77-39B4-11E8-BF66-D9AA8AFF4A69	SUBJECT_PROCESS	51110606-D232-9652-B2D2-3A7242968F8A	FILE_OBJECT_FILE	EVENT_READ	1523030810556112150
83F53B77-39B4-11E8-BF66-D9AA8AFF4A69	SUBJECT_PROCESS	51110606-D232-9652-B2D2-3A7242968F8A	FILE_OBJECT_FILE	EVENT_CLOSE	1523030810556112150
83F5722C-39B4-11E8-BF66-D9AA8AFF4A69	SUBJECT_PROCESS	FADB56EB-6919-8A51-9969-955CD18AFFC9	FILE_OBJECT_FILE	EVENT_CLOSE	1523030810556112150
83F53B77-39B4-11E8-BF66-D9AA8AFF4A69	SUBJECT_PROCESS	8A44F292-648B-7854-8B64-00F954785A79	FILE_OBJECT_FILE	EVENT_OPEN	1523030810556112150
83F53B77-39B4-11E8-BF66-D9AA8AFF4A69	SUBJECT_PROCESS	8A44F292-648B-7854-8B64-00F954785A79	FILE_OBJECT_FILE	EVENT_READ	1523030810556112150
83F5722C-39B4-11E8-BF66-D9AA8AFF4A69	SUBJECT_PROCESS	91207D42-8B6E-6454-AE8B-D3FF24648D84	FILE_OBJECT_FILE	EVENT_EXECUTE	1523030810556112150
83F5722C-39B4-11E8-BF66-D9AA8AFF4A69	SUBJECT_PROCESS	7A350F75-9945-425D-8599-15CEBD426F06	FILE_OBJECT_FILE	EVENT_EXECUTE	1523030810556112150
83F53B77-39B4-11E8-BF66-D9AA8AFF4A69	SUBJECT_PROCESS	8A44F292-648B-7854-8B64-00F954785A79	FILE_OBJECT_FILE	EVENT_READ	1523030810556112150
83F5722C-39B4-11E8-BF66-D9AA8AFF4A69	SUBJECT_PROCESS	51110606-D232-9652-B2D2-3A7242968F8A	FILE_OBJECT_FILE	EVENT_OPEN	1523030810556112150
83F53B77-39B4-11E8-BF66-D9AA8AFF4A69	SUBJECT_PROCESS	8A44F292-648B-7854-8B64-00F954785A79	FILE_OBJECT_FILE	EVENT_CLOSE	1523030810556112150
83F5722C-39B4-11E8-BF66-D9AA8AFF4A69	SUBJECT_PROCESS	51110606-D232-9652-B2D2-3A7242968F8A	FILE_OBJECT_FILE	EVENT_READ	1523030810556112150
83F53B77-39B4-11E8-BF66-D9AA8AFF4A69	SUBJECT_PROCESS	7A1B4973-09E5-AA50-A509-1753C0AA87A1	FILE_OBJECT_FILE	EVENT_OPEN	1523030810556112150
83F5722C-39B4-11E8-BF66-D9AA8AFF4A69	SUBJECT_PROCESS	51110606-D232-9652-B2D2-3A7242968F8A	FILE_OBJECT_FILE	EVENT_CLOSE	1523030810556112150
83F53B77-39B4-11E8-BF66-D9AA8AFF4A69	SUBJECT_PROCESS	7A1B4973-09E5-AA50-A509-1753C0AA87A1	FILE_OBJECT_FILE	EVENT_MMAP	1523030810556112150
83F53B77-39B4-11E8-BF66-D9AA8AFF4A69	SUBJECT_PROCESS	7A1B4973-09E5-AA50-A509-1753C0AA87A1	FILE_OBJECT_FILE	EVENT_MMAP	1523030810556112150
83F5722C-39B4-11E8-BF66-D9AA8AFF4A69	SUBJECT_PROCESS	8A44F292-648B-7854-8B64-00F954785A79	FILE_OBJECT_FILE	EVENT_OPEN	1523030810556112150
83F5722C-39B4-11E8-BF66-D9AA8AFF4A69	SUBJECT_PROCESS	8A44F292-648B-7854-8B64-00F954785A79	FILE_OBJECT_FILE	EVENT_READ	1523030810556112150
83F53B77-39B4-11E8-BF66-D9AA8AFF4A69	SUBJECT_PROCESS	7A1B4973-09E5-AA50-A509-1753C0AA87A1	FILE_OBJECT_FILE	EVENT_MMAP	1523030810556112150
83F53B77-39B4-11E8-BF66-D9AA8AFF4A69	SUBJECT_PROCESS	7A1B4973-09E5-AA50-A509-1753C0AA87A1	FILE_OBJECT_FILE	EVENT_MMAP	1523030810556112150
83F5722C-39B4-11E8-BF66-D9AA8AFF4A69	SUBJECT_PROCESS	8A44F292-648B-7854-8B64-00F954785A79	FILE_OBJECT_FILE	EVENT_READ	1523030810556112150
83F53B77-39B4-11E8-BF66-D9AA8AFF4A69	SUBJECT_PROCESS	7A1B4973-09E5-AA50-A509-1753C0AA87A1	FILE_OBJECT_FILE	EVENT_MMAP	1523030810556112150
83F5722C-39B4-11E8-BF66-D9AA8AFF4A69	SUBJECT_PROCESS	8A44F292-648B-7854-8B64-00F954785A79	FILE_OBJECT_FILE	EVENT_CLOSE	1523030810556112150
83F53B77-39B4-11E8-BF66-D9AA8AFF4A69	SUBJECT_PROCESS	7A1B4973-09E5-AA50-A509-1753C0AA87A1	FILE_OBJECT_FILE	EVENT_MMAP	1523030810556112150
83F5722C-39B4-11E8-BF66-D9AA8AFF4A69	SUBJECT_PROCESS	76A739B1-A13E-FD50-BEA1-B218A0FD0400	FILE_OBJECT_FILE	EVENT_OPEN	1523030810556112150
83F53B77-39B4-11E8-BF66-D9AA8AFF4A69	SUBJECT_PROCESS	7A1B4973-09E5-AA50-A509-1753C0AA87A1	FILE_OBJECT_FILE	EVENT_CLOSE	1523030810556112150
83F5722C-39B4-11E8-BF66-D9AA8AFF4A69	SUBJECT_PROCESS	76A739B1-A13E-FD50-BEA1-B218A0FD0400	FILE_OBJECT_FILE	EVENT_MMAP	1523030810556112150
83F5722C-39B4-11E8-BF66-D9AA8AFF4A69	SUBJECT_PROCESS	76A739B1-A13E-FD50-BEA1-B218A0FD0400	FILE_OBJECT_FILE	EVENT_MMAP	1523030810556112150
83F53B77-39B4-11E8-BF66-D9AA8AFF4A69	SUBJECT_PROCESS	D57B2A07-B373-B75A-B3B3-93790AB76535	FILE_OBJECT_FILE	EVENT_OPEN	1523030810556112150
83F53B77-39B4-11E8-BF66-D9AA8AFF4A69	SUBJECT_PROCESS	D57B2A07-B373-B75A-B3B3-93790AB76535	FILE_OBJECT_FILE	EVENT_MMAP	1523030810566110871
83F5722C-39B4-11E8-BF66-D9AA8AFF4A69	SUBJECT_PROCESS	76A739B1-A13E-FD50-BEA1-B218A0FD0400	FILE_OBJECT_FILE	EVENT_MMAP	1523030810566110871
83F53B77-39B4-11E8-BF66-D9AA8AFF4A69	SUBJECT_PROCESS	D57B2A07-B373-B75A-B3B3-93790AB76535	FILE_OBJECT_FILE	EVENT_MMAP	1523030810566110871
83F5722C-39B4-11E8-BF66-D9AA8AFF4A69	SUBJECT_PROCESS	76A739B1-A13E-FD50-BEA1-B218A0FD0400	FILE_OBJECT_FILE	EVENT_MMAP	1523030810566110871
83F5722C-39B4-11E8-BF66-D9AA8AFF4A69	SUBJECT_PROCESS	76A739B1-A13E-FD50-BEA1-B218A0FD0400	FILE_OBJECT_FILE	EVENT_MMAP	1523030810566110871
83F53B77-39B4-11E8-BF66-D9AA8AFF4A69	SUBJECT_PROCESS	D57B2A07-B373-B75A-B3B3-93790AB76535	FILE_OBJECT_FILE	EVENT_MMAP	1523030810566110871
83F5722C-39B4-11E8-BF66-D9AA8AFF4A69	SUBJECT_PROCESS	76A739B1-A13E-FD50-BEA1-B218A0FD0400	FILE_OBJECT_FILE	EVENT_MMAP	1523030810566110871
83F53B77-39B4-11E8-BF66-D9AA8AFF4A69	SUBJECT_PROCESS	D57B2A07-B373-B75A-B3B3-93790AB76535	FILE_OBJECT_FILE	EVENT_MMAP	1523030810566110871
83F53B77-39B4-11E8-BF66-D9AA8AFF4A69	SUBJECT_PROCESS	D57B2A07-B373-B75A-B3B3-93790AB76535	FILE_OBJECT_FILE	EVENT_MMAP	1523030810566110871
83F5722C-39B4-11E8-BF66-D9AA8AFF4A69	SUBJECT_PROCESS	76A739B1-A13E-FD50-BEA1-B218A0FD0400	FILE_OBJECT_FILE	EVENT_CLOSE	1523030810566110871
83F53B77-39B4-11E8-BF66-D9AA8AFF4A69	SUBJECT_PROCESS	D57B2A07-B373-B75A-B3B3-93790AB76535	FILE_OBJECT_FILE	EVENT_MMAP	1523030810566110871
83F53B77-39B4-11E8-BF66-D9AA8AFF4A69	SUBJECT_PROCESS	D57B2A07-B373-B75A-B3B3-93790AB76535	FILE_OBJECT_FILE	EVENT_CLOSE	1523030810566110871
83F5722C-39B4-11E8-BF66-D9AA8AFF4A69	SUBJECT_PROCESS	F410BE96-4C0C-765E-8C4C-6F0E2E760020	FILE_OBJECT_FILE	EVENT_OPEN	1523030810566110871
83F53B77-39B4-11E8-BF66-D9AA8AFF4A69	SUBJECT_PROCESS	718F288D-A702-1B5D-82A7-80807D1BB326	FILE_OBJECT_FILE	EVENT_OPEN	1523030810566110871
83F5722C-39B4-11E8-BF66-D9AA8AFF4A69	SUBJECT_PROCESS	F410BE96-4C0C-765E-8C4C-6F0E2E760020	FILE_OBJECT_FILE	EVENT_MMAP	1523030810566110871
83F53B77-39B4-11E8-BF66-D9AA8AFF4A69	SUBJECT_PROCESS	718F288D-A702-1B5D-82A7-80807D1BB326	FILE_OBJECT_FILE	EVENT_MMAP	1523030810566110871
83F5722C-39B4-11E8-BF66-D9AA8AFF4A69	SUBJECT_PROCESS	F410BE96-4C0C-765E-8C4C-6F0E2E760020	FILE_OBJECT_FILE	EVENT_MMAP	1523030810566110871
83F53B77-39B4-11E8-BF66-D9AA8AFF4A69	SUBJECT_PROCESS	718F288D-A702-1B5D-82A7-80807D1BB326	FILE_OBJECT_FILE	EVENT_MMAP	1523030810566110871
83F5722C-39B4-11E8-BF66-D9AA8AFF4A69	SUBJECT_PROCESS	F410BE96-4C0C-765E-8C4C-6F0E2E760020	FILE_OBJECT_FILE	EVENT_CLOSE	1523030810566110871
83F53B77-39B4-11E8-BF66-D9AA8AFF4A69	SUBJECT_PROCESS	718F288D-A702-1B5D-82A7-80807D1BB326	FILE_OBJECT_FILE	EVENT_MMAP	1523030810566110871
83F53B77-39B4-11E8-BF66-D9AA8AFF4A69	SUBJECT_PROCESS	718F288D-A702-1B5D-82A7-80807D1BB326	FILE_OBJECT_FILE	EVENT_MMAP	1523030810566110871
83F53B77-39B4-11E8-BF66-D9AA8AFF4A69	SUBJECT_PROCESS	718F288D-A702-1B5D-82A7-80807D1BB326	FILE_OBJECT_FILE	EVENT_MMAP	1523030810566110871
83F53B77-39B4-11E8-BF66-D9AA8AFF4A69	SUBJECT_PROCESS	718F288D-A702-1B5D-82A7-80807D1BB326	FILE_OBJECT_FILE	EVENT_MMAP	1523030810566110871
83F53B77-39B4-11E8-BF66-D9AA8AFF4A69	SUBJECT_PROCESS	718F288D-A702-1B5D-82A7-80807D1BB326	FILE_OBJECT_FILE	EVENT_CLOSE	1523030810566110871
83F53B77-39B4-11E8-BF66-D9AA8AFF4A69	SUBJECT_PROCESS	D3F11983-FFD7-8A58-97FF-D38E388A1453	FILE_OBJECT_FILE	EVENT_OPEN	1523030810566110871
83F53B77-39B4-11E8-BF66-D9AA8AFF4A69	SUBJECT_PROCESS	D3F11983-FFD7-8A58-97FF-D38E388A1453	FILE_OBJECT_FILE	EVENT_MMAP	1523030810566110871
83F53B77-39B4-11E8-BF66-D9AA8AFF4A69	SUBJECT_PROCESS	D3F11983-FFD7-8A58-97FF-D38E388A1453	FILE_OBJECT_FILE	EVENT_MMAP	1523030810566110871
83F53B77-39B4-11E8-BF66-D9AA8AFF4A69	SUBJECT_PROCESS	D3F11983-FFD7-8A58-97FF-D38E388A1453	FILE_OBJECT_FILE	EVENT_MMAP	1523030810566110871
83F53B77-39B4-11E8-BF66-D9AA8AFF4A69	SUBJECT_PROCESS	D3F11983-FFD7-8A58-97FF-D38E388A1453	FILE_OBJECT_FILE	EVENT_MMAP	1523030810566110871
83F53B77-39B4-11E8-BF66-D9AA8AFF4A69	SUBJECT_PROCESS	D3F11983-FFD7-8A58-97FF-D38E388A1453	FILE_OBJECT_FILE	EVENT_MMAP	1523030810566110871
83F53B77-39B4-11E8-BF66-D9AA8AFF4A69	SUBJECT_PROCESS	D3F11983-FFD7-8A58-97FF-D38E388A1453	FILE_OBJECT_FILE	EVENT_MMAP	1523030810566110871
83F53B77-39B4-11E8-BF66-D9AA8AFF4A69	SUBJECT_PROCESS	D3F11983-FFD7-8A58-97FF-D38E388A1453	FILE_OBJECT_FILE	EVENT_CLOSE	1523030810566110871
83F53B77-39B4-11E8-BF66-D9AA8AFF4A69	SUBJECT_PROCESS	76A739B1-A13E-FD50-BEA1-B218A0FD0400	FILE_OBJECT_FILE	EVENT_OPEN	1523030810566110871
83F53B77-39B4-11E8-BF66-D9AA8AFF4A69	SUBJECT_PROCESS	76A739B1-A13E-FD50-BEA1-B218A0FD0400	FILE_OBJECT_FILE	EVENT_MMAP	1523030810566110871
83F53B77-39B4-11E8-BF66-D9AA8AFF4A69	SUBJECT_PROCESS	76A739B1-A13E-FD50-BEA1-B218A0FD0400	FILE_OBJECT_FILE	EVENT_MMAP	1523030810566110871
83F53B77-39B4-11E8-BF66-D9AA8AFF4A69	SUBJECT_PROCESS	76A739B1-A13E-FD50-BEA1-B218A0FD0400	FILE_OBJECT_FILE	EVENT_MMAP	1523030810566110871
83F53B77-39B4-11E8-BF66-D9AA8AFF4A69	SUBJECT_PROCESS	76A739B1-A13E-FD50-BEA1-B218A0FD0400	FILE_OBJECT_FILE	EVENT_MMAP	1523030810566110871
83F53B77-39B4-11E8-BF66-D9AA8AFF4A69	SUBJECT_PROCESS	76A739B1-A13E-FD50-BEA1-B218A0FD0400	FILE_OBJECT_FILE	EVENT_MMAP	1523030810566110871
83F53B77-39B4-11E8-BF66-D9AA8AFF4A69	SUBJECT_PROCESS	76A739B1-A13E-FD50-BEA1-B218A0FD0400	FILE_OBJECT_FILE	EVENT_MMAP	1523030810566110871
83F53B77-39B4-11E8-BF66-D9AA8AFF4A69	SUBJECT_PROCESS	76A739B1-A13E-FD50-BEA1-B218A0FD0400	FILE_OBJECT_FILE	EVENT_CLOSE	1523030810566110871
83F53B77-39B4-11E8-BF66-D9AA8AFF4A69	SUBJECT_PROCESS	F29977F6-07A2-935B-A207-C4871B93FE07	FILE_OBJECT_FILE	EVENT_OPEN	1523030810576111792
83F53B77-39B4-11E8-BF66-D9AA8AFF4A69	SUBJECT_PROCESS	F29977F6-07A2-935B-A207-C4871B93FE07	FILE_OBJECT_FILE	EVENT_MMAP	1523030810576111792
83F53B77-39B4-11E8-BF66-D9AA8AFF4A69	SUBJECT_PROCESS	F29977F6-07A2-935B-A207-C4871B93FE07	FILE_OBJECT_FILE	EVENT_MMAP	1523030810576111792
83F53B77-39B4-11E8-BF66-D9AA8AFF4A69	SUBJECT_PROCESS	F29977F6-07A2-935B-A207-C4871B93FE07	FILE_OBJECT_FILE	EVENT_MMAP	1523030810576111792
83F53B77-39B4-11E8-BF66-D9AA8AFF4A69	SUBJECT_PROCESS	F29977F6-07A2-935B-A207-C4871B93FE07	FILE_OBJECT_FILE	EVENT_MMAP	1523030810576111792
83F53B77-39B4-11E8-BF66-D9AA8AFF4A69	SUBJECT_PROCESS	F29977F6-07A2-935B-A207-C4871B93FE07	FILE_OBJECT_FILE	EVENT_MMAP	1523030810576111792
83F53B77-39B4-11E8-BF66-D9AA8AFF4A69	SUBJECT_PROCESS	F29977F6-07A2-935B-A207-C4871B93FE07	FILE_OBJECT_FILE	EVENT_MMAP	1523030810576111792
83F53B77-39B4-11E8-BF66-D9AA8AFF4A69	SUBJECT_PROCESS	F29977F6-07A2-935B-A207-C4871B93FE07	FILE_OBJECT_FILE	EVENT_CLOSE	1523030810576111792
83F53B77-39B4-11E8-BF66-D9AA8AFF4A69	SUBJECT_PROCESS	F410BE96-4C0C-765E-8C4C-6F0E2E760020	FILE_OBJECT_FILE	EVENT_OPEN	1523030810576111792
83F53B77-39B4-11E8-BF66-D9AA8AFF4A69	SUBJECT_PROCESS	F410BE96-4C0C-765E-8C4C-6F0E2E760020	FILE_OBJECT_FILE	EVENT_MMAP	1523030810576111792
83F53B77-39B4-11E8-BF66-D9AA8AFF4A69	SUBJECT_PROCESS	F410BE96-4C0C-765E-8C4C-6F0E2E760020	FILE_OBJECT_FILE	EVENT_MMAP	1523030810576111792
83F53B77-39B4-11E8-BF66-D9AA8AFF4A69	SUBJECT_PROCESS	F410BE96-4C0C-765E-8C4C-6F0E2E760020	FILE_OBJECT_FILE	EVENT_CLOSE	1523030810576111792
83F53B77-39B4-11E8-BF66-D9AA8AFF4A69	SUBJECT_PROCESS	BCDBE64D-1703-005A-8317-44DD6A00589D	FILE_OBJECT_FILE	EVENT_OPEN	1523030810576111792
83F53B77-39B4-11E8-BF66-D9AA8AFF4A69	SUBJECT_PROCESS	BCDBE64D-1703-005A-8317-44DD6A00589D	FILE_OBJECT_FILE	EVENT_READ	1523030810576111792
83F53B77-39B4-11E8-BF66-D9AA8AFF4A69	SUBJECT_PROCESS	BCDBE64D-1703-005A-8317-44DD6A00589D	FILE_OBJECT_FILE	EVENT_READ	1523030810576111792
83F53B77-39B4-11E8-BF66-D9AA8AFF4A69	SUBJECT_PROCESS	BCDBE64D-1703-005A-8317-44DD6A00589D	FILE_OBJECT_FILE	EVENT_CLOSE	1523030810576111792
83F53B77-39B4-11E8-BF66-D9AA8AFF4A69	SUBJECT_PROCESS	C53609B6-A912-B65B-92A9-B89E0BB6C2E1	FILE_OBJECT_FILE	EVENT_OPEN	1523030810576111792
83F53B77-39B4-11E8-BF66-D9AA8AFF4A69	SUBJECT_PROCESS	C53609B6-A912-B65B-92A9-B89E0BB6C2E1	FILE_OBJECT_FILE	EVENT_READ	1523030810576111792
83F53B77-39B4-11E8-BF66-D9AA8AFF4A69	SUBJECT_PROCESS	C53609B6-A912-B65B-92A9-B89E0BB6C2E1	FILE_OBJECT_FILE	EVENT_READ	1523030810576111792
83F53B77-39B4-11E8-BF66-D9AA8AFF4A69	SUBJECT_PROCESS	C53609B6-A912-B65B-92A9-B89E0BB6C2E1	FILE_OBJECT_FILE	EVENT_READ	1523030810576111792
83F53B77-39B4-11E8-BF66-D9AA8AFF4A69	SUBJECT_PROCESS	C53609B6-A912-B65B-92A9-B89E0BB6C2E1	FILE_OBJECT_FILE	EVENT_READ	1523030810586115112
83F53B77-39B4-11E8-BF66-D9AA8AFF4A69	SUBJECT_PROCESS	C53609B6-A912-B65B-92A9-B89E0BB6C2E1	FILE_OBJECT_FILE	EVENT_READ	1523030810586115112
83F53B77-39B4-11E8-BF66-D9AA8AFF4A69	SUBJECT_PROCESS	C53609B6-A912-B65B-92A9-B89E0BB6C2E1	FILE_OBJECT_FILE	EVENT_READ	1523030810586115112
83F53B77-39B4-11E8-BF66-D9AA8AFF4A69	SUBJECT_PROCESS	C53609B6-A912-B65B-92A9-B89E0BB6C2E1	FILE_OBJECT_FILE	EVENT_READ	1523030810586115112
83F53B77-39B4-11E8-BF66-D9AA8AFF4A69	SUBJECT_PROCESS	C53609B6-A912-B65B-92A9-B89E0BB6C2E1	FILE_OBJECT_FILE	EVENT_READ	1523030810586115112
83F53B77-39B4-11E8-BF66-D9AA8AFF4A69	SUBJECT_PROCESS	C53609B6-A912-B65B-92A9-B89E0BB6C2E1	FILE_OBJECT_FILE	EVENT_READ	1523030810586115112
83F53B77-39B4-11E8-BF66-D9AA8AFF4A69	SUBJECT_PROCESS	1633500B-D34B-8058-8BD3-ABB7D880915E	FILE_OBJECT_FILE	EVENT_OPEN	1523030810586115112
83F53B77-39B4-11E8-BF66-D9AA8AFF4A69	SUBJECT_PROCESS	1633500B-D34B-8058-8BD3-ABB7D880915E	FILE_OBJECT_FILE	EVENT_OPEN	1523030810586115112
83F53B77-39B4-11E8-BF66-D9AA8AFF4A69	SUBJECT_PROCESS	D5D2F4F4-4EC5-6456-854E-5E2A46640650	FILE_OBJECT_FILE	EVENT_OPEN	1523030810586115112
83F53B77-39B4-11E8-BF66-D9AA8AFF4A69	SUBJECT_PROCESS	D5D2F4F4-4EC5-6456-854E-5E2A46640650	FILE_OBJECT_FILE	EVENT_READ	1523030810586115112
83F53B77-39B4-11E8-BF66-D9AA8AFF4A69	SUBJECT_PROCESS	D5D2F4F4-4EC5-6456-854E-5E2A46640650	FILE_OBJECT_FILE	EVENT_READ	1523030810586115112
83F53B77-39B4-11E8-BF66-D9AA8AFF4A69	SUBJECT_PROCESS	D5D2F4F4-4EC5-6456-854E-5E2A46640650	FILE_OBJECT_FILE	EVENT_READ	1523030810586115112
83F53B77-39B4-11E8-BF66-D9AA8AFF4A69	SUBJECT_PROCESS	D5D2F4F4-4EC5-6456-854E-5E2A46640650	FILE_OBJECT_FILE	EVENT_CLOSE	1523030810586115112
83F53B77-39B4-11E8-BF66-D9AA8AFF4A69	SUBJECT_PROCESS	AE441C70-DEC0-BD5F-80DE-3DE4DFBDF253	FILE_OBJECT_FILE	EVENT_OPEN	1523030810586115112
83F53B77-39B4-11E8-BF66-D9AA8AFF4A69	SUBJECT_PROCESS	AE441C70-DEC0-BD5F-80DE-3DE4DFBDF253	FILE_OBJECT_FILE	EVENT_READ	1523030810586115112
83F53B77-39B4-11E8-BF66-D9AA8AFF4A69	SUBJECT_PROCESS	AE441C70-DEC0-BD5F-80DE-3DE4DFBDF253	FILE_OBJECT_FILE	EVENT_CLOSE	1523030810586115112
83F53B77-39B4-11E8-BF66-D9AA8AFF4A69	SUBJECT_PROCESS	104A8C35-2200-3156-8022-4129E631EA52	FILE_OBJECT_FILE	EVENT_OPEN	1523030810586115112
83F53B77-39B4-11E8-BF66-D9AA8AFF4A69	SUBJECT_PROCESS	104A8C35-2200-3156-8022-4129E631EA52	FILE_OBJECT_FILE	EVENT_READ	1523030810586115112
83F53B77-39B4-11E8-BF66-D9AA8AFF4A69	SUBJECT_PROCESS	104A8C35-2200-3156-8022-4129E631EA52	FILE_OBJECT_FILE	EVENT_CLOSE	1523030810586115112
83F53B77-39B4-11E8-BF66-D9AA8AFF4A69	SUBJECT_PROCESS	C53609B6-A912-B65B-92A9-B89E0BB6C2E1	FILE_OBJECT_FILE	EVENT_CLOSE	1523030810586115112
83F53B77-39B4-11E8-BF66-D9AA8AFF4A69	SUBJECT_PROCESS	C53609B6-A912-B65B-92A9-B89E0BB6C2E1	FILE_OBJECT_FILE	EVENT_OPEN	1523030810586115112
83F53B77-39B4-11E8-BF66-D9AA8AFF4A69	SUBJECT_PROCESS	C53609B6-A912-B65B-92A9-B89E0BB6C2E1	FILE_OBJECT_FILE	EVENT_READ	1523030810586115112
83F53B77-39B4-11E8-BF66-D9AA8AFF4A69	SUBJECT_PROCESS	C53609B6-A912-B65B-92A9-B89E0BB6C2E1	FILE_OBJECT_FILE	EVENT_READ	1523030810586115112
83F53B77-39B4-11E8-BF66-D9AA8AFF4A69	SUBJECT_PROCESS	C53609B6-A912-B65B-92A9-B89E0BB6C2E1	FILE_OBJECT_FILE	EVENT_READ	1523030810586115112
83F53B77-39B4-11E8-BF66-D9AA8AFF4A69	SUBJECT_PROCESS	C53609B6-A912-B65B-92A9-B89E0BB6C2E1	FILE_OBJECT_FILE	EVENT_READ	1523030810596113813
83F53B77-39B4-11E8-BF66-D9AA8AFF4A69	SUBJECT_PROCESS	C53609B6-A912-B65B-92A9-B89E0BB6C2E1	FILE_OBJECT_FILE	EVENT_READ	1523030810596113813
83F53B77-39B4-11E8-BF66-D9AA8AFF4A69	SUBJECT_PROCESS	C53609B6-A912-B65B-92A9-B89E0BB6C2E1	FILE_OBJECT_FILE	EVENT_READ	1523030810596113813
83F53B77-39B4-11E8-BF66-D9AA8AFF4A69	SUBJECT_PROCESS	C53609B6-A912-B65B-92A9-B89E0BB6C2E1	FILE_OBJECT_FILE	EVENT_READ	1523030810596113813
83F53B77-39B4-11E8-BF66-D9AA8AFF4A69	SUBJECT_PROCESS	C53609B6-A912-B65B-92A9-B89E0BB6C2E1	FILE_OBJECT_FILE	EVENT_READ	1523030810596113813
83F53B77-39B4-11E8-BF66-D9AA8AFF4A69	SUBJECT_PROCESS	C53609B6-A912-B65B-92A9-B89E0BB6C2E1	FILE_OBJECT_FILE	EVENT_READ	1523030810596113813
83F53B77-39B4-11E8-BF66-D9AA8AFF4A69	SUBJECT_PROCESS	C53609B6-A912-B65B-92A9-B89E0BB6C2E1	FILE_OBJECT_FILE	EVENT_CLOSE	1523030810596113813
83F53B77-39B4-11E8-BF66-D9AA8AFF4A69	SUBJECT_PROCESS	C53609B6-A912-B65B-92A9-B89E0BB6C2E1	FILE_OBJECT_FILE	EVENT_OPEN	1523030810596113813
83F53B77-39B4-11E8-BF66-D9AA8AFF4A69	SUBJECT_PROCESS	C53609B6-A912-B65B-92A9-B89E0BB6C2E1	FILE_OBJECT_FILE	EVENT_READ	1523030810596113813
83F53B77-39B4-11E8-BF66-D9AA8AFF4A69	SUBJECT_PROCESS	C53609B6-A912-B65B-92A9-B89E0BB6C2E1	FILE_OBJECT_FILE	EVENT_READ	1523030810596113813
83F53B77-39B4-11E8-BF66-D9AA8AFF4A69	SUBJECT_PROCESS	C53609B6-A912-B65B-92A9-B89E0BB6C2E1	FILE_OBJECT_FILE	EVENT_READ	1523030810596113813
83F53B77-39B4-11E8-BF66-D9AA8AFF4A69	SUBJECT_PROCESS	C53609B6-A912-B65B-92A9-B89E0BB6C2E1	FILE_OBJECT_FILE	EVENT_READ	1523030810596113813
83F53B77-39B4-11E8-BF66-D9AA8AFF4A69	SUBJECT_PROCESS	C53609B6-A912-B65B-92A9-B89E0BB6C2E1	FILE_OBJECT_FILE	EVENT_READ	1523030810596113813
83F53B77-39B4-11E8-BF66-D9AA8AFF4A69	SUBJECT_PROCESS	C53609B6-A912-B65B-92A9-B89E0BB6C2E1	FILE_OBJECT_FILE	EVENT_READ	1523030810596113813
83F53B77-39B4-11E8-BF66-D9AA8AFF4A69	SUBJECT_PROCESS	C53609B6-A912-B65B-92A9-B89E0BB6C2E1	FILE_OBJECT_FILE	EVENT_READ	1523030810596113813
83F53B77-39B4-11E8-BF66-D9AA8AFF4A69	SUBJECT_PROCESS	C53609B6-A912-B65B-92A9-B89E0BB6C2E1	FILE_OBJECT_FILE	EVENT_READ	1523030810596113813
83F53B77-39B4-11E8-BF66-D9AA8AFF4A69	SUBJECT_PROCESS	C53609B6-A912-B65B-92A9-B89E0BB6C2E1	FILE_OBJECT_FILE	EVENT_READ	1523030810596113813
83F53B77-39B4-11E8-BF66-D9AA8AFF4A69	SUBJECT_PROCESS	C53609B6-A912-B65B-92A9-B89E0BB6C2E1	FILE_OBJECT_FILE	EVENT_CLOSE	1523030810596113813
83F53B77-39B4-11E8-BF66-D9AA8AFF4A69	SUBJECT_PROCESS	C53609B6-A912-B65B-92A9-B89E0BB6C2E1	FILE_OBJECT_FILE	EVENT_OPEN	1523030810596113813
83F53B77-39B4-11E8-BF66-D9AA8AFF4A69	SUBJECT_PROCESS	C53609B6-A912-B65B-92A9-B89E0BB6C2E1	FILE_OBJECT_FILE	EVENT_READ	1523030810596113813
83F53B77-39B4-11E8-BF66-D9AA8AFF4A69	SUBJECT_PROCESS	C53609B6-A912-B65B-92A9-B89E0BB6C2E1	FILE_OBJECT_FILE	EVENT_READ	1523030810596113813
83F53B77-39B4-11E8-BF66-D9AA8AFF4A69	SUBJECT_PROCESS	C53609B6-A912-B65B-92A9-B89E0BB6C2E1	FILE_OBJECT_FILE	EVENT_READ	1523030810596113813
83F53B77-39B4-11E8-BF66-D9AA8AFF4A69	SUBJECT_PROCESS	C53609B6-A912-B65B-92A9-B89E0BB6C2E1	FILE_OBJECT_FILE	EVENT_READ	1523030810596113813
83F53B77-39B4-11E8-BF66-D9AA8AFF4A69	SUBJECT_PROCESS	C53609B6-A912-B65B-92A9-B89E0BB6C2E1	FILE_OBJECT_FILE	EVENT_READ	1523030810596113813
83F53B77-39B4-11E8-BF66-D9AA8AFF4A69	SUBJECT_PROCESS	C53609B6-A912-B65B-92A9-B89E0BB6C2E1	FILE_OBJECT_FILE	EVENT_READ	1523030810596113813
83F53B77-39B4-11E8-BF66-D9AA8AFF4A69	SUBJECT_PROCESS	C53609B6-A912-B65B-92A9-B89E0BB6C2E1	FILE_OBJECT_FILE	EVENT_READ	1523030810596113813
83F53B77-39B4-11E8-BF66-D9AA8AFF4A69	SUBJECT_PROCESS	C53609B6-A912-B65B-92A9-B89E0BB6C2E1	FILE_OBJECT_FILE	EVENT_READ	1523030810596113813
83F53B77-39B4-11E8-BF66-D9AA8AFF4A69	SUBJECT_PROCESS	C53609B6-A912-B65B-92A9-B89E0BB6C2E1	FILE_OBJECT_FILE	EVENT_READ	1523030810596113813
83F53B77-39B4-11E8-BF66-D9AA8AFF4A69	SUBJECT_PROCESS	C53609B6-A912-B65B-92A9-B89E0BB6C2E1	FILE_OBJECT_FILE	EVENT_CLOSE	1523030810596113813
83F53B77-39B4-11E8-BF66-D9AA8AFF4A69	SUBJECT_PROCESS	C53609B6-A912-B65B-92A9-B89E0BB6C2E1	FILE_OBJECT_FILE	EVENT_OPEN	1523030810596113813
83F53B77-39B4-11E8-BF66-D9AA8AFF4A69	SUBJECT_PROCESS	C53609B6-A912-B65B-92A9-B89E0BB6C2E1	FILE_OBJECT_FILE	EVENT_READ	1523030810596113813
83F53B77-39B4-11E8-BF66-D9AA8AFF4A69	SUBJECT_PROCESS	C53609B6-A912-B65B-92A9-B89E0BB6C2E1	FILE_OBJECT_FILE	EVENT_READ	1523030810606110354
83F53B77-39B4-11E8-BF66-D9AA8AFF4A69	SUBJECT_PROCESS	C53609B6-A912-B65B-92A9-B89E0BB6C2E1	FILE_OBJECT_FILE	EVENT_READ	1523030810606110354
83F53B77-39B4-11E8-BF66-D9AA8AFF4A69	SUBJECT_PROCESS	C53609B6-A912-B65B-92A9-B89E0BB6C2E1	FILE_OBJECT_FILE	EVENT_READ	1523030810606110354
83F53B77-39B4-11E8-BF66-D9AA8AFF4A69	SUBJECT_PROCESS	C53609B6-A912-B65B-92A9-B89E0BB6C2E1	FILE_OBJECT_FILE	EVENT_READ	1523030810606110354
83F53B77-39B4-11E8-BF66-D9AA8AFF4A69	SUBJECT_PROCESS	C53609B6-A912-B65B-92A9-B89E0BB6C2E1	FILE_OBJECT_FILE	EVENT_READ	1523030810606110354
83F53B77-39B4-11E8-BF66-D9AA8AFF4A69	SUBJECT_PROCESS	C53609B6-A912-B65B-92A9-B89E0BB6C2E1	FILE_OBJECT_FILE	EVENT_READ	1523030810606110354
83F53B77-39B4-11E8-BF66-D9AA8AFF4A69	SUBJECT_PROCESS	C53609B6-A912-B65B-92A9-B89E0BB6C2E1	FILE_OBJECT_FILE	EVENT_READ	1523030810606110354
83F53B77-39B4-11E8-BF66-D9AA8AFF4A69	SUBJECT_PROCESS	C53609B6-A912-B65B-92A9-B89E0BB6C2E1	FILE_OBJECT_FILE	EVENT_READ	1523030810606110354
83F53B77-39B4-11E8-BF66-D9AA8AFF4A69	SUBJECT_PROCESS	C53609B6-A912-B65B-92A9-B89E0BB6C2E1	FILE_OBJECT_FILE	EVENT_CLOSE	1523030810606110354
83F53B77-39B4-11E8-BF66-D9AA8AFF4A69	SUBJECT_PROCESS	C53609B6-A912-B65B-92A9-B89E0BB6C2E1	FILE_OBJECT_FILE	EVENT_OPEN	1523030810606110354
83F53B77-39B4-11E8-BF66-D9AA8AFF4A69	SUBJECT_PROCESS	C53609B6-A912-B65B-92A9-B89E0BB6C2E1	FILE_OBJECT_FILE	EVENT_READ	1523030810606110354
83F53B77-39B4-11E8-BF66-D9AA8AFF4A69	SUBJECT_PROCESS	C53609B6-A912-B65B-92A9-B89E0BB6C2E1	FILE_OBJECT_FILE	EVENT_READ	1523030810606110354
83F53B77-39B4-11E8-BF66-D9AA8AFF4A69	SUBJECT_PROCESS	C53609B6-A912-B65B-92A9-B89E0BB6C2E1	FILE_OBJECT_FILE	EVENT_READ	1523030810606110354
83F53B77-39B4-11E8-BF66-D9AA8AFF4A69	SUBJECT_PROCESS	C53609B6-A912-B65B-92A9-B89E0BB6C2E1	FILE_OBJECT_FILE	EVENT_READ	1523030810606110354
83F53B77-39B4-11E8-BF66-D9AA8AFF4A69	SUBJECT_PROCESS	C53609B6-A912-B65B-92A9-B89E0BB6C2E1	FILE_OBJECT_FILE	EVENT_READ	1523030810606110354
83F53B77-39B4-11E8-BF66-D9AA8AFF4A69	SUBJECT_PROCESS	C53609B6-A912-B65B-92A9-B89E0BB6C2E1	FILE_OBJECT_FILE	EVENT_READ	1523030810606110354
83F53B77-39B4-11E8-BF66-D9AA8AFF4A69	SUBJECT_PROCESS	C53609B6-A912-B65B-92A9-B89E0BB6C2E1	FILE_OBJECT_FILE	EVENT_READ	1523030810606110354
83F53B77-39B4-11E8-BF66-D9AA8AFF4A69	SUBJECT_PROCESS	C53609B6-A912-B65B-92A9-B89E0BB6C2E1	FILE_OBJECT_FILE	EVENT_READ	1523030810606110354
83F53B77-39B4-11E8-BF66-D9AA8AFF4A69	SUBJECT_PROCESS	C53609B6-A912-B65B-92A9-B89E0BB6C2E1	FILE_OBJECT_FILE	EVENT_READ	1523030810606110354
83F53B77-39B4-11E8-BF66-D9AA8AFF4A69	SUBJECT_PROCESS	C53609B6-A912-B65B-92A9-B89E0BB6C2E1	FILE_OBJECT_FILE	EVENT_CLOSE	1523030810606110354
83F53B77-39B4-11E8-BF66-D9AA8AFF4A69	SUBJECT_PROCESS	1AD2870F-2DE0-5F47-AB84-CA584D1FD00E	UnnamedPipeObject	EVENT_WRITE	1523030810606110354
83F5722C-39B4-11E8-BF66-D9AA8AFF4A69	SUBJECT_PROCESS	1AD2870F-2DE0-5F47-AB84-CA584D1FD00E	UnnamedPipeObject	EVENT_READ	1523030810606110354
83F53B77-39B4-11E8-BF66-D9AA8AFF4A69	SUBJECT_PROCESS	83F53B77-39B4-11E8-BF66-D9AA8AFF4A69	SUBJECT_PROCESS	EVENT_EXIT	1523030810606110354
83F5722C-39B4-11E8-BF66-D9AA8AFF4A69	SUBJECT_PROCESS	FADB56EB-6919-8A51-9969-955CD18AFFC9	FILE_OBJECT_FILE	EVENT_WRITE	1523030810606110354
83F5722C-39B4-11E8-BF66-D9AA8AFF4A69	SUBJECT_PROCESS	83F5722C-39B4-11E8-BF66-D9AA8AFF4A69	SUBJECT_PROCESS	EVENT_EXIT	1523030810606110354
D59C58B7-373D-11E8-BF66-D9AA8AFF4A69	SUBJECT_PROCESS	83FDCE47-39B4-11E8-BF66-D9AA8AFF4A69	SUBJECT_PROCESS	EVENT_FORK	1523030810606110354
83FDCE47-39B4-11E8-BF66-D9AA8AFF4A69	SUBJECT_PROCESS	CC349957-3DA4-8E5E-A43D-C7740E8ECAA9	FILE_OBJECT_FILE	EVENT_CLOSE	1523030810606110354
83FDCE47-39B4-11E8-BF66-D9AA8AFF4A69	SUBJECT_PROCESS	6C836AA2-BB54-3A58-94BB-1E5D583A637E	FILE_OBJECT_FILE	EVENT_EXECUTE	1523030810606110354
83FDCE47-39B4-11E8-BF66-D9AA8AFF4A69	SUBJECT_PROCESS	7A350F75-9945-425D-8599-15CEBD426F06	FILE_OBJECT_FILE	EVENT_EXECUTE	1523030810606110354
83FDCE47-39B4-11E8-BF66-D9AA8AFF4A69	SUBJECT_PROCESS	51110606-D232-9652-B2D2-3A7242968F8A	FILE_OBJECT_FILE	EVENT_OPEN	1523030810606110354
83FDCE47-39B4-11E8-BF66-D9AA8AFF4A69	SUBJECT_PROCESS	51110606-D232-9652-B2D2-3A7242968F8A	FILE_OBJECT_FILE	EVENT_READ	1523030810616113755
83FDCE47-39B4-11E8-BF66-D9AA8AFF4A69	SUBJECT_PROCESS	51110606-D232-9652-B2D2-3A7242968F8A	FILE_OBJECT_FILE	EVENT_CLOSE	1523030810616113755
83FDCE47-39B4-11E8-BF66-D9AA8AFF4A69	SUBJECT_PROCESS	8A44F292-648B-7854-8B64-00F954785A79	FILE_OBJECT_FILE	EVENT_OPEN	1523030810616113755
83FDCE47-39B4-11E8-BF66-D9AA8AFF4A69	SUBJECT_PROCESS	8A44F292-648B-7854-8B64-00F954785A79	FILE_OBJECT_FILE	EVENT_READ	1523030810616113755
83FDCE47-39B4-11E8-BF66-D9AA8AFF4A69	SUBJECT_PROCESS	8A44F292-648B-7854-8B64-00F954785A79	FILE_OBJECT_FILE	EVENT_READ	1523030810616113755
83FDCE47-39B4-11E8-BF66-D9AA8AFF4A69	SUBJECT_PROCESS	8A44F292-648B-7854-8B64-00F954785A79	FILE_OBJECT_FILE	EVENT_CLOSE	1523030810616113755
83FDCE47-39B4-11E8-BF66-D9AA8AFF4A69	SUBJECT_PROCESS	76A739B1-A13E-FD50-BEA1-B218A0FD0400	FILE_OBJECT_FILE	EVENT_OPEN	1523030810616113755
83FDCE47-39B4-11E8-BF66-D9AA8AFF4A69	SUBJECT_PROCESS	76A739B1-A13E-FD50-BEA1-B218A0FD0400	FILE_OBJECT_FILE	EVENT_MMAP	1523030810616113755
83FDCE47-39B4-11E8-BF66-D9AA8AFF4A69	SUBJECT_PROCESS	76A739B1-A13E-FD50-BEA1-B218A0FD0400	FILE_OBJECT_FILE	EVENT_MMAP	1523030810616113755
83FDCE47-39B4-11E8-BF66-D9AA8AFF4A69	SUBJECT_PROCESS	76A739B1-A13E-FD50-BEA1-B218A0FD0400	FILE_OBJECT_FILE	EVENT_MMAP	1523030810616113755
83FDCE47-39B4-11E8-BF66-D9AA8AFF4A69	SUBJECT_PROCESS	76A739B1-A13E-FD50-BEA1-B218A0FD0400	FILE_OBJECT_FILE	EVENT_MMAP	1523030810616113755
83FDCE47-39B4-11E8-BF66-D9AA8AFF4A69	SUBJECT_PROCESS	76A739B1-A13E-FD50-BEA1-B218A0FD0400	FILE_OBJECT_FILE	EVENT_MMAP	1523030810616113755
83FDCE47-39B4-11E8-BF66-D9AA8AFF4A69	SUBJECT_PROCESS	76A739B1-A13E-FD50-BEA1-B218A0FD0400	FILE_OBJECT_FILE	EVENT_MMAP	1523030810616113755
83FDCE47-39B4-11E8-BF66-D9AA8AFF4A69	SUBJECT_PROCESS	76A739B1-A13E-FD50-BEA1-B218A0FD0400	FILE_OBJECT_FILE	EVENT_CLOSE	1523030810616113755
83FDCE47-39B4-11E8-BF66-D9AA8AFF4A69	SUBJECT_PROCESS	F410BE96-4C0C-765E-8C4C-6F0E2E760020	FILE_OBJECT_FILE	EVENT_OPEN	1523030810616113755
83FDCE47-39B4-11E8-BF66-D9AA8AFF4A69	SUBJECT_PROCESS	F410BE96-4C0C-765E-8C4C-6F0E2E760020	FILE_OBJECT_FILE	EVENT_MMAP	1523030810616113755
83FDCE47-39B4-11E8-BF66-D9AA8AFF4A69	SUBJECT_PROCESS	F410BE96-4C0C-765E-8C4C-6F0E2E760020	FILE_OBJECT_FILE	EVENT_MMAP	1523030810616113755
83FDCE47-39B4-11E8-BF66-D9AA8AFF4A69	SUBJECT_PROCESS	F410BE96-4C0C-765E-8C4C-6F0E2E760020	FILE_OBJECT_FILE	EVENT_CLOSE	1523030810616113755
72FB0406-3678-11E8-BF66-D9AA8AFF4A69	SUBJECT_PROCESS	8382C0D9-39B4-11E8-BF66-D9AA8AFF4A69	FILE_OBJECT_UNIX_SOCKET	EVENT_CLOSE	1523030810806122640
72FB0406-3678-11E8-BF66-D9AA8AFF4A69	SUBJECT_PROCESS	8382C143-39B4-11E8-BF66-D9AA8AFF4A69	FILE_OBJECT_UNIX_SOCKET	EVENT_CLOSE	1523030810806122640
72FB0406-3678-11E8-BF66-D9AA8AFF4A69	SUBJECT_PROCESS	841B395D-39B4-11E8-BF66-D9AA8AFF4A69	FILE_OBJECT_UNIX_SOCKET	EVENT_CREATE_OBJECT	1523030810806122640
72FB0406-3678-11E8-BF66-D9AA8AFF4A69	SUBJECT_PROCESS	841B39C4-39B4-11E8-BF66-D9AA8AFF4A69	FILE_OBJECT_UNIX_SOCKET	EVENT_CREATE_OBJECT	1523030810806122640
1E51718B-39B3-11E8-BF66-D9AA8AFF4A69	SUBJECT_PROCESS	1E5157A9-39B3-11E8-BF66-D9AA8AFF4A69	NetFlowObject	EVENT_WRITE	1523030810936109580
1E51718B-39B3-11E8-BF66-D9AA8AFF4A69	SUBJECT_PROCESS	1E5157A9-39B3-11E8-BF66-D9AA8AFF4A69	NetFlowObject	EVENT_READ	1523030810936109580
1E51718B-39B3-11E8-BF66-D9AA8AFF4A69	SUBJECT_PROCESS	1E5157A9-39B3-11E8-BF66-D9AA8AFF4A69	NetFlowObject	EVENT_WRITE	1523030810936109580
1E51718B-39B3-11E8-BF66-D9AA8AFF4A69	SUBJECT_PROCESS	1E5157A9-39B3-11E8-BF66-D9AA8AFF4A69	NetFlowObject	EVENT_READ	1523030810936109580
1E51718B-39B3-11E8-BF66-D9AA8AFF4A69	SUBJECT_PROCESS	35951E9C-54B9-D65B-B954-D0861BD6B329	FILE_OBJECT_FILE	EVENT_CLOSE	1523030810936109580
1E51718B-39B3-11E8-BF66-D9AA8AFF4A69	SUBJECT_PROCESS	1E51718B-39B3-11E8-BF66-D9AA8AFF4A69	SUBJECT_PROCESS	EVENT_MODIFY_PROCESS	1523030810936109580
1E51718B-39B3-11E8-BF66-D9AA8AFF4A69	SUBJECT_PROCESS	7FB8DB44-83F8-2A52-B883-E3E6D22A5943	FILE_OBJECT_FILE	EVENT_OPEN	1523030810946119651
1E51718B-39B3-11E8-BF66-D9AA8AFF4A69	SUBJECT_PROCESS	7FB8DB44-83F8-2A52-B883-E3E6D22A5943	FILE_OBJECT_FILE	EVENT_CLOSE	1523030810946119651
1E51718B-39B3-11E8-BF66-D9AA8AFF4A69	SUBJECT_PROCESS	7FB8DB44-83F8-2A52-B883-E3E6D22A5943	FILE_OBJECT_FILE	EVENT_LINK	1523030810946119651
1E51718B-39B3-11E8-BF66-D9AA8AFF4A69	SUBJECT_PROCESS	7FB8DB44-83F8-2A52-B883-E3E6D22A5943	FILE_OBJECT_FILE	EVENT_UNLINK	1523030810946119651
1E51718B-39B3-11E8-BF66-D9AA8AFF4A69	SUBJECT_PROCESS	1E51718B-39B3-11E8-BF66-D9AA8AFF4A69	SUBJECT_PROCESS	EVENT_MODIFY_PROCESS	1523030810946119651
1E51718B-39B3-11E8-BF66-D9AA8AFF4A69	SUBJECT_PROCESS	7FB8DB44-83F8-2A52-B883-E3E6D22A5943	FILE_OBJECT_FILE	EVENT_MODIFY_FILE_ATTRIBUTES	1523030810946119651
1E51718B-39B3-11E8-BF66-D9AA8AFF4A69	SUBJECT_PROCESS	35951E9C-54B9-D65B-B954-D0861BD6B329	FILE_OBJECT_FILE	EVENT_OPEN	1523030810946119651
1E51718B-39B3-11E8-BF66-D9AA8AFF4A69	SUBJECT_PROCESS	35951E9C-54B9-D65B-B954-D0861BD6B329	FILE_OBJECT_FILE	EVENT_MODIFY_FILE_ATTRIBUTES	1523030810946119651
1E51718B-39B3-11E8-BF66-D9AA8AFF4A69	SUBJECT_PROCESS	7FB8DB44-83F8-2A52-B883-E3E6D22A5943	FILE_OBJECT_FILE	EVENT_UNLINK	1523030810946119651
1E51718B-39B3-11E8-BF66-D9AA8AFF4A69	SUBJECT_PROCESS	1E5157A9-39B3-11E8-BF66-D9AA8AFF4A69	NetFlowObject	EVENT_WRITE	1523030810946119651
1E51718B-39B3-11E8-BF66-D9AA8AFF4A69	SUBJECT_PROCESS	1E5157A9-39B3-11E8-BF66-D9AA8AFF4A69	NetFlowObject	EVENT_READ	1523030810946119651
1E51718B-39B3-11E8-BF66-D9AA8AFF4A69	SUBJECT_PROCESS	1E5157A9-39B3-11E8-BF66-D9AA8AFF4A69	NetFlowObject	EVENT_WRITE	1523030810946119651
1E51718B-39B3-11E8-BF66-D9AA8AFF4A69	SUBJECT_PROCESS	1E5157A9-39B3-11E8-BF66-D9AA8AFF4A69	NetFlowObject	EVENT_READ	1523030810946119651
1E51718B-39B3-11E8-BF66-D9AA8AFF4A69	SUBJECT_PROCESS	1E5157A9-39B3-11E8-BF66-D9AA8AFF4A69	NetFlowObject	EVENT_WRITE	1523030810946119651
83FDCE47-39B4-11E8-BF66-D9AA8AFF4A69	SUBJECT_PROCESS	83FDCE47-39B4-11E8-BF66-D9AA8AFF4A69	SUBJECT_PROCESS	EVENT_EXIT	1523030811656109067
D59C58B7-373D-11E8-BF66-D9AA8AFF4A69	SUBJECT_PROCESS	849D0042-39B4-11E8-BF66-D9AA8AFF4A69	SUBJECT_PROCESS	EVENT_FORK	1523030811656109067
849D0042-39B4-11E8-BF66-D9AA8AFF4A69	SUBJECT_PROCESS	CC349957-3DA4-8E5E-A43D-C7740E8ECAA9	FILE_OBJECT_FILE	EVENT_CLOSE	1523030811656109067
849D0042-39B4-11E8-BF66-D9AA8AFF4A69	SUBJECT_PROCESS	0A5174D8-80FB-4258-BB80-C79A98427D6A	FILE_OBJECT_FILE	EVENT_EXECUTE	1523030811656109067
849D0042-39B4-11E8-BF66-D9AA8AFF4A69	SUBJECT_PROCESS	7A350F75-9945-425D-8599-15CEBD426F06	FILE_OBJECT_FILE	EVENT_EXECUTE	1523030811656109067
849D0042-39B4-11E8-BF66-D9AA8AFF4A69	SUBJECT_PROCESS	51110606-D232-9652-B2D2-3A7242968F8A	FILE_OBJECT_FILE	EVENT_OPEN	1523030811656109067
849D0042-39B4-11E8-BF66-D9AA8AFF4A69	SUBJECT_PROCESS	51110606-D232-9652-B2D2-3A7242968F8A	FILE_OBJECT_FILE	EVENT_READ	1523030811656109067
849D0042-39B4-11E8-BF66-D9AA8AFF4A69	SUBJECT_PROCESS	51110606-D232-9652-B2D2-3A7242968F8A	FILE_OBJECT_FILE	EVENT_CLOSE	1523030811656109067
849D0042-39B4-11E8-BF66-D9AA8AFF4A69	SUBJECT_PROCESS	8A44F292-648B-7854-8B64-00F954785A79	FILE_OBJECT_FILE	EVENT_OPEN	1523030811656109067
849D0042-39B4-11E8-BF66-D9AA8AFF4A69	SUBJECT_PROCESS	8A44F292-648B-7854-8B64-00F954785A79	FILE_OBJECT_FILE	EVENT_READ	1523030811656109067
849D0042-39B4-11E8-BF66-D9AA8AFF4A69	SUBJECT_PROCESS	8A44F292-648B-7854-8B64-00F954785A79	FILE_OBJECT_FILE	EVENT_READ	1523030811656109067
849D0042-39B4-11E8-BF66-D9AA8AFF4A69	SUBJECT_PROCESS	8A44F292-648B-7854-8B64-00F954785A79	FILE_OBJECT_FILE	EVENT_CLOSE	1523030811656109067
849D0042-39B4-11E8-BF66-D9AA8AFF4A69	SUBJECT_PROCESS	76A739B1-A13E-FD50-BEA1-B218A0FD0400	FILE_OBJECT_FILE	EVENT_OPEN	1523030811656109067
849D0042-39B4-11E8-BF66-D9AA8AFF4A69	SUBJECT_PROCESS	76A739B1-A13E-FD50-BEA1-B218A0FD0400	FILE_OBJECT_FILE	EVENT_MMAP	1523030811656109067
849D0042-39B4-11E8-BF66-D9AA8AFF4A69	SUBJECT_PROCESS	76A739B1-A13E-FD50-BEA1-B218A0FD0400	FILE_OBJECT_FILE	EVENT_MMAP	1523030811656109067
849D0042-39B4-11E8-BF66-D9AA8AFF4A69	SUBJECT_PROCESS	76A739B1-A13E-FD50-BEA1-B218A0FD0400	FILE_OBJECT_FILE	EVENT_MMAP	1523030811656109067
849D0042-39B4-11E8-BF66-D9AA8AFF4A69	SUBJECT_PROCESS	76A739B1-A13E-FD50-BEA1-B218A0FD0400	FILE_OBJECT_FILE	EVENT_MMAP	1523030811656109067
849D0042-39B4-11E8-BF66-D9AA8AFF4A69	SUBJECT_PROCESS	76A739B1-A13E-FD50-BEA1-B218A0FD0400	FILE_OBJECT_FILE	EVENT_MMAP	1523030811656109067
849D0042-39B4-11E8-BF66-D9AA8AFF4A69	SUBJECT_PROCESS	76A739B1-A13E-FD50-BEA1-B218A0FD0400	FILE_OBJECT_FILE	EVENT_MMAP	1523030811656109067
849D0042-39B4-11E8-BF66-D9AA8AFF4A69	SUBJECT_PROCESS	76A739B1-A13E-FD50-BEA1-B218A0FD0400	FILE_OBJECT_FILE	EVENT_CLOSE	1523030811656109067
849D0042-39B4-11E8-BF66-D9AA8AFF4A69	SUBJECT_PROCESS	F410BE96-4C0C-765E-8C4C-6F0E2E760020	FILE_OBJECT_FILE	EVENT_OPEN	1523030811656109067
849D0042-39B4-11E8-BF66-D9AA8AFF4A69	SUBJECT_PROCESS	F410BE96-4C0C-765E-8C4C-6F0E2E760020	FILE_OBJECT_FILE	EVENT_MMAP	1523030811656109067
849D0042-39B4-11E8-BF66-D9AA8AFF4A69	SUBJECT_PROCESS	F410BE96-4C0C-765E-8C4C-6F0E2E760020	FILE_OBJECT_FILE	EVENT_MMAP	1523030811656109067
849D0042-39B4-11E8-BF66-D9AA8AFF4A69	SUBJECT_PROCESS	F410BE96-4C0C-765E-8C4C-6F0E2E760020	FILE_OBJECT_FILE	EVENT_CLOSE	1523030811656109067
849D0042-39B4-11E8-BF66-D9AA8AFF4A69	SUBJECT_PROCESS	AE441C70-DEC0-BD5F-80DE-3DE4DFBDF253	FILE_OBJECT_FILE	EVENT_OPEN	1523030811656109067
849D0042-39B4-11E8-BF66-D9AA8AFF4A69	SUBJECT_PROCESS	AE441C70-DEC0-BD5F-80DE-3DE4DFBDF253	FILE_OBJECT_FILE	EVENT_READ	1523030811666112808
849D0042-39B4-11E8-BF66-D9AA8AFF4A69	SUBJECT_PROCESS	AE441C70-DEC0-BD5F-80DE-3DE4DFBDF253	FILE_OBJECT_FILE	EVENT_CLOSE	1523030811666112808
849D0042-39B4-11E8-BF66-D9AA8AFF4A69	SUBJECT_PROCESS	104A8C35-2200-3156-8022-4129E631EA52	FILE_OBJECT_FILE	EVENT_OPEN	1523030811666112808
849D0042-39B4-11E8-BF66-D9AA8AFF4A69	SUBJECT_PROCESS	104A8C35-2200-3156-8022-4129E631EA52	FILE_OBJECT_FILE	EVENT_READ	1523030811666112808
849D0042-39B4-11E8-BF66-D9AA8AFF4A69	SUBJECT_PROCESS	104A8C35-2200-3156-8022-4129E631EA52	FILE_OBJECT_FILE	EVENT_CLOSE	1523030811666112808
849D0042-39B4-11E8-BF66-D9AA8AFF4A69	SUBJECT_PROCESS	DB1A5421-4509-D15D-8945-9F45CDD1A77E	FILE_OBJECT_FILE	EVENT_WRITE	1523030811666112808
849D0042-39B4-11E8-BF66-D9AA8AFF4A69	SUBJECT_PROCESS	849D0042-39B4-11E8-BF66-D9AA8AFF4A69	SUBJECT_PROCESS	EVENT_EXIT	1523030811666112808
D59C58B7-373D-11E8-BF66-D9AA8AFF4A69	SUBJECT_PROCESS	849EC153-39B4-11E8-BF66-D9AA8AFF4A69	SUBJECT_PROCESS	EVENT_FORK	1523030811666112808
849EC153-39B4-11E8-BF66-D9AA8AFF4A69	SUBJECT_PROCESS	CC349957-3DA4-8E5E-A43D-C7740E8ECAA9	FILE_OBJECT_FILE	EVENT_CLOSE	1523030811666112808
849EC153-39B4-11E8-BF66-D9AA8AFF4A69	SUBJECT_PROCESS	76899EA5-9D25-4352-A59D-8CB74243F4C0	FILE_OBJECT_FILE	EVENT_EXECUTE	1523030811666112808
849EC153-39B4-11E8-BF66-D9AA8AFF4A69	SUBJECT_PROCESS	7A350F75-9945-425D-8599-15CEBD426F06	FILE_OBJECT_FILE	EVENT_EXECUTE	1523030811666112808
849EC153-39B4-11E8-BF66-D9AA8AFF4A69	SUBJECT_PROCESS	51110606-D232-9652-B2D2-3A7242968F8A	FILE_OBJECT_FILE	EVENT_OPEN	1523030811666112808
849EC153-39B4-11E8-BF66-D9AA8AFF4A69	SUBJECT_PROCESS	51110606-D232-9652-B2D2-3A7242968F8A	FILE_OBJECT_FILE	EVENT_READ	1523030811666112808
849EC153-39B4-11E8-BF66-D9AA8AFF4A69	SUBJECT_PROCESS	51110606-D232-9652-B2D2-3A7242968F8A	FILE_OBJECT_FILE	EVENT_CLOSE	1523030811666112808
849EC153-39B4-11E8-BF66-D9AA8AFF4A69	SUBJECT_PROCESS	8A44F292-648B-7854-8B64-00F954785A79	FILE_OBJECT_FILE	EVENT_OPEN	1523030811666112808
849EC153-39B4-11E8-BF66-D9AA8AFF4A69	SUBJECT_PROCESS	8A44F292-648B-7854-8B64-00F954785A79	FILE_OBJECT_FILE	EVENT_READ	1523030811666112808
849EC153-39B4-11E8-BF66-D9AA8AFF4A69	SUBJECT_PROCESS	8A44F292-648B-7854-8B64-00F954785A79	FILE_OBJECT_FILE	EVENT_READ	1523030811666112808
849EC153-39B4-11E8-BF66-D9AA8AFF4A69	SUBJECT_PROCESS	8A44F292-648B-7854-8B64-00F954785A79	FILE_OBJECT_FILE	EVENT_CLOSE	1523030811666112808
849EC153-39B4-11E8-BF66-D9AA8AFF4A69	SUBJECT_PROCESS	718F288D-A702-1B5D-82A7-80807D1BB326	FILE_OBJECT_FILE	EVENT_OPEN	1523030811666112808
849EC153-39B4-11E8-BF66-D9AA8AFF4A69	SUBJECT_PROCESS	718F288D-A702-1B5D-82A7-80807D1BB326	FILE_OBJECT_FILE	EVENT_MMAP	1523030811666112808
849EC153-39B4-11E8-BF66-D9AA8AFF4A69	SUBJECT_PROCESS	718F288D-A702-1B5D-82A7-80807D1BB326	FILE_OBJECT_FILE	EVENT_MMAP	1523030811666112808
849EC153-39B4-11E8-BF66-D9AA8AFF4A69	SUBJECT_PROCESS	718F288D-A702-1B5D-82A7-80807D1BB326	FILE_OBJECT_FILE	EVENT_MMAP	1523030811666112808
849EC153-39B4-11E8-BF66-D9AA8AFF4A69	SUBJECT_PROCESS	718F288D-A702-1B5D-82A7-80807D1BB326	FILE_OBJECT_FILE	EVENT_MMAP	1523030811666112808
849EC153-39B4-11E8-BF66-D9AA8AFF4A69	SUBJECT_PROCESS	718F288D-A702-1B5D-82A7-80807D1BB326	FILE_OBJECT_FILE	EVENT_MMAP	1523030811666112808
849EC153-39B4-11E8-BF66-D9AA8AFF4A69	SUBJECT_PROCESS	718F288D-A702-1B5D-82A7-80807D1BB326	FILE_OBJECT_FILE	EVENT_MMAP	1523030811666112808
849EC153-39B4-11E8-BF66-D9AA8AFF4A69	SUBJECT_PROCESS	718F288D-A702-1B5D-82A7-80807D1BB326	FILE_OBJECT_FILE	EVENT_CLOSE	1523030811666112808
849EC153-39B4-11E8-BF66-D9AA8AFF4A69	SUBJECT_PROCESS	76A739B1-A13E-FD50-BEA1-B218A0FD0400	FILE_OBJECT_FILE	EVENT_OPEN	1523030811666112808
849EC153-39B4-11E8-BF66-D9AA8AFF4A69	SUBJECT_PROCESS	76A739B1-A13E-FD50-BEA1-B218A0FD0400	FILE_OBJECT_FILE	EVENT_MMAP	1523030811666112808
849EC153-39B4-11E8-BF66-D9AA8AFF4A69	SUBJECT_PROCESS	76A739B1-A13E-FD50-BEA1-B218A0FD0400	FILE_OBJECT_FILE	EVENT_MMAP	1523030811676111509
849EC153-39B4-11E8-BF66-D9AA8AFF4A69	SUBJECT_PROCESS	76A739B1-A13E-FD50-BEA1-B218A0FD0400	FILE_OBJECT_FILE	EVENT_MMAP	1523030811676111509
849EC153-39B4-11E8-BF66-D9AA8AFF4A69	SUBJECT_PROCESS	76A739B1-A13E-FD50-BEA1-B218A0FD0400	FILE_OBJECT_FILE	EVENT_MMAP	1523030811676111509
849EC153-39B4-11E8-BF66-D9AA8AFF4A69	SUBJECT_PROCESS	76A739B1-A13E-FD50-BEA1-B218A0FD0400	FILE_OBJECT_FILE	EVENT_MMAP	1523030811676111509
849EC153-39B4-11E8-BF66-D9AA8AFF4A69	SUBJECT_PROCESS	76A739B1-A13E-FD50-BEA1-B218A0FD0400	FILE_OBJECT_FILE	EVENT_MMAP	1523030811676111509
849EC153-39B4-11E8-BF66-D9AA8AFF4A69	SUBJECT_PROCESS	76A739B1-A13E-FD50-BEA1-B218A0FD0400	FILE_OBJECT_FILE	EVENT_CLOSE	1523030811676111509
849EC153-39B4-11E8-BF66-D9AA8AFF4A69	SUBJECT_PROCESS	F29977F6-07A2-935B-A207-C4871B93FE07	FILE_OBJECT_FILE	EVENT_OPEN	1523030811676111509
849EC153-39B4-11E8-BF66-D9AA8AFF4A69	SUBJECT_PROCESS	F29977F6-07A2-935B-A207-C4871B93FE07	FILE_OBJECT_FILE	EVENT_MMAP	1523030811676111509
849EC153-39B4-11E8-BF66-D9AA8AFF4A69	SUBJECT_PROCESS	F29977F6-07A2-935B-A207-C4871B93FE07	FILE_OBJECT_FILE	EVENT_MMAP	1523030811676111509
849EC153-39B4-11E8-BF66-D9AA8AFF4A69	SUBJECT_PROCESS	F29977F6-07A2-935B-A207-C4871B93FE07	FILE_OBJECT_FILE	EVENT_MMAP	1523030811676111509
849EC153-39B4-11E8-BF66-D9AA8AFF4A69	SUBJECT_PROCESS	F29977F6-07A2-935B-A207-C4871B93FE07	FILE_OBJECT_FILE	EVENT_MMAP	1523030811676111509
849EC153-39B4-11E8-BF66-D9AA8AFF4A69	SUBJECT_PROCESS	F29977F6-07A2-935B-A207-C4871B93FE07	FILE_OBJECT_FILE	EVENT_MMAP	1523030811676111509
849EC153-39B4-11E8-BF66-D9AA8AFF4A69	SUBJECT_PROCESS	F29977F6-07A2-935B-A207-C4871B93FE07	FILE_OBJECT_FILE	EVENT_MMAP	1523030811676111509
849EC153-39B4-11E8-BF66-D9AA8AFF4A69	SUBJECT_PROCESS	F29977F6-07A2-935B-A207-C4871B93FE07	FILE_OBJECT_FILE	EVENT_CLOSE	1523030811676111509
849EC153-39B4-11E8-BF66-D9AA8AFF4A69	SUBJECT_PROCESS	F410BE96-4C0C-765E-8C4C-6F0E2E760020	FILE_OBJECT_FILE	EVENT_OPEN	1523030811676111509
849EC153-39B4-11E8-BF66-D9AA8AFF4A69	SUBJECT_PROCESS	F410BE96-4C0C-765E-8C4C-6F0E2E760020	FILE_OBJECT_FILE	EVENT_MMAP	1523030811676111509
849EC153-39B4-11E8-BF66-D9AA8AFF4A69	SUBJECT_PROCESS	F410BE96-4C0C-765E-8C4C-6F0E2E760020	FILE_OBJECT_FILE	EVENT_MMAP	1523030811676111509
849EC153-39B4-11E8-BF66-D9AA8AFF4A69	SUBJECT_PROCESS	F410BE96-4C0C-765E-8C4C-6F0E2E760020	FILE_OBJECT_FILE	EVENT_CLOSE	1523030811676111509
849EC153-39B4-11E8-BF66-D9AA8AFF4A69	SUBJECT_PROCESS	1633500B-D34B-8058-8BD3-ABB7D880915E	FILE_OBJECT_FILE	EVENT_OPEN	1523030811676111509
849EC153-39B4-11E8-BF66-D9AA8AFF4A69	SUBJECT_PROCESS	1633500B-D34B-8058-8BD3-ABB7D880915E	FILE_OBJECT_FILE	EVENT_CLOSE	1523030811676111509
849EC153-39B4-11E8-BF66-D9AA8AFF4A69	SUBJECT_PROCESS	849EC153-39B4-11E8-BF66-D9AA8AFF4A69	SUBJECT_PROCESS	EVENT_MODIFY_PROCESS	1523030811676111509
849EC153-39B4-11E8-BF66-D9AA8AFF4A69	SUBJECT_PROCESS	EDC9C006-38C1-1659-8138-925D3916B899	FILE_OBJECT_FILE	EVENT_OPEN	1523030811676111509
849EC153-39B4-11E8-BF66-D9AA8AFF4A69	SUBJECT_PROCESS	0C51AAE3-0594-4A51-9405-4FC4214A0041	FILE_OBJECT_FILE	EVENT_OPEN	1523030811676111509
849EC153-39B4-11E8-BF66-D9AA8AFF4A69	SUBJECT_PROCESS	0C51AAE3-0594-4A51-9405-4FC4214A0041	FILE_OBJECT_FILE	EVENT_READ	1523030811676111509
849EC153-39B4-11E8-BF66-D9AA8AFF4A69	SUBJECT_PROCESS	0C51AAE3-0594-4A51-9405-4FC4214A0041	FILE_OBJECT_FILE	EVENT_READ	1523030811676111509
849EC153-39B4-11E8-BF66-D9AA8AFF4A69	SUBJECT_PROCESS	0C51AAE3-0594-4A51-9405-4FC4214A0041	FILE_OBJECT_FILE	EVENT_LSEEK	1523030811676111509
849EC153-39B4-11E8-BF66-D9AA8AFF4A69	SUBJECT_PROCESS	0C51AAE3-0594-4A51-9405-4FC4214A0041	FILE_OBJECT_FILE	EVENT_READ	1523030811676111509
849EC153-39B4-11E8-BF66-D9AA8AFF4A69	SUBJECT_PROCESS	0C51AAE3-0594-4A51-9405-4FC4214A0041	FILE_OBJECT_FILE	EVENT_READ	1523030811676111509
849EC153-39B4-11E8-BF66-D9AA8AFF4A69	SUBJECT_PROCESS	0C51AAE3-0594-4A51-9405-4FC4214A0041	FILE_OBJECT_FILE	EVENT_READ	1523030811686114180
849EC153-39B4-11E8-BF66-D9AA8AFF4A69	SUBJECT_PROCESS	0C51AAE3-0594-4A51-9405-4FC4214A0041	FILE_OBJECT_FILE	EVENT_LSEEK	1523030811686114180
849EC153-39B4-11E8-BF66-D9AA8AFF4A69	SUBJECT_PROCESS	0C51AAE3-0594-4A51-9405-4FC4214A0041	FILE_OBJECT_FILE	EVENT_READ	1523030811686114180
849EC153-39B4-11E8-BF66-D9AA8AFF4A69	SUBJECT_PROCESS	0C51AAE3-0594-4A51-9405-4FC4214A0041	FILE_OBJECT_FILE	EVENT_READ	1523030811686114180
849EC153-39B4-11E8-BF66-D9AA8AFF4A69	SUBJECT_PROCESS	0C51AAE3-0594-4A51-9405-4FC4214A0041	FILE_OBJECT_FILE	EVENT_READ	1523030811686114180
849EC153-39B4-11E8-BF66-D9AA8AFF4A69	SUBJECT_PROCESS	849EC153-39B4-11E8-BF66-D9AA8AFF4A69	SUBJECT_PROCESS	EVENT_CHANGE_PRINCIPAL	1523030811686114180
849EC153-39B4-11E8-BF66-D9AA8AFF4A69	SUBJECT_PROCESS	BCDBE64D-1703-005A-8317-44DD6A00589D	FILE_OBJECT_FILE	EVENT_OPEN	1523030811686114180
849EC153-39B4-11E8-BF66-D9AA8AFF4A69	SUBJECT_PROCESS	BCDBE64D-1703-005A-8317-44DD6A00589D	FILE_OBJECT_FILE	EVENT_READ	1523030811686114180
849EC153-39B4-11E8-BF66-D9AA8AFF4A69	SUBJECT_PROCESS	BCDBE64D-1703-005A-8317-44DD6A00589D	FILE_OBJECT_FILE	EVENT_READ	1523030811686114180
849EC153-39B4-11E8-BF66-D9AA8AFF4A69	SUBJECT_PROCESS	BCDBE64D-1703-005A-8317-44DD6A00589D	FILE_OBJECT_FILE	EVENT_CLOSE	1523030811686114180
849EC153-39B4-11E8-BF66-D9AA8AFF4A69	SUBJECT_PROCESS	C53609B6-A912-B65B-92A9-B89E0BB6C2E1	FILE_OBJECT_FILE	EVENT_OPEN	1523030811686114180
849EC153-39B4-11E8-BF66-D9AA8AFF4A69	SUBJECT_PROCESS	C53609B6-A912-B65B-92A9-B89E0BB6C2E1	FILE_OBJECT_FILE	EVENT_READ	1523030811686114180
849EC153-39B4-11E8-BF66-D9AA8AFF4A69	SUBJECT_PROCESS	C53609B6-A912-B65B-92A9-B89E0BB6C2E1	FILE_OBJECT_FILE	EVENT_READ	1523030811686114180
849EC153-39B4-11E8-BF66-D9AA8AFF4A69	SUBJECT_PROCESS	C53609B6-A912-B65B-92A9-B89E0BB6C2E1	FILE_OBJECT_FILE	EVENT_READ	1523030811686114180
849EC153-39B4-11E8-BF66-D9AA8AFF4A69	SUBJECT_PROCESS	C53609B6-A912-B65B-92A9-B89E0BB6C2E1	FILE_OBJECT_FILE	EVENT_READ	1523030811686114180
849EC153-39B4-11E8-BF66-D9AA8AFF4A69	SUBJECT_PROCESS	C53609B6-A912-B65B-92A9-B89E0BB6C2E1	FILE_OBJECT_FILE	EVENT_READ	1523030811686114180
849EC153-39B4-11E8-BF66-D9AA8AFF4A69	SUBJECT_PROCESS	C53609B6-A912-B65B-92A9-B89E0BB6C2E1	FILE_OBJECT_FILE	EVENT_READ	1523030811686114180
849EC153-39B4-11E8-BF66-D9AA8AFF4A69	SUBJECT_PROCESS	C53609B6-A912-B65B-92A9-B89E0BB6C2E1	FILE_OBJECT_FILE	EVENT_READ	1523030811686114180
849EC153-39B4-11E8-BF66-D9AA8AFF4A69	SUBJECT_PROCESS	C53609B6-A912-B65B-92A9-B89E0BB6C2E1	FILE_OBJECT_FILE	EVENT_READ	1523030811686114180
849EC153-39B4-11E8-BF66-D9AA8AFF4A69	SUBJECT_PROCESS	C53609B6-A912-B65B-92A9-B89E0BB6C2E1	FILE_OBJECT_FILE	EVENT_READ	1523030811686114180
849EC153-39B4-11E8-BF66-D9AA8AFF4A69	SUBJECT_PROCESS	C53609B6-A912-B65B-92A9-B89E0BB6C2E1	FILE_OBJECT_FILE	EVENT_CLOSE	1523030811686114180
849EC153-39B4-11E8-BF66-D9AA8AFF4A69	SUBJECT_PROCESS	D496A680-EF0C-5554-8CEF-97252455C14A	FILE_OBJECT_FILE	EVENT_OPEN	1523030811686114180
849EC153-39B4-11E8-BF66-D9AA8AFF4A69	SUBJECT_PROCESS	D496A680-EF0C-5554-8CEF-97252455C14A	FILE_OBJECT_FILE	EVENT_READ	1523030811696116301
849EC153-39B4-11E8-BF66-D9AA8AFF4A69	SUBJECT_PROCESS	D496A680-EF0C-5554-8CEF-97252455C14A	FILE_OBJECT_FILE	EVENT_READ	1523030811696116301
849EC153-39B4-11E8-BF66-D9AA8AFF4A69	SUBJECT_PROCESS	D496A680-EF0C-5554-8CEF-97252455C14A	FILE_OBJECT_FILE	EVENT_CLOSE	1523030811696116301
849EC153-39B4-11E8-BF66-D9AA8AFF4A69	SUBJECT_PROCESS	0C51AAE3-0594-4A51-9405-4FC4214A0041	FILE_OBJECT_FILE	EVENT_LSEEK	1523030811696116301
849EC153-39B4-11E8-BF66-D9AA8AFF4A69	SUBJECT_PROCESS	0C51AAE3-0594-4A51-9405-4FC4214A0041	FILE_OBJECT_FILE	EVENT_READ	1523030811696116301
849EC153-39B4-11E8-BF66-D9AA8AFF4A69	SUBJECT_PROCESS	0C51AAE3-0594-4A51-9405-4FC4214A0041	FILE_OBJECT_FILE	EVENT_READ	1523030811696116301
849EC153-39B4-11E8-BF66-D9AA8AFF4A69	SUBJECT_PROCESS	0C51AAE3-0594-4A51-9405-4FC4214A0041	FILE_OBJECT_FILE	EVENT_READ	1523030811696116301
849EC153-39B4-11E8-BF66-D9AA8AFF4A69	SUBJECT_PROCESS	0C51AAE3-0594-4A51-9405-4FC4214A0041	FILE_OBJECT_FILE	EVENT_READ	1523030811696116301
849EC153-39B4-11E8-BF66-D9AA8AFF4A69	SUBJECT_PROCESS	0C51AAE3-0594-4A51-9405-4FC4214A0041	FILE_OBJECT_FILE	EVENT_READ	1523030811696116301
849EC153-39B4-11E8-BF66-D9AA8AFF4A69	SUBJECT_PROCESS	0C51AAE3-0594-4A51-9405-4FC4214A0041	FILE_OBJECT_FILE	EVENT_READ	1523030811696116301
849EC153-39B4-11E8-BF66-D9AA8AFF4A69	SUBJECT_PROCESS	0C51AAE3-0594-4A51-9405-4FC4214A0041	FILE_OBJECT_FILE	EVENT_LSEEK	1523030811696116301
849EC153-39B4-11E8-BF66-D9AA8AFF4A69	SUBJECT_PROCESS	0C51AAE3-0594-4A51-9405-4FC4214A0041	FILE_OBJECT_FILE	EVENT_READ	1523030811696116301
849EC153-39B4-11E8-BF66-D9AA8AFF4A69	SUBJECT_PROCESS	0C51AAE3-0594-4A51-9405-4FC4214A0041	FILE_OBJECT_FILE	EVENT_LSEEK	1523030811696116301
849EC153-39B4-11E8-BF66-D9AA8AFF4A69	SUBJECT_PROCESS	0C51AAE3-0594-4A51-9405-4FC4214A0041	FILE_OBJECT_FILE	EVENT_READ	1523030811696116301
849EC153-39B4-11E8-BF66-D9AA8AFF4A69	SUBJECT_PROCESS	0C51AAE3-0594-4A51-9405-4FC4214A0041	FILE_OBJECT_FILE	EVENT_READ	1523030811696116301
849EC153-39B4-11E8-BF66-D9AA8AFF4A69	SUBJECT_PROCESS	0C51AAE3-0594-4A51-9405-4FC4214A0041	FILE_OBJECT_FILE	EVENT_READ	1523030811696116301
849EC153-39B4-11E8-BF66-D9AA8AFF4A69	SUBJECT_PROCESS	0C51AAE3-0594-4A51-9405-4FC4214A0041	FILE_OBJECT_FILE	EVENT_READ	1523030811696116301
849EC153-39B4-11E8-BF66-D9AA8AFF4A69	SUBJECT_PROCESS	0C51AAE3-0594-4A51-9405-4FC4214A0041	FILE_OBJECT_FILE	EVENT_READ	1523030811696116301
849EC153-39B4-11E8-BF66-D9AA8AFF4A69	SUBJECT_PROCESS	0C51AAE3-0594-4A51-9405-4FC4214A0041	FILE_OBJECT_FILE	EVENT_LSEEK	1523030811696116301
849EC153-39B4-11E8-BF66-D9AA8AFF4A69	SUBJECT_PROCESS	0C51AAE3-0594-4A51-9405-4FC4214A0041	FILE_OBJECT_FILE	EVENT_READ	1523030811696116301
849EC153-39B4-11E8-BF66-D9AA8AFF4A69	SUBJECT_PROCESS	0C51AAE3-0594-4A51-9405-4FC4214A0041	FILE_OBJECT_FILE	EVENT_LSEEK	1523030811696116301
849EC153-39B4-11E8-BF66-D9AA8AFF4A69	SUBJECT_PROCESS	0C51AAE3-0594-4A51-9405-4FC4214A0041	FILE_OBJECT_FILE	EVENT_READ	1523030811696116301
849EC153-39B4-11E8-BF66-D9AA8AFF4A69	SUBJECT_PROCESS	0C51AAE3-0594-4A51-9405-4FC4214A0041	FILE_OBJECT_FILE	EVENT_READ	1523030811696116301
849EC153-39B4-11E8-BF66-D9AA8AFF4A69	SUBJECT_PROCESS	0C51AAE3-0594-4A51-9405-4FC4214A0041	FILE_OBJECT_FILE	EVENT_READ	1523030811696116301
849EC153-39B4-11E8-BF66-D9AA8AFF4A69	SUBJECT_PROCESS	0C51AAE3-0594-4A51-9405-4FC4214A0041	FILE_OBJECT_FILE	EVENT_LSEEK	1523030811696116301
849EC153-39B4-11E8-BF66-D9AA8AFF4A69	SUBJECT_PROCESS	0C51AAE3-0594-4A51-9405-4FC4214A0041	FILE_OBJECT_FILE	EVENT_READ	1523030811696116301
849EC153-39B4-11E8-BF66-D9AA8AFF4A69	SUBJECT_PROCESS	0C51AAE3-0594-4A51-9405-4FC4214A0041	FILE_OBJECT_FILE	EVENT_READ	1523030811696116301
849EC153-39B4-11E8-BF66-D9AA8AFF4A69	SUBJECT_PROCESS	0C51AAE3-0594-4A51-9405-4FC4214A0041	FILE_OBJECT_FILE	EVENT_LSEEK	1523030811696116301
849EC153-39B4-11E8-BF66-D9AA8AFF4A69	SUBJECT_PROCESS	0C51AAE3-0594-4A51-9405-4FC4214A0041	FILE_OBJECT_FILE	EVENT_READ	1523030811696116301
849EC153-39B4-11E8-BF66-D9AA8AFF4A69	SUBJECT_PROCESS	0C51AAE3-0594-4A51-9405-4FC4214A0041	FILE_OBJECT_FILE	EVENT_READ	1523030811706111802
849EC153-39B4-11E8-BF66-D9AA8AFF4A69	SUBJECT_PROCESS	0C51AAE3-0594-4A51-9405-4FC4214A0041	FILE_OBJECT_FILE	EVENT_READ	1523030811706111802
849EC153-39B4-11E8-BF66-D9AA8AFF4A69	SUBJECT_PROCESS	0C51AAE3-0594-4A51-9405-4FC4214A0041	FILE_OBJECT_FILE	EVENT_READ	1523030811706111802
849EC153-39B4-11E8-BF66-D9AA8AFF4A69	SUBJECT_PROCESS	0C51AAE3-0594-4A51-9405-4FC4214A0041	FILE_OBJECT_FILE	EVENT_LSEEK	1523030811706111802
849EC153-39B4-11E8-BF66-D9AA8AFF4A69	SUBJECT_PROCESS	0C51AAE3-0594-4A51-9405-4FC4214A0041	FILE_OBJECT_FILE	EVENT_READ	1523030811706111802
849EC153-39B4-11E8-BF66-D9AA8AFF4A69	SUBJECT_PROCESS	0C51AAE3-0594-4A51-9405-4FC4214A0041	FILE_OBJECT_FILE	EVENT_LSEEK	1523030811706111802
849EC153-39B4-11E8-BF66-D9AA8AFF4A69	SUBJECT_PROCESS	0C51AAE3-0594-4A51-9405-4FC4214A0041	FILE_OBJECT_FILE	EVENT_READ	1523030811706111802
849EC153-39B4-11E8-BF66-D9AA8AFF4A69	SUBJECT_PROCESS	0C51AAE3-0594-4A51-9405-4FC4214A0041	FILE_OBJECT_FILE	EVENT_LSEEK	1523030811706111802
849EC153-39B4-11E8-BF66-D9AA8AFF4A69	SUBJECT_PROCESS	0C51AAE3-0594-4A51-9405-4FC4214A0041	FILE_OBJECT_FILE	EVENT_READ	1523030811706111802
849EC153-39B4-11E8-BF66-D9AA8AFF4A69	SUBJECT_PROCESS	0C51AAE3-0594-4A51-9405-4FC4214A0041	FILE_OBJECT_FILE	EVENT_LSEEK	1523030811706111802
849EC153-39B4-11E8-BF66-D9AA8AFF4A69	SUBJECT_PROCESS	0C51AAE3-0594-4A51-9405-4FC4214A0041	FILE_OBJECT_FILE	EVENT_READ	1523030811706111802
849EC153-39B4-11E8-BF66-D9AA8AFF4A69	SUBJECT_PROCESS	0C51AAE3-0594-4A51-9405-4FC4214A0041	FILE_OBJECT_FILE	EVENT_LSEEK	1523030811706111802
849EC153-39B4-11E8-BF66-D9AA8AFF4A69	SUBJECT_PROCESS	0C51AAE3-0594-4A51-9405-4FC4214A0041	FILE_OBJECT_FILE	EVENT_READ	1523030811706111802
849EC153-39B4-11E8-BF66-D9AA8AFF4A69	SUBJECT_PROCESS	0C51AAE3-0594-4A51-9405-4FC4214A0041	FILE_OBJECT_FILE	EVENT_LSEEK	1523030811706111802
849EC153-39B4-11E8-BF66-D9AA8AFF4A69	SUBJECT_PROCESS	0C51AAE3-0594-4A51-9405-4FC4214A0041	FILE_OBJECT_FILE	EVENT_READ	1523030811706111802
849EC153-39B4-11E8-BF66-D9AA8AFF4A69	SUBJECT_PROCESS	0C51AAE3-0594-4A51-9405-4FC4214A0041	FILE_OBJECT_FILE	EVENT_READ	1523030811706111802
849EC153-39B4-11E8-BF66-D9AA8AFF4A69	SUBJECT_PROCESS	0C51AAE3-0594-4A51-9405-4FC4214A0041	FILE_OBJECT_FILE	EVENT_READ	1523030811706111802
849EC153-39B4-11E8-BF66-D9AA8AFF4A69	SUBJECT_PROCESS	0C51AAE3-0594-4A51-9405-4FC4214A0041	FILE_OBJECT_FILE	EVENT_READ	1523030811706111802
849EC153-39B4-11E8-BF66-D9AA8AFF4A69	SUBJECT_PROCESS	0C51AAE3-0594-4A51-9405-4FC4214A0041	FILE_OBJECT_FILE	EVENT_READ	1523030811706111802
849EC153-39B4-11E8-BF66-D9AA8AFF4A69	SUBJECT_PROCESS	0C51AAE3-0594-4A51-9405-4FC4214A0041	FILE_OBJECT_FILE	EVENT_LSEEK	1523030811706111802
849EC153-39B4-11E8-BF66-D9AA8AFF4A69	SUBJECT_PROCESS	0C51AAE3-0594-4A51-9405-4FC4214A0041	FILE_OBJECT_FILE	EVENT_READ	1523030811706111802
849EC153-39B4-11E8-BF66-D9AA8AFF4A69	SUBJECT_PROCESS	0C51AAE3-0594-4A51-9405-4FC4214A0041	FILE_OBJECT_FILE	EVENT_READ	1523030811706111802
849EC153-39B4-11E8-BF66-D9AA8AFF4A69	SUBJECT_PROCESS	0C51AAE3-0594-4A51-9405-4FC4214A0041	FILE_OBJECT_FILE	EVENT_READ	1523030811706111802
849EC153-39B4-11E8-BF66-D9AA8AFF4A69	SUBJECT_PROCESS	0C51AAE3-0594-4A51-9405-4FC4214A0041	FILE_OBJECT_FILE	EVENT_READ	1523030811706111802
849EC153-39B4-11E8-BF66-D9AA8AFF4A69	SUBJECT_PROCESS	0C51AAE3-0594-4A51-9405-4FC4214A0041	FILE_OBJECT_FILE	EVENT_LSEEK	1523030811706111802
849EC153-39B4-11E8-BF66-D9AA8AFF4A69	SUBJECT_PROCESS	0C51AAE3-0594-4A51-9405-4FC4214A0041	FILE_OBJECT_FILE	EVENT_READ	1523030811706111802
849EC153-39B4-11E8-BF66-D9AA8AFF4A69	SUBJECT_PROCESS	0C51AAE3-0594-4A51-9405-4FC4214A0041	FILE_OBJECT_FILE	EVENT_READ	1523030811706111802
849EC153-39B4-11E8-BF66-D9AA8AFF4A69	SUBJECT_PROCESS	0C51AAE3-0594-4A51-9405-4FC4214A0041	FILE_OBJECT_FILE	EVENT_LSEEK	1523030811706111802
849EC153-39B4-11E8-BF66-D9AA8AFF4A69	SUBJECT_PROCESS	0C51AAE3-0594-4A51-9405-4FC4214A0041	FILE_OBJECT_FILE	EVENT_READ	1523030811706111802
849EC153-39B4-11E8-BF66-D9AA8AFF4A69	SUBJECT_PROCESS	0C51AAE3-0594-4A51-9405-4FC4214A0041	FILE_OBJECT_FILE	EVENT_READ	1523030811706111802
849EC153-39B4-11E8-BF66-D9AA8AFF4A69	SUBJECT_PROCESS	0C51AAE3-0594-4A51-9405-4FC4214A0041	FILE_OBJECT_FILE	EVENT_LSEEK	1523030811706111802
849EC153-39B4-11E8-BF66-D9AA8AFF4A69	SUBJECT_PROCESS	0C51AAE3-0594-4A51-9405-4FC4214A0041	FILE_OBJECT_FILE	EVENT_READ	1523030811706111802
849EC153-39B4-11E8-BF66-D9AA8AFF4A69	SUBJECT_PROCESS	0C51AAE3-0594-4A51-9405-4FC4214A0041	FILE_OBJECT_FILE	EVENT_READ	1523030811716109212
849EC153-39B4-11E8-BF66-D9AA8AFF4A69	SUBJECT_PROCESS	0C51AAE3-0594-4A51-9405-4FC4214A0041	FILE_OBJECT_FILE	EVENT_LSEEK	1523030811716109212
849EC153-39B4-11E8-BF66-D9AA8AFF4A69	SUBJECT_PROCESS	0C51AAE3-0594-4A51-9405-4FC4214A0041	FILE_OBJECT_FILE	EVENT_READ	1523030811716109212
849EC153-39B4-11E8-BF66-D9AA8AFF4A69	SUBJECT_PROCESS	0C51AAE3-0594-4A51-9405-4FC4214A0041	FILE_OBJECT_FILE	EVENT_READ	1523030811716109212
849EC153-39B4-11E8-BF66-D9AA8AFF4A69	SUBJECT_PROCESS	0C51AAE3-0594-4A51-9405-4FC4214A0041	FILE_OBJECT_FILE	EVENT_LSEEK	1523030811716109212
849EC153-39B4-11E8-BF66-D9AA8AFF4A69	SUBJECT_PROCESS	0C51AAE3-0594-4A51-9405-4FC4214A0041	FILE_OBJECT_FILE	EVENT_READ	1523030811716109212
849EC153-39B4-11E8-BF66-D9AA8AFF4A69	SUBJECT_PROCESS	0C51AAE3-0594-4A51-9405-4FC4214A0041	FILE_OBJECT_FILE	EVENT_LSEEK	1523030811716109212
849EC153-39B4-11E8-BF66-D9AA8AFF4A69	SUBJECT_PROCESS	0C51AAE3-0594-4A51-9405-4FC4214A0041	FILE_OBJECT_FILE	EVENT_READ	1523030811716109212
849EC153-39B4-11E8-BF66-D9AA8AFF4A69	SUBJECT_PROCESS	0C51AAE3-0594-4A51-9405-4FC4214A0041	FILE_OBJECT_FILE	EVENT_LSEEK	1523030811716109212
849EC153-39B4-11E8-BF66-D9AA8AFF4A69	SUBJECT_PROCESS	0C51AAE3-0594-4A51-9405-4FC4214A0041	FILE_OBJECT_FILE	EVENT_READ	1523030811716109212
849EC153-39B4-11E8-BF66-D9AA8AFF4A69	SUBJECT_PROCESS	0C51AAE3-0594-4A51-9405-4FC4214A0041	FILE_OBJECT_FILE	EVENT_LSEEK	1523030811716109212
849EC153-39B4-11E8-BF66-D9AA8AFF4A69	SUBJECT_PROCESS	0C51AAE3-0594-4A51-9405-4FC4214A0041	FILE_OBJECT_FILE	EVENT_READ	1523030811716109212
849EC153-39B4-11E8-BF66-D9AA8AFF4A69	SUBJECT_PROCESS	0C51AAE3-0594-4A51-9405-4FC4214A0041	FILE_OBJECT_FILE	EVENT_LSEEK	1523030811716109212
849EC153-39B4-11E8-BF66-D9AA8AFF4A69	SUBJECT_PROCESS	0C51AAE3-0594-4A51-9405-4FC4214A0041	FILE_OBJECT_FILE	EVENT_READ	1523030811716109212
849EC153-39B4-11E8-BF66-D9AA8AFF4A69	SUBJECT_PROCESS	0C51AAE3-0594-4A51-9405-4FC4214A0041	FILE_OBJECT_FILE	EVENT_LSEEK	1523030811716109212
849EC153-39B4-11E8-BF66-D9AA8AFF4A69	SUBJECT_PROCESS	0C51AAE3-0594-4A51-9405-4FC4214A0041	FILE_OBJECT_FILE	EVENT_READ	1523030811716109212
849EC153-39B4-11E8-BF66-D9AA8AFF4A69	SUBJECT_PROCESS	0C51AAE3-0594-4A51-9405-4FC4214A0041	FILE_OBJECT_FILE	EVENT_LSEEK	1523030811716109212
849EC153-39B4-11E8-BF66-D9AA8AFF4A69	SUBJECT_PROCESS	0C51AAE3-0594-4A51-9405-4FC4214A0041	FILE_OBJECT_FILE	EVENT_READ	1523030811716109212
849EC153-39B4-11E8-BF66-D9AA8AFF4A69	SUBJECT_PROCESS	0C51AAE3-0594-4A51-9405-4FC4214A0041	FILE_OBJECT_FILE	EVENT_READ	1523030811716109212
849EC153-39B4-11E8-BF66-D9AA8AFF4A69	SUBJECT_PROCESS	0C51AAE3-0594-4A51-9405-4FC4214A0041	FILE_OBJECT_FILE	EVENT_READ	1523030811716109212
849EC153-39B4-11E8-BF66-D9AA8AFF4A69	SUBJECT_PROCESS	0C51AAE3-0594-4A51-9405-4FC4214A0041	FILE_OBJECT_FILE	EVENT_READ	1523030811716109212
849EC153-39B4-11E8-BF66-D9AA8AFF4A69	SUBJECT_PROCESS	0C51AAE3-0594-4A51-9405-4FC4214A0041	FILE_OBJECT_FILE	EVENT_LSEEK	1523030811716109212
849EC153-39B4-11E8-BF66-D9AA8AFF4A69	SUBJECT_PROCESS	0C51AAE3-0594-4A51-9405-4FC4214A0041	FILE_OBJECT_FILE	EVENT_READ	1523030811716109212
849EC153-39B4-11E8-BF66-D9AA8AFF4A69	SUBJECT_PROCESS	0C51AAE3-0594-4A51-9405-4FC4214A0041	FILE_OBJECT_FILE	EVENT_READ	1523030811716109212
849EC153-39B4-11E8-BF66-D9AA8AFF4A69	SUBJECT_PROCESS	0C51AAE3-0594-4A51-9405-4FC4214A0041	FILE_OBJECT_FILE	EVENT_READ	1523030811716109212
849EC153-39B4-11E8-BF66-D9AA8AFF4A69	SUBJECT_PROCESS	0C51AAE3-0594-4A51-9405-4FC4214A0041	FILE_OBJECT_FILE	EVENT_READ	1523030811716109212
849EC153-39B4-11E8-BF66-D9AA8AFF4A69	SUBJECT_PROCESS	0C51AAE3-0594-4A51-9405-4FC4214A0041	FILE_OBJECT_FILE	EVENT_READ	1523030811716109212
849EC153-39B4-11E8-BF66-D9AA8AFF4A69	SUBJECT_PROCESS	0C51AAE3-0594-4A51-9405-4FC4214A0041	FILE_OBJECT_FILE	EVENT_READ	1523030811716109212
849EC153-39B4-11E8-BF66-D9AA8AFF4A69	SUBJECT_PROCESS	0C51AAE3-0594-4A51-9405-4FC4214A0041	FILE_OBJECT_FILE	EVENT_LSEEK	1523030811716109212
849EC153-39B4-11E8-BF66-D9AA8AFF4A69	SUBJECT_PROCESS	0C51AAE3-0594-4A51-9405-4FC4214A0041	FILE_OBJECT_FILE	EVENT_READ	1523030811716109212
849EC153-39B4-11E8-BF66-D9AA8AFF4A69	SUBJECT_PROCESS	0C51AAE3-0594-4A51-9405-4FC4214A0041	FILE_OBJECT_FILE	EVENT_READ	1523030811716109212
849EC153-39B4-11E8-BF66-D9AA8AFF4A69	SUBJECT_PROCESS	0C51AAE3-0594-4A51-9405-4FC4214A0041	FILE_OBJECT_FILE	EVENT_LSEEK	1523030811716109212
849EC153-39B4-11E8-BF66-D9AA8AFF4A69	SUBJECT_PROCESS	0C51AAE3-0594-4A51-9405-4FC4214A0041	FILE_OBJECT_FILE	EVENT_READ	1523030811726118123
849EC153-39B4-11E8-BF66-D9AA8AFF4A69	SUBJECT_PROCESS	0C51AAE3-0594-4A51-9405-4FC4214A0041	FILE_OBJECT_FILE	EVENT_READ	1523030811726118123
849EC153-39B4-11E8-BF66-D9AA8AFF4A69	SUBJECT_PROCESS	0C51AAE3-0594-4A51-9405-4FC4214A0041	FILE_OBJECT_FILE	EVENT_LSEEK	1523030811726118123
849EC153-39B4-11E8-BF66-D9AA8AFF4A69	SUBJECT_PROCESS	0C51AAE3-0594-4A51-9405-4FC4214A0041	FILE_OBJECT_FILE	EVENT_READ	1523030811726118123
849EC153-39B4-11E8-BF66-D9AA8AFF4A69	SUBJECT_PROCESS	0C51AAE3-0594-4A51-9405-4FC4214A0041	FILE_OBJECT_FILE	EVENT_LSEEK	1523030811726118123
849EC153-39B4-11E8-BF66-D9AA8AFF4A69	SUBJECT_PROCESS	0C51AAE3-0594-4A51-9405-4FC4214A0041	FILE_OBJECT_FILE	EVENT_READ	1523030811726118123
849EC153-39B4-11E8-BF66-D9AA8AFF4A69	SUBJECT_PROCESS	0C51AAE3-0594-4A51-9405-4FC4214A0041	FILE_OBJECT_FILE	EVENT_LSEEK	1523030811726118123
849EC153-39B4-11E8-BF66-D9AA8AFF4A69	SUBJECT_PROCESS	0C51AAE3-0594-4A51-9405-4FC4214A0041	FILE_OBJECT_FILE	EVENT_READ	1523030811726118123
849EC153-39B4-11E8-BF66-D9AA8AFF4A69	SUBJECT_PROCESS	0C51AAE3-0594-4A51-9405-4FC4214A0041	FILE_OBJECT_FILE	EVENT_LSEEK	1523030811726118123
849EC153-39B4-11E8-BF66-D9AA8AFF4A69	SUBJECT_PROCESS	0C51AAE3-0594-4A51-9405-4FC4214A0041	FILE_OBJECT_FILE	EVENT_READ	1523030811726118123
849EC153-39B4-11E8-BF66-D9AA8AFF4A69	SUBJECT_PROCESS	0C51AAE3-0594-4A51-9405-4FC4214A0041	FILE_OBJECT_FILE	EVENT_LSEEK	1523030811726118123
849EC153-39B4-11E8-BF66-D9AA8AFF4A69	SUBJECT_PROCESS	0C51AAE3-0594-4A51-9405-4FC4214A0041	FILE_OBJECT_FILE	EVENT_READ	1523030811726118123
849EC153-39B4-11E8-BF66-D9AA8AFF4A69	SUBJECT_PROCESS	0C51AAE3-0594-4A51-9405-4FC4214A0041	FILE_OBJECT_FILE	EVENT_READ	1523030811726118123
849EC153-39B4-11E8-BF66-D9AA8AFF4A69	SUBJECT_PROCESS	0C51AAE3-0594-4A51-9405-4FC4214A0041	FILE_OBJECT_FILE	EVENT_READ	1523030811726118123
849EC153-39B4-11E8-BF66-D9AA8AFF4A69	SUBJECT_PROCESS	0C51AAE3-0594-4A51-9405-4FC4214A0041	FILE_OBJECT_FILE	EVENT_LSEEK	1523030811726118123
849EC153-39B4-11E8-BF66-D9AA8AFF4A69	SUBJECT_PROCESS	0C51AAE3-0594-4A51-9405-4FC4214A0041	FILE_OBJECT_FILE	EVENT_READ	1523030811726118123
849EC153-39B4-11E8-BF66-D9AA8AFF4A69	SUBJECT_PROCESS	0C51AAE3-0594-4A51-9405-4FC4214A0041	FILE_OBJECT_FILE	EVENT_LSEEK	1523030811726118123
849EC153-39B4-11E8-BF66-D9AA8AFF4A69	SUBJECT_PROCESS	0C51AAE3-0594-4A51-9405-4FC4214A0041	FILE_OBJECT_FILE	EVENT_READ	1523030811726118123
849EC153-39B4-11E8-BF66-D9AA8AFF4A69	SUBJECT_PROCESS	0C51AAE3-0594-4A51-9405-4FC4214A0041	FILE_OBJECT_FILE	EVENT_LSEEK	1523030811726118123
849EC153-39B4-11E8-BF66-D9AA8AFF4A69	SUBJECT_PROCESS	0C51AAE3-0594-4A51-9405-4FC4214A0041	FILE_OBJECT_FILE	EVENT_READ	1523030811726118123
849EC153-39B4-11E8-BF66-D9AA8AFF4A69	SUBJECT_PROCESS	0C51AAE3-0594-4A51-9405-4FC4214A0041	FILE_OBJECT_FILE	EVENT_LSEEK	1523030811726118123
849EC153-39B4-11E8-BF66-D9AA8AFF4A69	SUBJECT_PROCESS	0C51AAE3-0594-4A51-9405-4FC4214A0041	FILE_OBJECT_FILE	EVENT_READ	1523030811726118123
849EC153-39B4-11E8-BF66-D9AA8AFF4A69	SUBJECT_PROCESS	0C51AAE3-0594-4A51-9405-4FC4214A0041	FILE_OBJECT_FILE	EVENT_LSEEK	1523030811726118123
849EC153-39B4-11E8-BF66-D9AA8AFF4A69	SUBJECT_PROCESS	0C51AAE3-0594-4A51-9405-4FC4214A0041	FILE_OBJECT_FILE	EVENT_READ	1523030811726118123
849EC153-39B4-11E8-BF66-D9AA8AFF4A69	SUBJECT_PROCESS	0C51AAE3-0594-4A51-9405-4FC4214A0041	FILE_OBJECT_FILE	EVENT_LSEEK	1523030811726118123
849EC153-39B4-11E8-BF66-D9AA8AFF4A69	SUBJECT_PROCESS	0C51AAE3-0594-4A51-9405-4FC4214A0041	FILE_OBJECT_FILE	EVENT_READ	1523030811726118123
849EC153-39B4-11E8-BF66-D9AA8AFF4A69	SUBJECT_PROCESS	0C51AAE3-0594-4A51-9405-4FC4214A0041	FILE_OBJECT_FILE	EVENT_LSEEK	1523030811726118123
849EC153-39B4-11E8-BF66-D9AA8AFF4A69	SUBJECT_PROCESS	0C51AAE3-0594-4A51-9405-4FC4214A0041	FILE_OBJECT_FILE	EVENT_READ	1523030811726118123
849EC153-39B4-11E8-BF66-D9AA8AFF4A69	SUBJECT_PROCESS	0C51AAE3-0594-4A51-9405-4FC4214A0041	FILE_OBJECT_FILE	EVENT_READ	1523030811726118123
849EC153-39B4-11E8-BF66-D9AA8AFF4A69	SUBJECT_PROCESS	0C51AAE3-0594-4A51-9405-4FC4214A0041	FILE_OBJECT_FILE	EVENT_LSEEK	1523030811726118123
849EC153-39B4-11E8-BF66-D9AA8AFF4A69	SUBJECT_PROCESS	0C51AAE3-0594-4A51-9405-4FC4214A0041	FILE_OBJECT_FILE	EVENT_READ	1523030811726118123
849EC153-39B4-11E8-BF66-D9AA8AFF4A69	SUBJECT_PROCESS	0C51AAE3-0594-4A51-9405-4FC4214A0041	FILE_OBJECT_FILE	EVENT_LSEEK	1523030811726118123
849EC153-39B4-11E8-BF66-D9AA8AFF4A69	SUBJECT_PROCESS	0C51AAE3-0594-4A51-9405-4FC4214A0041	FILE_OBJECT_FILE	EVENT_READ	1523030811726118123
849EC153-39B4-11E8-BF66-D9AA8AFF4A69	SUBJECT_PROCESS	0C51AAE3-0594-4A51-9405-4FC4214A0041	FILE_OBJECT_FILE	EVENT_LSEEK	1523030811736121164
849EC153-39B4-11E8-BF66-D9AA8AFF4A69	SUBJECT_PROCESS	0C51AAE3-0594-4A51-9405-4FC4214A0041	FILE_OBJECT_FILE	EVENT_READ	1523030811736121164
849EC153-39B4-11E8-BF66-D9AA8AFF4A69	SUBJECT_PROCESS	0C51AAE3-0594-4A51-9405-4FC4214A0041	FILE_OBJECT_FILE	EVENT_LSEEK	1523030811736121164
849EC153-39B4-11E8-BF66-D9AA8AFF4A69	SUBJECT_PROCESS	0C51AAE3-0594-4A51-9405-4FC4214A0041	FILE_OBJECT_FILE	EVENT_READ	1523030811736121164
849EC153-39B4-11E8-BF66-D9AA8AFF4A69	SUBJECT_PROCESS	0C51AAE3-0594-4A51-9405-4FC4214A0041	FILE_OBJECT_FILE	EVENT_LSEEK	1523030811736121164
849EC153-39B4-11E8-BF66-D9AA8AFF4A69	SUBJECT_PROCESS	0C51AAE3-0594-4A51-9405-4FC4214A0041	FILE_OBJECT_FILE	EVENT_READ	1523030811736121164
849EC153-39B4-11E8-BF66-D9AA8AFF4A69	SUBJECT_PROCESS	0C51AAE3-0594-4A51-9405-4FC4214A0041	FILE_OBJECT_FILE	EVENT_READ	1523030811736121164
849EC153-39B4-11E8-BF66-D9AA8AFF4A69	SUBJECT_PROCESS	0C51AAE3-0594-4A51-9405-4FC4214A0041	FILE_OBJECT_FILE	EVENT_LSEEK	1523030811736121164
849EC153-39B4-11E8-BF66-D9AA8AFF4A69	SUBJECT_PROCESS	0C51AAE3-0594-4A51-9405-4FC4214A0041	FILE_OBJECT_FILE	EVENT_READ	1523030811736121164
849EC153-39B4-11E8-BF66-D9AA8AFF4A69	SUBJECT_PROCESS	0C51AAE3-0594-4A51-9405-4FC4214A0041	FILE_OBJECT_FILE	EVENT_LSEEK	1523030811736121164
849EC153-39B4-11E8-BF66-D9AA8AFF4A69	SUBJECT_PROCESS	0C51AAE3-0594-4A51-9405-4FC4214A0041	FILE_OBJECT_FILE	EVENT_READ	1523030811736121164
849EC153-39B4-11E8-BF66-D9AA8AFF4A69	SUBJECT_PROCESS	0C51AAE3-0594-4A51-9405-4FC4214A0041	FILE_OBJECT_FILE	EVENT_LSEEK	1523030811736121164
849EC153-39B4-11E8-BF66-D9AA8AFF4A69	SUBJECT_PROCESS	0C51AAE3-0594-4A51-9405-4FC4214A0041	FILE_OBJECT_FILE	EVENT_READ	1523030811736121164
849EC153-39B4-11E8-BF66-D9AA8AFF4A69	SUBJECT_PROCESS	0C51AAE3-0594-4A51-9405-4FC4214A0041	FILE_OBJECT_FILE	EVENT_READ	1523030811736121164
849EC153-39B4-11E8-BF66-D9AA8AFF4A69	SUBJECT_PROCESS	0C51AAE3-0594-4A51-9405-4FC4214A0041	FILE_OBJECT_FILE	EVENT_READ	1523030811736121164
849EC153-39B4-11E8-BF66-D9AA8AFF4A69	SUBJECT_PROCESS	0C51AAE3-0594-4A51-9405-4FC4214A0041	FILE_OBJECT_FILE	EVENT_LSEEK	1523030811736121164
849EC153-39B4-11E8-BF66-D9AA8AFF4A69	SUBJECT_PROCESS	0C51AAE3-0594-4A51-9405-4FC4214A0041	FILE_OBJECT_FILE	EVENT_READ	1523030811736121164
849EC153-39B4-11E8-BF66-D9AA8AFF4A69	SUBJECT_PROCESS	0C51AAE3-0594-4A51-9405-4FC4214A0041	FILE_OBJECT_FILE	EVENT_READ	1523030811736121164
849EC153-39B4-11E8-BF66-D9AA8AFF4A69	SUBJECT_PROCESS	0C51AAE3-0594-4A51-9405-4FC4214A0041	FILE_OBJECT_FILE	EVENT_LSEEK	1523030811736121164
849EC153-39B4-11E8-BF66-D9AA8AFF4A69	SUBJECT_PROCESS	0C51AAE3-0594-4A51-9405-4FC4214A0041	FILE_OBJECT_FILE	EVENT_READ	1523030811736121164
849EC153-39B4-11E8-BF66-D9AA8AFF4A69	SUBJECT_PROCESS	0C51AAE3-0594-4A51-9405-4FC4214A0041	FILE_OBJECT_FILE	EVENT_LSEEK	1523030811736121164
849EC153-39B4-11E8-BF66-D9AA8AFF4A69	SUBJECT_PROCESS	0C51AAE3-0594-4A51-9405-4FC4214A0041	FILE_OBJECT_FILE	EVENT_READ	1523030811736121164
849EC153-39B4-11E8-BF66-D9AA8AFF4A69	SUBJECT_PROCESS	0C51AAE3-0594-4A51-9405-4FC4214A0041	FILE_OBJECT_FILE	EVENT_LSEEK	1523030811736121164
849EC153-39B4-11E8-BF66-D9AA8AFF4A69	SUBJECT_PROCESS	0C51AAE3-0594-4A51-9405-4FC4214A0041	FILE_OBJECT_FILE	EVENT_READ	1523030811736121164
849EC153-39B4-11E8-BF66-D9AA8AFF4A69	SUBJECT_PROCESS	0C51AAE3-0594-4A51-9405-4FC4214A0041	FILE_OBJECT_FILE	EVENT_LSEEK	1523030811736121164
849EC153-39B4-11E8-BF66-D9AA8AFF4A69	SUBJECT_PROCESS	0C51AAE3-0594-4A51-9405-4FC4214A0041	FILE_OBJECT_FILE	EVENT_READ	1523030811736121164
849EC153-39B4-11E8-BF66-D9AA8AFF4A69	SUBJECT_PROCESS	0C51AAE3-0594-4A51-9405-4FC4214A0041	FILE_OBJECT_FILE	EVENT_LSEEK	1523030811736121164
849EC153-39B4-11E8-BF66-D9AA8AFF4A69	SUBJECT_PROCESS	0C51AAE3-0594-4A51-9405-4FC4214A0041	FILE_OBJECT_FILE	EVENT_READ	1523030811736121164
849EC153-39B4-11E8-BF66-D9AA8AFF4A69	SUBJECT_PROCESS	0C51AAE3-0594-4A51-9405-4FC4214A0041	FILE_OBJECT_FILE	EVENT_LSEEK	1523030811736121164
849EC153-39B4-11E8-BF66-D9AA8AFF4A69	SUBJECT_PROCESS	0C51AAE3-0594-4A51-9405-4FC4214A0041	FILE_OBJECT_FILE	EVENT_READ	1523030811736121164
849EC153-39B4-11E8-BF66-D9AA8AFF4A69	SUBJECT_PROCESS	0C51AAE3-0594-4A51-9405-4FC4214A0041	FILE_OBJECT_FILE	EVENT_READ	1523030811736121164
849EC153-39B4-11E8-BF66-D9AA8AFF4A69	SUBJECT_PROCESS	0C51AAE3-0594-4A51-9405-4FC4214A0041	FILE_OBJECT_FILE	EVENT_READ	1523030811736121164
849EC153-39B4-11E8-BF66-D9AA8AFF4A69	SUBJECT_PROCESS	0C51AAE3-0594-4A51-9405-4FC4214A0041	FILE_OBJECT_FILE	EVENT_READ	1523030811736121164
849EC153-39B4-11E8-BF66-D9AA8AFF4A69	SUBJECT_PROCESS	0C51AAE3-0594-4A51-9405-4FC4214A0041	FILE_OBJECT_FILE	EVENT_READ	1523030811746122925
849EC153-39B4-11E8-BF66-D9AA8AFF4A69	SUBJECT_PROCESS	0C51AAE3-0594-4A51-9405-4FC4214A0041	FILE_OBJECT_FILE	EVENT_LSEEK	1523030811746122925
849EC153-39B4-11E8-BF66-D9AA8AFF4A69	SUBJECT_PROCESS	0C51AAE3-0594-4A51-9405-4FC4214A0041	FILE_OBJECT_FILE	EVENT_READ	1523030811746122925
849EC153-39B4-11E8-BF66-D9AA8AFF4A69	SUBJECT_PROCESS	0C51AAE3-0594-4A51-9405-4FC4214A0041	FILE_OBJECT_FILE	EVENT_LSEEK	1523030811746122925
849EC153-39B4-11E8-BF66-D9AA8AFF4A69	SUBJECT_PROCESS	0C51AAE3-0594-4A51-9405-4FC4214A0041	FILE_OBJECT_FILE	EVENT_READ	1523030811746122925
849EC153-39B4-11E8-BF66-D9AA8AFF4A69	SUBJECT_PROCESS	0C51AAE3-0594-4A51-9405-4FC4214A0041	FILE_OBJECT_FILE	EVENT_LSEEK	1523030811746122925
849EC153-39B4-11E8-BF66-D9AA8AFF4A69	SUBJECT_PROCESS	0C51AAE3-0594-4A51-9405-4FC4214A0041	FILE_OBJECT_FILE	EVENT_READ	1523030811746122925
849EC153-39B4-11E8-BF66-D9AA8AFF4A69	SUBJECT_PROCESS	0C51AAE3-0594-4A51-9405-4FC4214A0041	FILE_OBJECT_FILE	EVENT_LSEEK	1523030811746122925
849EC153-39B4-11E8-BF66-D9AA8AFF4A69	SUBJECT_PROCESS	0C51AAE3-0594-4A51-9405-4FC4214A0041	FILE_OBJECT_FILE	EVENT_READ	1523030811746122925
849EC153-39B4-11E8-BF66-D9AA8AFF4A69	SUBJECT_PROCESS	0C51AAE3-0594-4A51-9405-4FC4214A0041	FILE_OBJECT_FILE	EVENT_LSEEK	1523030811746122925
849EC153-39B4-11E8-BF66-D9AA8AFF4A69	SUBJECT_PROCESS	0C51AAE3-0594-4A51-9405-4FC4214A0041	FILE_OBJECT_FILE	EVENT_READ	1523030811746122925
849EC153-39B4-11E8-BF66-D9AA8AFF4A69	SUBJECT_PROCESS	0C51AAE3-0594-4A51-9405-4FC4214A0041	FILE_OBJECT_FILE	EVENT_LSEEK	1523030811746122925
849EC153-39B4-11E8-BF66-D9AA8AFF4A69	SUBJECT_PROCESS	0C51AAE3-0594-4A51-9405-4FC4214A0041	FILE_OBJECT_FILE	EVENT_READ	1523030811746122925
849EC153-39B4-11E8-BF66-D9AA8AFF4A69	SUBJECT_PROCESS	0C51AAE3-0594-4A51-9405-4FC4214A0041	FILE_OBJECT_FILE	EVENT_LSEEK	1523030811746122925
849EC153-39B4-11E8-BF66-D9AA8AFF4A69	SUBJECT_PROCESS	0C51AAE3-0594-4A51-9405-4FC4214A0041	FILE_OBJECT_FILE	EVENT_READ	1523030811746122925
849EC153-39B4-11E8-BF66-D9AA8AFF4A69	SUBJECT_PROCESS	0C51AAE3-0594-4A51-9405-4FC4214A0041	FILE_OBJECT_FILE	EVENT_LSEEK	1523030811746122925
849EC153-39B4-11E8-BF66-D9AA8AFF4A69	SUBJECT_PROCESS	0C51AAE3-0594-4A51-9405-4FC4214A0041	FILE_OBJECT_FILE	EVENT_READ	1523030811746122925
849EC153-39B4-11E8-BF66-D9AA8AFF4A69	SUBJECT_PROCESS	0C51AAE3-0594-4A51-9405-4FC4214A0041	FILE_OBJECT_FILE	EVENT_LSEEK	1523030811746122925
849EC153-39B4-11E8-BF66-D9AA8AFF4A69	SUBJECT_PROCESS	0C51AAE3-0594-4A51-9405-4FC4214A0041	FILE_OBJECT_FILE	EVENT_READ	1523030811746122925
849EC153-39B4-11E8-BF66-D9AA8AFF4A69	SUBJECT_PROCESS	0C51AAE3-0594-4A51-9405-4FC4214A0041	FILE_OBJECT_FILE	EVENT_LSEEK	1523030811746122925
849EC153-39B4-11E8-BF66-D9AA8AFF4A69	SUBJECT_PROCESS	0C51AAE3-0594-4A51-9405-4FC4214A0041	FILE_OBJECT_FILE	EVENT_READ	1523030811746122925
849EC153-39B4-11E8-BF66-D9AA8AFF4A69	SUBJECT_PROCESS	0C51AAE3-0594-4A51-9405-4FC4214A0041	FILE_OBJECT_FILE	EVENT_READ	1523030811746122925
849EC153-39B4-11E8-BF66-D9AA8AFF4A69	SUBJECT_PROCESS	0C51AAE3-0594-4A51-9405-4FC4214A0041	FILE_OBJECT_FILE	EVENT_READ	1523030811746122925
849EC153-39B4-11E8-BF66-D9AA8AFF4A69	SUBJECT_PROCESS	0C51AAE3-0594-4A51-9405-4FC4214A0041	FILE_OBJECT_FILE	EVENT_READ	1523030811746122925
849EC153-39B4-11E8-BF66-D9AA8AFF4A69	SUBJECT_PROCESS	0C51AAE3-0594-4A51-9405-4FC4214A0041	FILE_OBJECT_FILE	EVENT_LSEEK	1523030811746122925
849EC153-39B4-11E8-BF66-D9AA8AFF4A69	SUBJECT_PROCESS	0C51AAE3-0594-4A51-9405-4FC4214A0041	FILE_OBJECT_FILE	EVENT_READ	1523030811746122925
849EC153-39B4-11E8-BF66-D9AA8AFF4A69	SUBJECT_PROCESS	0C51AAE3-0594-4A51-9405-4FC4214A0041	FILE_OBJECT_FILE	EVENT_LSEEK	1523030811746122925
849EC153-39B4-11E8-BF66-D9AA8AFF4A69	SUBJECT_PROCESS	0C51AAE3-0594-4A51-9405-4FC4214A0041	FILE_OBJECT_FILE	EVENT_READ	1523030811746122925
849EC153-39B4-11E8-BF66-D9AA8AFF4A69	SUBJECT_PROCESS	0C51AAE3-0594-4A51-9405-4FC4214A0041	FILE_OBJECT_FILE	EVENT_LSEEK	1523030811746122925
849EC153-39B4-11E8-BF66-D9AA8AFF4A69	SUBJECT_PROCESS	0C51AAE3-0594-4A51-9405-4FC4214A0041	FILE_OBJECT_FILE	EVENT_READ	1523030811746122925
849EC153-39B4-11E8-BF66-D9AA8AFF4A69	SUBJECT_PROCESS	0C51AAE3-0594-4A51-9405-4FC4214A0041	FILE_OBJECT_FILE	EVENT_READ	1523030811746122925
849EC153-39B4-11E8-BF66-D9AA8AFF4A69	SUBJECT_PROCESS	0C51AAE3-0594-4A51-9405-4FC4214A0041	FILE_OBJECT_FILE	EVENT_LSEEK	1523030811746122925
849EC153-39B4-11E8-BF66-D9AA8AFF4A69	SUBJECT_PROCESS	0C51AAE3-0594-4A51-9405-4FC4214A0041	FILE_OBJECT_FILE	EVENT_READ	1523030811746122925
849EC153-39B4-11E8-BF66-D9AA8AFF4A69	SUBJECT_PROCESS	0C51AAE3-0594-4A51-9405-4FC4214A0041	FILE_OBJECT_FILE	EVENT_READ	1523030811756119746
849EC153-39B4-11E8-BF66-D9AA8AFF4A69	SUBJECT_PROCESS	0C51AAE3-0594-4A51-9405-4FC4214A0041	FILE_OBJECT_FILE	EVENT_READ	1523030811756119746
849EC153-39B4-11E8-BF66-D9AA8AFF4A69	SUBJECT_PROCESS	0C51AAE3-0594-4A51-9405-4FC4214A0041	FILE_OBJECT_FILE	EVENT_READ	1523030811756119746
849EC153-39B4-11E8-BF66-D9AA8AFF4A69	SUBJECT_PROCESS	0C51AAE3-0594-4A51-9405-4FC4214A0041	FILE_OBJECT_FILE	EVENT_READ	1523030811756119746
849EC153-39B4-11E8-BF66-D9AA8AFF4A69	SUBJECT_PROCESS	0C51AAE3-0594-4A51-9405-4FC4214A0041	FILE_OBJECT_FILE	EVENT_READ	1523030811756119746
849EC153-39B4-11E8-BF66-D9AA8AFF4A69	SUBJECT_PROCESS	0C51AAE3-0594-4A51-9405-4FC4214A0041	FILE_OBJECT_FILE	EVENT_LSEEK	1523030811756119746
849EC153-39B4-11E8-BF66-D9AA8AFF4A69	SUBJECT_PROCESS	0C51AAE3-0594-4A51-9405-4FC4214A0041	FILE_OBJECT_FILE	EVENT_READ	1523030811756119746
849EC153-39B4-11E8-BF66-D9AA8AFF4A69	SUBJECT_PROCESS	0C51AAE3-0594-4A51-9405-4FC4214A0041	FILE_OBJECT_FILE	EVENT_LSEEK	1523030811756119746
849EC153-39B4-11E8-BF66-D9AA8AFF4A69	SUBJECT_PROCESS	0C51AAE3-0594-4A51-9405-4FC4214A0041	FILE_OBJECT_FILE	EVENT_READ	1523030811756119746
849EC153-39B4-11E8-BF66-D9AA8AFF4A69	SUBJECT_PROCESS	0C51AAE3-0594-4A51-9405-4FC4214A0041	FILE_OBJECT_FILE	EVENT_READ	1523030811756119746
849EC153-39B4-11E8-BF66-D9AA8AFF4A69	SUBJECT_PROCESS	0C51AAE3-0594-4A51-9405-4FC4214A0041	FILE_OBJECT_FILE	EVENT_LSEEK	1523030811756119746
849EC153-39B4-11E8-BF66-D9AA8AFF4A69	SUBJECT_PROCESS	0C51AAE3-0594-4A51-9405-4FC4214A0041	FILE_OBJECT_FILE	EVENT_READ	1523030811756119746
849EC153-39B4-11E8-BF66-D9AA8AFF4A69	SUBJECT_PROCESS	0C51AAE3-0594-4A51-9405-4FC4214A0041	FILE_OBJECT_FILE	EVENT_READ	1523030811756119746
849EC153-39B4-11E8-BF66-D9AA8AFF4A69	SUBJECT_PROCESS	0C51AAE3-0594-4A51-9405-4FC4214A0041	FILE_OBJECT_FILE	EVENT_LSEEK	1523030811756119746
849EC153-39B4-11E8-BF66-D9AA8AFF4A69	SUBJECT_PROCESS	0C51AAE3-0594-4A51-9405-4FC4214A0041	FILE_OBJECT_FILE	EVENT_READ	1523030811756119746
849EC153-39B4-11E8-BF66-D9AA8AFF4A69	SUBJECT_PROCESS	0C51AAE3-0594-4A51-9405-4FC4214A0041	FILE_OBJECT_FILE	EVENT_LSEEK	1523030811756119746
849EC153-39B4-11E8-BF66-D9AA8AFF4A69	SUBJECT_PROCESS	0C51AAE3-0594-4A51-9405-4FC4214A0041	FILE_OBJECT_FILE	EVENT_READ	1523030811756119746
849EC153-39B4-11E8-BF66-D9AA8AFF4A69	SUBJECT_PROCESS	0C51AAE3-0594-4A51-9405-4FC4214A0041	FILE_OBJECT_FILE	EVENT_READ	1523030811756119746
849EC153-39B4-11E8-BF66-D9AA8AFF4A69	SUBJECT_PROCESS	0C51AAE3-0594-4A51-9405-4FC4214A0041	FILE_OBJECT_FILE	EVENT_READ	1523030811756119746
849EC153-39B4-11E8-BF66-D9AA8AFF4A69	SUBJECT_PROCESS	0C51AAE3-0594-4A51-9405-4FC4214A0041	FILE_OBJECT_FILE	EVENT_READ	1523030811756119746
849EC153-39B4-11E8-BF66-D9AA8AFF4A69	SUBJECT_PROCESS	0C51AAE3-0594-4A51-9405-4FC4214A0041	FILE_OBJECT_FILE	EVENT_READ	1523030811756119746
849EC153-39B4-11E8-BF66-D9AA8AFF4A69	SUBJECT_PROCESS	0C51AAE3-0594-4A51-9405-4FC4214A0041	FILE_OBJECT_FILE	EVENT_LSEEK	1523030811756119746
849EC153-39B4-11E8-BF66-D9AA8AFF4A69	SUBJECT_PROCESS	0C51AAE3-0594-4A51-9405-4FC4214A0041	FILE_OBJECT_FILE	EVENT_READ	1523030811756119746
849EC153-39B4-11E8-BF66-D9AA8AFF4A69	SUBJECT_PROCESS	0C51AAE3-0594-4A51-9405-4FC4214A0041	FILE_OBJECT_FILE	EVENT_LSEEK	1523030811756119746
849EC153-39B4-11E8-BF66-D9AA8AFF4A69	SUBJECT_PROCESS	0C51AAE3-0594-4A51-9405-4FC4214A0041	FILE_OBJECT_FILE	EVENT_READ	1523030811756119746
849EC153-39B4-11E8-BF66-D9AA8AFF4A69	SUBJECT_PROCESS	0C51AAE3-0594-4A51-9405-4FC4214A0041	FILE_OBJECT_FILE	EVENT_LSEEK	1523030811756119746
849EC153-39B4-11E8-BF66-D9AA8AFF4A69	SUBJECT_PROCESS	0C51AAE3-0594-4A51-9405-4FC4214A0041	FILE_OBJECT_FILE	EVENT_READ	1523030811756119746
849EC153-39B4-11E8-BF66-D9AA8AFF4A69	SUBJECT_PROCESS	0C51AAE3-0594-4A51-9405-4FC4214A0041	FILE_OBJECT_FILE	EVENT_LSEEK	1523030811756119746
849EC153-39B4-11E8-BF66-D9AA8AFF4A69	SUBJECT_PROCESS	0C51AAE3-0594-4A51-9405-4FC4214A0041	FILE_OBJECT_FILE	EVENT_READ	1523030811756119746
849EC153-39B4-11E8-BF66-D9AA8AFF4A69	SUBJECT_PROCESS	0C51AAE3-0594-4A51-9405-4FC4214A0041	FILE_OBJECT_FILE	EVENT_LSEEK	1523030811756119746
849EC153-39B4-11E8-BF66-D9AA8AFF4A69	SUBJECT_PROCESS	0C51AAE3-0594-4A51-9405-4FC4214A0041	FILE_OBJECT_FILE	EVENT_READ	1523030811756119746
849EC153-39B4-11E8-BF66-D9AA8AFF4A69	SUBJECT_PROCESS	0C51AAE3-0594-4A51-9405-4FC4214A0041	FILE_OBJECT_FILE	EVENT_LSEEK	1523030811756119746
849EC153-39B4-11E8-BF66-D9AA8AFF4A69	SUBJECT_PROCESS	0C51AAE3-0594-4A51-9405-4FC4214A0041	FILE_OBJECT_FILE	EVENT_READ	1523030811756119746
849EC153-39B4-11E8-BF66-D9AA8AFF4A69	SUBJECT_PROCESS	0C51AAE3-0594-4A51-9405-4FC4214A0041	FILE_OBJECT_FILE	EVENT_READ	1523030811766117226
849EC153-39B4-11E8-BF66-D9AA8AFF4A69	SUBJECT_PROCESS	0C51AAE3-0594-4A51-9405-4FC4214A0041	FILE_OBJECT_FILE	EVENT_READ	1523030811766117226
849EC153-39B4-11E8-BF66-D9AA8AFF4A69	SUBJECT_PROCESS	0C51AAE3-0594-4A51-9405-4FC4214A0041	FILE_OBJECT_FILE	EVENT_LSEEK	1523030811766117226
849EC153-39B4-11E8-BF66-D9AA8AFF4A69	SUBJECT_PROCESS	0C51AAE3-0594-4A51-9405-4FC4214A0041	FILE_OBJECT_FILE	EVENT_READ	1523030811766117226
849EC153-39B4-11E8-BF66-D9AA8AFF4A69	SUBJECT_PROCESS	0C51AAE3-0594-4A51-9405-4FC4214A0041	FILE_OBJECT_FILE	EVENT_LSEEK	1523030811766117226
849EC153-39B4-11E8-BF66-D9AA8AFF4A69	SUBJECT_PROCESS	0C51AAE3-0594-4A51-9405-4FC4214A0041	FILE_OBJECT_FILE	EVENT_READ	1523030811766117226
849EC153-39B4-11E8-BF66-D9AA8AFF4A69	SUBJECT_PROCESS	0C51AAE3-0594-4A51-9405-4FC4214A0041	FILE_OBJECT_FILE	EVENT_LSEEK	1523030811766117226
849EC153-39B4-11E8-BF66-D9AA8AFF4A69	SUBJECT_PROCESS	0C51AAE3-0594-4A51-9405-4FC4214A0041	FILE_OBJECT_FILE	EVENT_READ	1523030811766117226
849EC153-39B4-11E8-BF66-D9AA8AFF4A69	SUBJECT_PROCESS	0C51AAE3-0594-4A51-9405-4FC4214A0041	FILE_OBJECT_FILE	EVENT_LSEEK	1523030811766117226
849EC153-39B4-11E8-BF66-D9AA8AFF4A69	SUBJECT_PROCESS	0C51AAE3-0594-4A51-9405-4FC4214A0041	FILE_OBJECT_FILE	EVENT_READ	1523030811766117226
849EC153-39B4-11E8-BF66-D9AA8AFF4A69	SUBJECT_PROCESS	0C51AAE3-0594-4A51-9405-4FC4214A0041	FILE_OBJECT_FILE	EVENT_LSEEK	1523030811766117226
849EC153-39B4-11E8-BF66-D9AA8AFF4A69	SUBJECT_PROCESS	0C51AAE3-0594-4A51-9405-4FC4214A0041	FILE_OBJECT_FILE	EVENT_READ	1523030811766117226
849EC153-39B4-11E8-BF66-D9AA8AFF4A69	SUBJECT_PROCESS	0C51AAE3-0594-4A51-9405-4FC4214A0041	FILE_OBJECT_FILE	EVENT_LSEEK	1523030811766117226
849EC153-39B4-11E8-BF66-D9AA8AFF4A69	SUBJECT_PROCESS	0C51AAE3-0594-4A51-9405-4FC4214A0041	FILE_OBJECT_FILE	EVENT_READ	1523030811766117226
849EC153-39B4-11E8-BF66-D9AA8AFF4A69	SUBJECT_PROCESS	0C51AAE3-0594-4A51-9405-4FC4214A0041	FILE_OBJECT_FILE	EVENT_LSEEK	1523030811766117226
849EC153-39B4-11E8-BF66-D9AA8AFF4A69	SUBJECT_PROCESS	0C51AAE3-0594-4A51-9405-4FC4214A0041	FILE_OBJECT_FILE	EVENT_READ	1523030811766117226
849EC153-39B4-11E8-BF66-D9AA8AFF4A69	SUBJECT_PROCESS	0C51AAE3-0594-4A51-9405-4FC4214A0041	FILE_OBJECT_FILE	EVENT_LSEEK	1523030811766117226
849EC153-39B4-11E8-BF66-D9AA8AFF4A69	SUBJECT_PROCESS	0C51AAE3-0594-4A51-9405-4FC4214A0041	FILE_OBJECT_FILE	EVENT_READ	1523030811766117226
849EC153-39B4-11E8-BF66-D9AA8AFF4A69	SUBJECT_PROCESS	0C51AAE3-0594-4A51-9405-4FC4214A0041	FILE_OBJECT_FILE	EVENT_READ	1523030811766117226
849EC153-39B4-11E8-BF66-D9AA8AFF4A69	SUBJECT_PROCESS	0C51AAE3-0594-4A51-9405-4FC4214A0041	FILE_OBJECT_FILE	EVENT_READ	1523030811766117226
849EC153-39B4-11E8-BF66-D9AA8AFF4A69	SUBJECT_PROCESS	0C51AAE3-0594-4A51-9405-4FC4214A0041	FILE_OBJECT_FILE	EVENT_LSEEK	1523030811766117226
849EC153-39B4-11E8-BF66-D9AA8AFF4A69	SUBJECT_PROCESS	0C51AAE3-0594-4A51-9405-4FC4214A0041	FILE_OBJECT_FILE	EVENT_READ	1523030811766117226
849EC153-39B4-11E8-BF66-D9AA8AFF4A69	SUBJECT_PROCESS	0C51AAE3-0594-4A51-9405-4FC4214A0041	FILE_OBJECT_FILE	EVENT_READ	1523030811766117226
849EC153-39B4-11E8-BF66-D9AA8AFF4A69	SUBJECT_PROCESS	0C51AAE3-0594-4A51-9405-4FC4214A0041	FILE_OBJECT_FILE	EVENT_READ	1523030811766117226
849EC153-39B4-11E8-BF66-D9AA8AFF4A69	SUBJECT_PROCESS	0C51AAE3-0594-4A51-9405-4FC4214A0041	FILE_OBJECT_FILE	EVENT_LSEEK	1523030811766117226
849EC153-39B4-11E8-BF66-D9AA8AFF4A69	SUBJECT_PROCESS	0C51AAE3-0594-4A51-9405-4FC4214A0041	FILE_OBJECT_FILE	EVENT_READ	1523030811766117226
849EC153-39B4-11E8-BF66-D9AA8AFF4A69	SUBJECT_PROCESS	0C51AAE3-0594-4A51-9405-4FC4214A0041	FILE_OBJECT_FILE	EVENT_READ	1523030811766117226
849EC153-39B4-11E8-BF66-D9AA8AFF4A69	SUBJECT_PROCESS	0C51AAE3-0594-4A51-9405-4FC4214A0041	FILE_OBJECT_FILE	EVENT_READ	1523030811766117226
849EC153-39B4-11E8-BF66-D9AA8AFF4A69	SUBJECT_PROCESS	0C51AAE3-0594-4A51-9405-4FC4214A0041	FILE_OBJECT_FILE	EVENT_LSEEK	1523030811766117226
849EC153-39B4-11E8-BF66-D9AA8AFF4A69	SUBJECT_PROCESS	0C51AAE3-0594-4A51-9405-4FC4214A0041	FILE_OBJECT_FILE	EVENT_READ	1523030811766117226
849EC153-39B4-11E8-BF66-D9AA8AFF4A69	SUBJECT_PROCESS	0C51AAE3-0594-4A51-9405-4FC4214A0041	FILE_OBJECT_FILE	EVENT_LSEEK	1523030811766117226
849EC153-39B4-11E8-BF66-D9AA8AFF4A69	SUBJECT_PROCESS	0C51AAE3-0594-4A51-9405-4FC4214A0041	FILE_OBJECT_FILE	EVENT_READ	1523030811766117226
849EC153-39B4-11E8-BF66-D9AA8AFF4A69	SUBJECT_PROCESS	0C51AAE3-0594-4A51-9405-4FC4214A0041	FILE_OBJECT_FILE	EVENT_LSEEK	1523030811766117226
849EC153-39B4-11E8-BF66-D9AA8AFF4A69	SUBJECT_PROCESS	0C51AAE3-0594-4A51-9405-4FC4214A0041	FILE_OBJECT_FILE	EVENT_READ	1523030811776121657
849EC153-39B4-11E8-BF66-D9AA8AFF4A69	SUBJECT_PROCESS	0C51AAE3-0594-4A51-9405-4FC4214A0041	FILE_OBJECT_FILE	EVENT_READ	1523030811776121657
849EC153-39B4-11E8-BF66-D9AA8AFF4A69	SUBJECT_PROCESS	0C51AAE3-0594-4A51-9405-4FC4214A0041	FILE_OBJECT_FILE	EVENT_LSEEK	1523030811776121657
849EC153-39B4-11E8-BF66-D9AA8AFF4A69	SUBJECT_PROCESS	0C51AAE3-0594-4A51-9405-4FC4214A0041	FILE_OBJECT_FILE	EVENT_READ	1523030811776121657
849EC153-39B4-11E8-BF66-D9AA8AFF4A69	SUBJECT_PROCESS	0C51AAE3-0594-4A51-9405-4FC4214A0041	FILE_OBJECT_FILE	EVENT_READ	1523030811776121657
849EC153-39B4-11E8-BF66-D9AA8AFF4A69	SUBJECT_PROCESS	0C51AAE3-0594-4A51-9405-4FC4214A0041	FILE_OBJECT_FILE	EVENT_LSEEK	1523030811776121657
849EC153-39B4-11E8-BF66-D9AA8AFF4A69	SUBJECT_PROCESS	0C51AAE3-0594-4A51-9405-4FC4214A0041	FILE_OBJECT_FILE	EVENT_READ	1523030811776121657
849EC153-39B4-11E8-BF66-D9AA8AFF4A69	SUBJECT_PROCESS	0C51AAE3-0594-4A51-9405-4FC4214A0041	FILE_OBJECT_FILE	EVENT_LSEEK	1523030811776121657
849EC153-39B4-11E8-BF66-D9AA8AFF4A69	SUBJECT_PROCESS	0C51AAE3-0594-4A51-9405-4FC4214A0041	FILE_OBJECT_FILE	EVENT_READ	1523030811776121657
849EC153-39B4-11E8-BF66-D9AA8AFF4A69	SUBJECT_PROCESS	0C51AAE3-0594-4A51-9405-4FC4214A0041	FILE_OBJECT_FILE	EVENT_LSEEK	1523030811776121657
849EC153-39B4-11E8-BF66-D9AA8AFF4A69	SUBJECT_PROCESS	0C51AAE3-0594-4A51-9405-4FC4214A0041	FILE_OBJECT_FILE	EVENT_READ	1523030811776121657
849EC153-39B4-11E8-BF66-D9AA8AFF4A69	SUBJECT_PROCESS	0C51AAE3-0594-4A51-9405-4FC4214A0041	FILE_OBJECT_FILE	EVENT_READ	1523030811776121657
849EC153-39B4-11E8-BF66-D9AA8AFF4A69	SUBJECT_PROCESS	0C51AAE3-0594-4A51-9405-4FC4214A0041	FILE_OBJECT_FILE	EVENT_LSEEK	1523030811776121657
849EC153-39B4-11E8-BF66-D9AA8AFF4A69	SUBJECT_PROCESS	0C51AAE3-0594-4A51-9405-4FC4214A0041	FILE_OBJECT_FILE	EVENT_READ	1523030811776121657
849EC153-39B4-11E8-BF66-D9AA8AFF4A69	SUBJECT_PROCESS	0C51AAE3-0594-4A51-9405-4FC4214A0041	FILE_OBJECT_FILE	EVENT_READ	1523030811776121657
849EC153-39B4-11E8-BF66-D9AA8AFF4A69	SUBJECT_PROCESS	0C51AAE3-0594-4A51-9405-4FC4214A0041	FILE_OBJECT_FILE	EVENT_READ	1523030811776121657
849EC153-39B4-11E8-BF66-D9AA8AFF4A69	SUBJECT_PROCESS	0C51AAE3-0594-4A51-9405-4FC4214A0041	FILE_OBJECT_FILE	EVENT_READ	1523030811776121657
849EC153-39B4-11E8-BF66-D9AA8AFF4A69	SUBJECT_PROCESS	0C51AAE3-0594-4A51-9405-4FC4214A0041	FILE_OBJECT_FILE	EVENT_LSEEK	1523030811776121657
849EC153-39B4-11E8-BF66-D9AA8AFF4A69	SUBJECT_PROCESS	0C51AAE3-0594-4A51-9405-4FC4214A0041	FILE_OBJECT_FILE	EVENT_READ	1523030811776121657
849EC153-39B4-11E8-BF66-D9AA8AFF4A69	SUBJECT_PROCESS	0C51AAE3-0594-4A51-9405-4FC4214A0041	FILE_OBJECT_FILE	EVENT_READ	1523030811776121657
849EC153-39B4-11E8-BF66-D9AA8AFF4A69	SUBJECT_PROCESS	0C51AAE3-0594-4A51-9405-4FC4214A0041	FILE_OBJECT_FILE	EVENT_LSEEK	1523030811776121657
849EC153-39B4-11E8-BF66-D9AA8AFF4A69	SUBJECT_PROCESS	0C51AAE3-0594-4A51-9405-4FC4214A0041	FILE_OBJECT_FILE	EVENT_READ	1523030811776121657
849EC153-39B4-11E8-BF66-D9AA8AFF4A69	SUBJECT_PROCESS	0C51AAE3-0594-4A51-9405-4FC4214A0041	FILE_OBJECT_FILE	EVENT_READ	1523030811776121657
849EC153-39B4-11E8-BF66-D9AA8AFF4A69	SUBJECT_PROCESS	0C51AAE3-0594-4A51-9405-4FC4214A0041	FILE_OBJECT_FILE	EVENT_LSEEK	1523030811776121657
849EC153-39B4-11E8-BF66-D9AA8AFF4A69	SUBJECT_PROCESS	0C51AAE3-0594-4A51-9405-4FC4214A0041	FILE_OBJECT_FILE	EVENT_READ	1523030811776121657
849EC153-39B4-11E8-BF66-D9AA8AFF4A69	SUBJECT_PROCESS	0C51AAE3-0594-4A51-9405-4FC4214A0041	FILE_OBJECT_FILE	EVENT_LSEEK	1523030811776121657
849EC153-39B4-11E8-BF66-D9AA8AFF4A69	SUBJECT_PROCESS	0C51AAE3-0594-4A51-9405-4FC4214A0041	FILE_OBJECT_FILE	EVENT_READ	1523030811776121657
849EC153-39B4-11E8-BF66-D9AA8AFF4A69	SUBJECT_PROCESS	0C51AAE3-0594-4A51-9405-4FC4214A0041	FILE_OBJECT_FILE	EVENT_LSEEK	1523030811776121657
849EC153-39B4-11E8-BF66-D9AA8AFF4A69	SUBJECT_PROCESS	0C51AAE3-0594-4A51-9405-4FC4214A0041	FILE_OBJECT_FILE	EVENT_READ	1523030811786120778
849EC153-39B4-11E8-BF66-D9AA8AFF4A69	SUBJECT_PROCESS	0C51AAE3-0594-4A51-9405-4FC4214A0041	FILE_OBJECT_FILE	EVENT_LSEEK	1523030811786120778
849EC153-39B4-11E8-BF66-D9AA8AFF4A69	SUBJECT_PROCESS	0C51AAE3-0594-4A51-9405-4FC4214A0041	FILE_OBJECT_FILE	EVENT_READ	1523030811786120778
849EC153-39B4-11E8-BF66-D9AA8AFF4A69	SUBJECT_PROCESS	0C51AAE3-0594-4A51-9405-4FC4214A0041	FILE_OBJECT_FILE	EVENT_LSEEK	1523030811786120778
849EC153-39B4-11E8-BF66-D9AA8AFF4A69	SUBJECT_PROCESS	0C51AAE3-0594-4A51-9405-4FC4214A0041	FILE_OBJECT_FILE	EVENT_READ	1523030811786120778
849EC153-39B4-11E8-BF66-D9AA8AFF4A69	SUBJECT_PROCESS	0C51AAE3-0594-4A51-9405-4FC4214A0041	FILE_OBJECT_FILE	EVENT_LSEEK	1523030811786120778
849EC153-39B4-11E8-BF66-D9AA8AFF4A69	SUBJECT_PROCESS	0C51AAE3-0594-4A51-9405-4FC4214A0041	FILE_OBJECT_FILE	EVENT_READ	1523030811786120778
849EC153-39B4-11E8-BF66-D9AA8AFF4A69	SUBJECT_PROCESS	0C51AAE3-0594-4A51-9405-4FC4214A0041	FILE_OBJECT_FILE	EVENT_LSEEK	1523030811786120778
849EC153-39B4-11E8-BF66-D9AA8AFF4A69	SUBJECT_PROCESS	0C51AAE3-0594-4A51-9405-4FC4214A0041	FILE_OBJECT_FILE	EVENT_READ	1523030811786120778
849EC153-39B4-11E8-BF66-D9AA8AFF4A69	SUBJECT_PROCESS	0C51AAE3-0594-4A51-9405-4FC4214A0041	FILE_OBJECT_FILE	EVENT_LSEEK	1523030811786120778
849EC153-39B4-11E8-BF66-D9AA8AFF4A69	SUBJECT_PROCESS	0C51AAE3-0594-4A51-9405-4FC4214A0041	FILE_OBJECT_FILE	EVENT_READ	1523030811786120778
849EC153-39B4-11E8-BF66-D9AA8AFF4A69	SUBJECT_PROCESS	0C51AAE3-0594-4A51-9405-4FC4214A0041	FILE_OBJECT_FILE	EVENT_LSEEK	1523030811786120778
849EC153-39B4-11E8-BF66-D9AA8AFF4A69	SUBJECT_PROCESS	0C51AAE3-0594-4A51-9405-4FC4214A0041	FILE_OBJECT_FILE	EVENT_READ	1523030811786120778
849EC153-39B4-11E8-BF66-D9AA8AFF4A69	SUBJECT_PROCESS	0C51AAE3-0594-4A51-9405-4FC4214A0041	FILE_OBJECT_FILE	EVENT_LSEEK	1523030811786120778
849EC153-39B4-11E8-BF66-D9AA8AFF4A69	SUBJECT_PROCESS	0C51AAE3-0594-4A51-9405-4FC4214A0041	FILE_OBJECT_FILE	EVENT_READ	1523030811786120778
849EC153-39B4-11E8-BF66-D9AA8AFF4A69	SUBJECT_PROCESS	0C51AAE3-0594-4A51-9405-4FC4214A0041	FILE_OBJECT_FILE	EVENT_LSEEK	1523030811786120778
849EC153-39B4-11E8-BF66-D9AA8AFF4A69	SUBJECT_PROCESS	0C51AAE3-0594-4A51-9405-4FC4214A0041	FILE_OBJECT_FILE	EVENT_READ	1523030811786120778
849EC153-39B4-11E8-BF66-D9AA8AFF4A69	SUBJECT_PROCESS	0C51AAE3-0594-4A51-9405-4FC4214A0041	FILE_OBJECT_FILE	EVENT_LSEEK	1523030811786120778
849EC153-39B4-11E8-BF66-D9AA8AFF4A69	SUBJECT_PROCESS	0C51AAE3-0594-4A51-9405-4FC4214A0041	FILE_OBJECT_FILE	EVENT_READ	1523030811786120778
849EC153-39B4-11E8-BF66-D9AA8AFF4A69	SUBJECT_PROCESS	0C51AAE3-0594-4A51-9405-4FC4214A0041	FILE_OBJECT_FILE	EVENT_LSEEK	1523030811786120778
849EC153-39B4-11E8-BF66-D9AA8AFF4A69	SUBJECT_PROCESS	0C51AAE3-0594-4A51-9405-4FC4214A0041	FILE_OBJECT_FILE	EVENT_READ	1523030811786120778
849EC153-39B4-11E8-BF66-D9AA8AFF4A69	SUBJECT_PROCESS	0C51AAE3-0594-4A51-9405-4FC4214A0041	FILE_OBJECT_FILE	EVENT_LSEEK	1523030811786120778
849EC153-39B4-11E8-BF66-D9AA8AFF4A69	SUBJECT_PROCESS	0C51AAE3-0594-4A51-9405-4FC4214A0041	FILE_OBJECT_FILE	EVENT_READ	1523030811786120778
849EC153-39B4-11E8-BF66-D9AA8AFF4A69	SUBJECT_PROCESS	0C51AAE3-0594-4A51-9405-4FC4214A0041	FILE_OBJECT_FILE	EVENT_LSEEK	1523030811786120778
849EC153-39B4-11E8-BF66-D9AA8AFF4A69	SUBJECT_PROCESS	0C51AAE3-0594-4A51-9405-4FC4214A0041	FILE_OBJECT_FILE	EVENT_READ	1523030811796124009
849EC153-39B4-11E8-BF66-D9AA8AFF4A69	SUBJECT_PROCESS	0C51AAE3-0594-4A51-9405-4FC4214A0041	FILE_OBJECT_FILE	EVENT_LSEEK	1523030811796124009
849EC153-39B4-11E8-BF66-D9AA8AFF4A69	SUBJECT_PROCESS	0C51AAE3-0594-4A51-9405-4FC4214A0041	FILE_OBJECT_FILE	EVENT_READ	1523030811796124009
849EC153-39B4-11E8-BF66-D9AA8AFF4A69	SUBJECT_PROCESS	0C51AAE3-0594-4A51-9405-4FC4214A0041	FILE_OBJECT_FILE	EVENT_LSEEK	1523030811796124009
849EC153-39B4-11E8-BF66-D9AA8AFF4A69	SUBJECT_PROCESS	0C51AAE3-0594-4A51-9405-4FC4214A0041	FILE_OBJECT_FILE	EVENT_READ	1523030811796124009
849EC153-39B4-11E8-BF66-D9AA8AFF4A69	SUBJECT_PROCESS	0C51AAE3-0594-4A51-9405-4FC4214A0041	FILE_OBJECT_FILE	EVENT_LSEEK	1523030811796124009
849EC153-39B4-11E8-BF66-D9AA8AFF4A69	SUBJECT_PROCESS	0C51AAE3-0594-4A51-9405-4FC4214A0041	FILE_OBJECT_FILE	EVENT_READ	1523030811796124009
849EC153-39B4-11E8-BF66-D9AA8AFF4A69	SUBJECT_PROCESS	0C51AAE3-0594-4A51-9405-4FC4214A0041	FILE_OBJECT_FILE	EVENT_LSEEK	1523030811796124009
849EC153-39B4-11E8-BF66-D9AA8AFF4A69	SUBJECT_PROCESS	0C51AAE3-0594-4A51-9405-4FC4214A0041	FILE_OBJECT_FILE	EVENT_READ	1523030811796124009
849EC153-39B4-11E8-BF66-D9AA8AFF4A69	SUBJECT_PROCESS	0C51AAE3-0594-4A51-9405-4FC4214A0041	FILE_OBJECT_FILE	EVENT_LSEEK	1523030811796124009
849EC153-39B4-11E8-BF66-D9AA8AFF4A69	SUBJECT_PROCESS	0C51AAE3-0594-4A51-9405-4FC4214A0041	FILE_OBJECT_FILE	EVENT_READ	1523030811796124009
849EC153-39B4-11E8-BF66-D9AA8AFF4A69	SUBJECT_PROCESS	0C51AAE3-0594-4A51-9405-4FC4214A0041	FILE_OBJECT_FILE	EVENT_LSEEK	1523030811796124009
849EC153-39B4-11E8-BF66-D9AA8AFF4A69	SUBJECT_PROCESS	0C51AAE3-0594-4A51-9405-4FC4214A0041	FILE_OBJECT_FILE	EVENT_READ	1523030811796124009
849EC153-39B4-11E8-BF66-D9AA8AFF4A69	SUBJECT_PROCESS	0C51AAE3-0594-4A51-9405-4FC4214A0041	FILE_OBJECT_FILE	EVENT_LSEEK	1523030811796124009
849EC153-39B4-11E8-BF66-D9AA8AFF4A69	SUBJECT_PROCESS	0C51AAE3-0594-4A51-9405-4FC4214A0041	FILE_OBJECT_FILE	EVENT_READ	1523030811796124009
849EC153-39B4-11E8-BF66-D9AA8AFF4A69	SUBJECT_PROCESS	0C51AAE3-0594-4A51-9405-4FC4214A0041	FILE_OBJECT_FILE	EVENT_LSEEK	1523030811796124009
849EC153-39B4-11E8-BF66-D9AA8AFF4A69	SUBJECT_PROCESS	0C51AAE3-0594-4A51-9405-4FC4214A0041	FILE_OBJECT_FILE	EVENT_READ	1523030811796124009
849EC153-39B4-11E8-BF66-D9AA8AFF4A69	SUBJECT_PROCESS	0C51AAE3-0594-4A51-9405-4FC4214A0041	FILE_OBJECT_FILE	EVENT_LSEEK	1523030811796124009
849EC153-39B4-11E8-BF66-D9AA8AFF4A69	SUBJECT_PROCESS	0C51AAE3-0594-4A51-9405-4FC4214A0041	FILE_OBJECT_FILE	EVENT_READ	1523030811796124009
849EC153-39B4-11E8-BF66-D9AA8AFF4A69	SUBJECT_PROCESS	0C51AAE3-0594-4A51-9405-4FC4214A0041	FILE_OBJECT_FILE	EVENT_LSEEK	1523030811796124009
849EC153-39B4-11E8-BF66-D9AA8AFF4A69	SUBJECT_PROCESS	0C51AAE3-0594-4A51-9405-4FC4214A0041	FILE_OBJECT_FILE	EVENT_READ	1523030811796124009
849EC153-39B4-11E8-BF66-D9AA8AFF4A69	SUBJECT_PROCESS	0C51AAE3-0594-4A51-9405-4FC4214A0041	FILE_OBJECT_FILE	EVENT_LSEEK	1523030811796124009
849EC153-39B4-11E8-BF66-D9AA8AFF4A69	SUBJECT_PROCESS	0C51AAE3-0594-4A51-9405-4FC4214A0041	FILE_OBJECT_FILE	EVENT_READ	1523030811796124009
849EC153-39B4-11E8-BF66-D9AA8AFF4A69	SUBJECT_PROCESS	0C51AAE3-0594-4A51-9405-4FC4214A0041	FILE_OBJECT_FILE	EVENT_LSEEK	1523030811796124009
849EC153-39B4-11E8-BF66-D9AA8AFF4A69	SUBJECT_PROCESS	0C51AAE3-0594-4A51-9405-4FC4214A0041	FILE_OBJECT_FILE	EVENT_READ	1523030811796124009
849EC153-39B4-11E8-BF66-D9AA8AFF4A69	SUBJECT_PROCESS	0C51AAE3-0594-4A51-9405-4FC4214A0041	FILE_OBJECT_FILE	EVENT_LSEEK	1523030811796124009
849EC153-39B4-11E8-BF66-D9AA8AFF4A69	SUBJECT_PROCESS	0C51AAE3-0594-4A51-9405-4FC4214A0041	FILE_OBJECT_FILE	EVENT_READ	1523030811796124009
849EC153-39B4-11E8-BF66-D9AA8AFF4A69	SUBJECT_PROCESS	0C51AAE3-0594-4A51-9405-4FC4214A0041	FILE_OBJECT_FILE	EVENT_LSEEK	1523030811796124009
849EC153-39B4-11E8-BF66-D9AA8AFF4A69	SUBJECT_PROCESS	0C51AAE3-0594-4A51-9405-4FC4214A0041	FILE_OBJECT_FILE	EVENT_READ	1523030811796124009
849EC153-39B4-11E8-BF66-D9AA8AFF4A69	SUBJECT_PROCESS	0C51AAE3-0594-4A51-9405-4FC4214A0041	FILE_OBJECT_FILE	EVENT_LSEEK	1523030811806129049
849EC153-39B4-11E8-BF66-D9AA8AFF4A69	SUBJECT_PROCESS	0C51AAE3-0594-4A51-9405-4FC4214A0041	FILE_OBJECT_FILE	EVENT_READ	1523030811806129049
849EC153-39B4-11E8-BF66-D9AA8AFF4A69	SUBJECT_PROCESS	0C51AAE3-0594-4A51-9405-4FC4214A0041	FILE_OBJECT_FILE	EVENT_LSEEK	1523030811806129049
849EC153-39B4-11E8-BF66-D9AA8AFF4A69	SUBJECT_PROCESS	0C51AAE3-0594-4A51-9405-4FC4214A0041	FILE_OBJECT_FILE	EVENT_READ	1523030811806129049
849EC153-39B4-11E8-BF66-D9AA8AFF4A69	SUBJECT_PROCESS	0C51AAE3-0594-4A51-9405-4FC4214A0041	FILE_OBJECT_FILE	EVENT_LSEEK	1523030811806129049
849EC153-39B4-11E8-BF66-D9AA8AFF4A69	SUBJECT_PROCESS	0C51AAE3-0594-4A51-9405-4FC4214A0041	FILE_OBJECT_FILE	EVENT_READ	1523030811806129049
849EC153-39B4-11E8-BF66-D9AA8AFF4A69	SUBJECT_PROCESS	0C51AAE3-0594-4A51-9405-4FC4214A0041	FILE_OBJECT_FILE	EVENT_LSEEK	1523030811806129049
849EC153-39B4-11E8-BF66-D9AA8AFF4A69	SUBJECT_PROCESS	0C51AAE3-0594-4A51-9405-4FC4214A0041	FILE_OBJECT_FILE	EVENT_READ	1523030811806129049
849EC153-39B4-11E8-BF66-D9AA8AFF4A69	SUBJECT_PROCESS	0C51AAE3-0594-4A51-9405-4FC4214A0041	FILE_OBJECT_FILE	EVENT_LSEEK	1523030811806129049
849EC153-39B4-11E8-BF66-D9AA8AFF4A69	SUBJECT_PROCESS	0C51AAE3-0594-4A51-9405-4FC4214A0041	FILE_OBJECT_FILE	EVENT_READ	1523030811806129049
849EC153-39B4-11E8-BF66-D9AA8AFF4A69	SUBJECT_PROCESS	0C51AAE3-0594-4A51-9405-4FC4214A0041	FILE_OBJECT_FILE	EVENT_LSEEK	1523030811806129049
849EC153-39B4-11E8-BF66-D9AA8AFF4A69	SUBJECT_PROCESS	0C51AAE3-0594-4A51-9405-4FC4214A0041	FILE_OBJECT_FILE	EVENT_READ	1523030811806129049
849EC153-39B4-11E8-BF66-D9AA8AFF4A69	SUBJECT_PROCESS	0C51AAE3-0594-4A51-9405-4FC4214A0041	FILE_OBJECT_FILE	EVENT_LSEEK	1523030811806129049
849EC153-39B4-11E8-BF66-D9AA8AFF4A69	SUBJECT_PROCESS	0C51AAE3-0594-4A51-9405-4FC4214A0041	FILE_OBJECT_FILE	EVENT_READ	1523030811806129049
849EC153-39B4-11E8-BF66-D9AA8AFF4A69	SUBJECT_PROCESS	0C51AAE3-0594-4A51-9405-4FC4214A0041	FILE_OBJECT_FILE	EVENT_LSEEK	1523030811806129049
849EC153-39B4-11E8-BF66-D9AA8AFF4A69	SUBJECT_PROCESS	0C51AAE3-0594-4A51-9405-4FC4214A0041	FILE_OBJECT_FILE	EVENT_READ	1523030811806129049
849EC153-39B4-11E8-BF66-D9AA8AFF4A69	SUBJECT_PROCESS	0C51AAE3-0594-4A51-9405-4FC4214A0041	FILE_OBJECT_FILE	EVENT_LSEEK	1523030811806129049
849EC153-39B4-11E8-BF66-D9AA8AFF4A69	SUBJECT_PROCESS	0C51AAE3-0594-4A51-9405-4FC4214A0041	FILE_OBJECT_FILE	EVENT_READ	1523030811806129049
849EC153-39B4-11E8-BF66-D9AA8AFF4A69	SUBJECT_PROCESS	0C51AAE3-0594-4A51-9405-4FC4214A0041	FILE_OBJECT_FILE	EVENT_LSEEK	1523030811806129049
849EC153-39B4-11E8-BF66-D9AA8AFF4A69	SUBJECT_PROCESS	0C51AAE3-0594-4A51-9405-4FC4214A0041	FILE_OBJECT_FILE	EVENT_READ	1523030811806129049
849EC153-39B4-11E8-BF66-D9AA8AFF4A69	SUBJECT_PROCESS	0C51AAE3-0594-4A51-9405-4FC4214A0041	FILE_OBJECT_FILE	EVENT_LSEEK	1523030811806129049
849EC153-39B4-11E8-BF66-D9AA8AFF4A69	SUBJECT_PROCESS	0C51AAE3-0594-4A51-9405-4FC4214A0041	FILE_OBJECT_FILE	EVENT_READ	1523030811806129049
849EC153-39B4-11E8-BF66-D9AA8AFF4A69	SUBJECT_PROCESS	0C51AAE3-0594-4A51-9405-4FC4214A0041	FILE_OBJECT_FILE	EVENT_LSEEK	1523030811806129049
849EC153-39B4-11E8-BF66-D9AA8AFF4A69	SUBJECT_PROCESS	0C51AAE3-0594-4A51-9405-4FC4214A0041	FILE_OBJECT_FILE	EVENT_READ	1523030811806129049
849EC153-39B4-11E8-BF66-D9AA8AFF4A69	SUBJECT_PROCESS	0C51AAE3-0594-4A51-9405-4FC4214A0041	FILE_OBJECT_FILE	EVENT_LSEEK	1523030811806129049
849EC153-39B4-11E8-BF66-D9AA8AFF4A69	SUBJECT_PROCESS	0C51AAE3-0594-4A51-9405-4FC4214A0041	FILE_OBJECT_FILE	EVENT_READ	1523030811806129049
849EC153-39B4-11E8-BF66-D9AA8AFF4A69	SUBJECT_PROCESS	0C51AAE3-0594-4A51-9405-4FC4214A0041	FILE_OBJECT_FILE	EVENT_LSEEK	1523030811806129049
849EC153-39B4-11E8-BF66-D9AA8AFF4A69	SUBJECT_PROCESS	0C51AAE3-0594-4A51-9405-4FC4214A0041	FILE_OBJECT_FILE	EVENT_READ	1523030811806129049
849EC153-39B4-11E8-BF66-D9AA8AFF4A69	SUBJECT_PROCESS	0C51AAE3-0594-4A51-9405-4FC4214A0041	FILE_OBJECT_FILE	EVENT_LSEEK	1523030811806129049
849EC153-39B4-11E8-BF66-D9AA8AFF4A69	SUBJECT_PROCESS	0C51AAE3-0594-4A51-9405-4FC4214A0041	FILE_OBJECT_FILE	EVENT_READ	1523030811806129049
849EC153-39B4-11E8-BF66-D9AA8AFF4A69	SUBJECT_PROCESS	0C51AAE3-0594-4A51-9405-4FC4214A0041	FILE_OBJECT_FILE	EVENT_LSEEK	1523030811806129049
849EC153-39B4-11E8-BF66-D9AA8AFF4A69	SUBJECT_PROCESS	0C51AAE3-0594-4A51-9405-4FC4214A0041	FILE_OBJECT_FILE	EVENT_READ	1523030811806129049
849EC153-39B4-11E8-BF66-D9AA8AFF4A69	SUBJECT_PROCESS	0C51AAE3-0594-4A51-9405-4FC4214A0041	FILE_OBJECT_FILE	EVENT_LSEEK	1523030811806129049
849EC153-39B4-11E8-BF66-D9AA8AFF4A69	SUBJECT_PROCESS	0C51AAE3-0594-4A51-9405-4FC4214A0041	FILE_OBJECT_FILE	EVENT_READ	1523030811816122430
849EC153-39B4-11E8-BF66-D9AA8AFF4A69	SUBJECT_PROCESS	0C51AAE3-0594-4A51-9405-4FC4214A0041	FILE_OBJECT_FILE	EVENT_LSEEK	1523030811816122430
849EC153-39B4-11E8-BF66-D9AA8AFF4A69	SUBJECT_PROCESS	0C51AAE3-0594-4A51-9405-4FC4214A0041	FILE_OBJECT_FILE	EVENT_READ	1523030811816122430
849EC153-39B4-11E8-BF66-D9AA8AFF4A69	SUBJECT_PROCESS	0C51AAE3-0594-4A51-9405-4FC4214A0041	FILE_OBJECT_FILE	EVENT_LSEEK	1523030811816122430
849EC153-39B4-11E8-BF66-D9AA8AFF4A69	SUBJECT_PROCESS	0C51AAE3-0594-4A51-9405-4FC4214A0041	FILE_OBJECT_FILE	EVENT_READ	1523030811816122430
849EC153-39B4-11E8-BF66-D9AA8AFF4A69	SUBJECT_PROCESS	0C51AAE3-0594-4A51-9405-4FC4214A0041	FILE_OBJECT_FILE	EVENT_LSEEK	1523030811816122430
849EC153-39B4-11E8-BF66-D9AA8AFF4A69	SUBJECT_PROCESS	0C51AAE3-0594-4A51-9405-4FC4214A0041	FILE_OBJECT_FILE	EVENT_READ	1523030811816122430
849EC153-39B4-11E8-BF66-D9AA8AFF4A69	SUBJECT_PROCESS	0C51AAE3-0594-4A51-9405-4FC4214A0041	FILE_OBJECT_FILE	EVENT_LSEEK	1523030811816122430
849EC153-39B4-11E8-BF66-D9AA8AFF4A69	SUBJECT_PROCESS	0C51AAE3-0594-4A51-9405-4FC4214A0041	FILE_OBJECT_FILE	EVENT_READ	1523030811816122430
849EC153-39B4-11E8-BF66-D9AA8AFF4A69	SUBJECT_PROCESS	0C51AAE3-0594-4A51-9405-4FC4214A0041	FILE_OBJECT_FILE	EVENT_LSEEK	1523030811816122430
849EC153-39B4-11E8-BF66-D9AA8AFF4A69	SUBJECT_PROCESS	0C51AAE3-0594-4A51-9405-4FC4214A0041	FILE_OBJECT_FILE	EVENT_READ	1523030811816122430
849EC153-39B4-11E8-BF66-D9AA8AFF4A69	SUBJECT_PROCESS	0C51AAE3-0594-4A51-9405-4FC4214A0041	FILE_OBJECT_FILE	EVENT_LSEEK	1523030811816122430
849EC153-39B4-11E8-BF66-D9AA8AFF4A69	SUBJECT_PROCESS	0C51AAE3-0594-4A51-9405-4FC4214A0041	FILE_OBJECT_FILE	EVENT_READ	1523030811816122430
849EC153-39B4-11E8-BF66-D9AA8AFF4A69	SUBJECT_PROCESS	0C51AAE3-0594-4A51-9405-4FC4214A0041	FILE_OBJECT_FILE	EVENT_LSEEK	1523030811816122430
849EC153-39B4-11E8-BF66-D9AA8AFF4A69	SUBJECT_PROCESS	0C51AAE3-0594-4A51-9405-4FC4214A0041	FILE_OBJECT_FILE	EVENT_READ	1523030811816122430
849EC153-39B4-11E8-BF66-D9AA8AFF4A69	SUBJECT_PROCESS	0C51AAE3-0594-4A51-9405-4FC4214A0041	FILE_OBJECT_FILE	EVENT_LSEEK	1523030811816122430
849EC153-39B4-11E8-BF66-D9AA8AFF4A69	SUBJECT_PROCESS	0C51AAE3-0594-4A51-9405-4FC4214A0041	FILE_OBJECT_FILE	EVENT_READ	1523030811816122430
849EC153-39B4-11E8-BF66-D9AA8AFF4A69	SUBJECT_PROCESS	0C51AAE3-0594-4A51-9405-4FC4214A0041	FILE_OBJECT_FILE	EVENT_LSEEK	1523030811816122430
849EC153-39B4-11E8-BF66-D9AA8AFF4A69	SUBJECT_PROCESS	0C51AAE3-0594-4A51-9405-4FC4214A0041	FILE_OBJECT_FILE	EVENT_READ	1523030811816122430
849EC153-39B4-11E8-BF66-D9AA8AFF4A69	SUBJECT_PROCESS	0C51AAE3-0594-4A51-9405-4FC4214A0041	FILE_OBJECT_FILE	EVENT_LSEEK	1523030811816122430
849EC153-39B4-11E8-BF66-D9AA8AFF4A69	SUBJECT_PROCESS	0C51AAE3-0594-4A51-9405-4FC4214A0041	FILE_OBJECT_FILE	EVENT_READ	1523030811816122430
849EC153-39B4-11E8-BF66-D9AA8AFF4A69	SUBJECT_PROCESS	0C51AAE3-0594-4A51-9405-4FC4214A0041	FILE_OBJECT_FILE	EVENT_LSEEK	1523030811816122430
849EC153-39B4-11E8-BF66-D9AA8AFF4A69	SUBJECT_PROCESS	0C51AAE3-0594-4A51-9405-4FC4214A0041	FILE_OBJECT_FILE	EVENT_READ	1523030811816122430
849EC153-39B4-11E8-BF66-D9AA8AFF4A69	SUBJECT_PROCESS	0C51AAE3-0594-4A51-9405-4FC4214A0041	FILE_OBJECT_FILE	EVENT_LSEEK	1523030811816122430
849EC153-39B4-11E8-BF66-D9AA8AFF4A69	SUBJECT_PROCESS	0C51AAE3-0594-4A51-9405-4FC4214A0041	FILE_OBJECT_FILE	EVENT_READ	1523030811816122430
849EC153-39B4-11E8-BF66-D9AA8AFF4A69	SUBJECT_PROCESS	0C51AAE3-0594-4A51-9405-4FC4214A0041	FILE_OBJECT_FILE	EVENT_LSEEK	1523030811816122430
849EC153-39B4-11E8-BF66-D9AA8AFF4A69	SUBJECT_PROCESS	0C51AAE3-0594-4A51-9405-4FC4214A0041	FILE_OBJECT_FILE	EVENT_READ	1523030811816122430
849EC153-39B4-11E8-BF66-D9AA8AFF4A69	SUBJECT_PROCESS	0C51AAE3-0594-4A51-9405-4FC4214A0041	FILE_OBJECT_FILE	EVENT_LSEEK	1523030811816122430
849EC153-39B4-11E8-BF66-D9AA8AFF4A69	SUBJECT_PROCESS	0C51AAE3-0594-4A51-9405-4FC4214A0041	FILE_OBJECT_FILE	EVENT_READ	1523030811816122430
849EC153-39B4-11E8-BF66-D9AA8AFF4A69	SUBJECT_PROCESS	0C51AAE3-0594-4A51-9405-4FC4214A0041	FILE_OBJECT_FILE	EVENT_LSEEK	1523030811816122430
849EC153-39B4-11E8-BF66-D9AA8AFF4A69	SUBJECT_PROCESS	0C51AAE3-0594-4A51-9405-4FC4214A0041	FILE_OBJECT_FILE	EVENT_READ	1523030811816122430
849EC153-39B4-11E8-BF66-D9AA8AFF4A69	SUBJECT_PROCESS	0C51AAE3-0594-4A51-9405-4FC4214A0041	FILE_OBJECT_FILE	EVENT_LSEEK	1523030811816122430
849EC153-39B4-11E8-BF66-D9AA8AFF4A69	SUBJECT_PROCESS	0C51AAE3-0594-4A51-9405-4FC4214A0041	FILE_OBJECT_FILE	EVENT_READ	1523030811816122430
849EC153-39B4-11E8-BF66-D9AA8AFF4A69	SUBJECT_PROCESS	0C51AAE3-0594-4A51-9405-4FC4214A0041	FILE_OBJECT_FILE	EVENT_LSEEK	1523030811816122430
849EC153-39B4-11E8-BF66-D9AA8AFF4A69	SUBJECT_PROCESS	0C51AAE3-0594-4A51-9405-4FC4214A0041	FILE_OBJECT_FILE	EVENT_READ	1523030811826119351
849EC153-39B4-11E8-BF66-D9AA8AFF4A69	SUBJECT_PROCESS	0C51AAE3-0594-4A51-9405-4FC4214A0041	FILE_OBJECT_FILE	EVENT_LSEEK	1523030811826119351
849EC153-39B4-11E8-BF66-D9AA8AFF4A69	SUBJECT_PROCESS	0C51AAE3-0594-4A51-9405-4FC4214A0041	FILE_OBJECT_FILE	EVENT_READ	1523030811826119351
849EC153-39B4-11E8-BF66-D9AA8AFF4A69	SUBJECT_PROCESS	0C51AAE3-0594-4A51-9405-4FC4214A0041	FILE_OBJECT_FILE	EVENT_LSEEK	1523030811826119351
849EC153-39B4-11E8-BF66-D9AA8AFF4A69	SUBJECT_PROCESS	0C51AAE3-0594-4A51-9405-4FC4214A0041	FILE_OBJECT_FILE	EVENT_READ	1523030811826119351
849EC153-39B4-11E8-BF66-D9AA8AFF4A69	SUBJECT_PROCESS	0C51AAE3-0594-4A51-9405-4FC4214A0041	FILE_OBJECT_FILE	EVENT_LSEEK	1523030811826119351
849EC153-39B4-11E8-BF66-D9AA8AFF4A69	SUBJECT_PROCESS	0C51AAE3-0594-4A51-9405-4FC4214A0041	FILE_OBJECT_FILE	EVENT_READ	1523030811826119351
849EC153-39B4-11E8-BF66-D9AA8AFF4A69	SUBJECT_PROCESS	0C51AAE3-0594-4A51-9405-4FC4214A0041	FILE_OBJECT_FILE	EVENT_LSEEK	1523030811826119351
849EC153-39B4-11E8-BF66-D9AA8AFF4A69	SUBJECT_PROCESS	0C51AAE3-0594-4A51-9405-4FC4214A0041	FILE_OBJECT_FILE	EVENT_READ	1523030811826119351
849EC153-39B4-11E8-BF66-D9AA8AFF4A69	SUBJECT_PROCESS	0C51AAE3-0594-4A51-9405-4FC4214A0041	FILE_OBJECT_FILE	EVENT_LSEEK	1523030811826119351
849EC153-39B4-11E8-BF66-D9AA8AFF4A69	SUBJECT_PROCESS	0C51AAE3-0594-4A51-9405-4FC4214A0041	FILE_OBJECT_FILE	EVENT_READ	1523030811826119351
849EC153-39B4-11E8-BF66-D9AA8AFF4A69	SUBJECT_PROCESS	0C51AAE3-0594-4A51-9405-4FC4214A0041	FILE_OBJECT_FILE	EVENT_LSEEK	1523030811826119351
849EC153-39B4-11E8-BF66-D9AA8AFF4A69	SUBJECT_PROCESS	0C51AAE3-0594-4A51-9405-4FC4214A0041	FILE_OBJECT_FILE	EVENT_READ	1523030811826119351
849EC153-39B4-11E8-BF66-D9AA8AFF4A69	SUBJECT_PROCESS	0C51AAE3-0594-4A51-9405-4FC4214A0041	FILE_OBJECT_FILE	EVENT_LSEEK	1523030811826119351
849EC153-39B4-11E8-BF66-D9AA8AFF4A69	SUBJECT_PROCESS	0C51AAE3-0594-4A51-9405-4FC4214A0041	FILE_OBJECT_FILE	EVENT_READ	1523030811826119351
849EC153-39B4-11E8-BF66-D9AA8AFF4A69	SUBJECT_PROCESS	0C51AAE3-0594-4A51-9405-4FC4214A0041	FILE_OBJECT_FILE	EVENT_LSEEK	1523030811826119351
849EC153-39B4-11E8-BF66-D9AA8AFF4A69	SUBJECT_PROCESS	0C51AAE3-0594-4A51-9405-4FC4214A0041	FILE_OBJECT_FILE	EVENT_READ	1523030811826119351
849EC153-39B4-11E8-BF66-D9AA8AFF4A69	SUBJECT_PROCESS	0C51AAE3-0594-4A51-9405-4FC4214A0041	FILE_OBJECT_FILE	EVENT_LSEEK	1523030811826119351
849EC153-39B4-11E8-BF66-D9AA8AFF4A69	SUBJECT_PROCESS	0C51AAE3-0594-4A51-9405-4FC4214A0041	FILE_OBJECT_FILE	EVENT_READ	1523030811826119351
849EC153-39B4-11E8-BF66-D9AA8AFF4A69	SUBJECT_PROCESS	0C51AAE3-0594-4A51-9405-4FC4214A0041	FILE_OBJECT_FILE	EVENT_LSEEK	1523030811826119351
849EC153-39B4-11E8-BF66-D9AA8AFF4A69	SUBJECT_PROCESS	0C51AAE3-0594-4A51-9405-4FC4214A0041	FILE_OBJECT_FILE	EVENT_READ	1523030811826119351
849EC153-39B4-11E8-BF66-D9AA8AFF4A69	SUBJECT_PROCESS	0C51AAE3-0594-4A51-9405-4FC4214A0041	FILE_OBJECT_FILE	EVENT_LSEEK	1523030811826119351
849EC153-39B4-11E8-BF66-D9AA8AFF4A69	SUBJECT_PROCESS	0C51AAE3-0594-4A51-9405-4FC4214A0041	FILE_OBJECT_FILE	EVENT_READ	1523030811826119351
849EC153-39B4-11E8-BF66-D9AA8AFF4A69	SUBJECT_PROCESS	0C51AAE3-0594-4A51-9405-4FC4214A0041	FILE_OBJECT_FILE	EVENT_LSEEK	1523030811826119351
849EC153-39B4-11E8-BF66-D9AA8AFF4A69	SUBJECT_PROCESS	0C51AAE3-0594-4A51-9405-4FC4214A0041	FILE_OBJECT_FILE	EVENT_READ	1523030811826119351
849EC153-39B4-11E8-BF66-D9AA8AFF4A69	SUBJECT_PROCESS	0C51AAE3-0594-4A51-9405-4FC4214A0041	FILE_OBJECT_FILE	EVENT_LSEEK	1523030811826119351
849EC153-39B4-11E8-BF66-D9AA8AFF4A69	SUBJECT_PROCESS	0C51AAE3-0594-4A51-9405-4FC4214A0041	FILE_OBJECT_FILE	EVENT_READ	1523030811826119351
849EC153-39B4-11E8-BF66-D9AA8AFF4A69	SUBJECT_PROCESS	0C51AAE3-0594-4A51-9405-4FC4214A0041	FILE_OBJECT_FILE	EVENT_LSEEK	1523030811826119351
849EC153-39B4-11E8-BF66-D9AA8AFF4A69	SUBJECT_PROCESS	0C51AAE3-0594-4A51-9405-4FC4214A0041	FILE_OBJECT_FILE	EVENT_READ	1523030811826119351
849EC153-39B4-11E8-BF66-D9AA8AFF4A69	SUBJECT_PROCESS	0C51AAE3-0594-4A51-9405-4FC4214A0041	FILE_OBJECT_FILE	EVENT_LSEEK	1523030811826119351
849EC153-39B4-11E8-BF66-D9AA8AFF4A69	SUBJECT_PROCESS	0C51AAE3-0594-4A51-9405-4FC4214A0041	FILE_OBJECT_FILE	EVENT_READ	1523030811826119351
849EC153-39B4-11E8-BF66-D9AA8AFF4A69	SUBJECT_PROCESS	0C51AAE3-0594-4A51-9405-4FC4214A0041	FILE_OBJECT_FILE	EVENT_LSEEK	1523030811826119351
849EC153-39B4-11E8-BF66-D9AA8AFF4A69	SUBJECT_PROCESS	0C51AAE3-0594-4A51-9405-4FC4214A0041	FILE_OBJECT_FILE	EVENT_READ	1523030811826119351
849EC153-39B4-11E8-BF66-D9AA8AFF4A69	SUBJECT_PROCESS	0C51AAE3-0594-4A51-9405-4FC4214A0041	FILE_OBJECT_FILE	EVENT_LSEEK	1523030811836119162
849EC153-39B4-11E8-BF66-D9AA8AFF4A69	SUBJECT_PROCESS	0C51AAE3-0594-4A51-9405-4FC4214A0041	FILE_OBJECT_FILE	EVENT_READ	1523030811836119162
849EC153-39B4-11E8-BF66-D9AA8AFF4A69	SUBJECT_PROCESS	0C51AAE3-0594-4A51-9405-4FC4214A0041	FILE_OBJECT_FILE	EVENT_LSEEK	1523030811836119162
849EC153-39B4-11E8-BF66-D9AA8AFF4A69	SUBJECT_PROCESS	0C51AAE3-0594-4A51-9405-4FC4214A0041	FILE_OBJECT_FILE	EVENT_READ	1523030811836119162
849EC153-39B4-11E8-BF66-D9AA8AFF4A69	SUBJECT_PROCESS	0C51AAE3-0594-4A51-9405-4FC4214A0041	FILE_OBJECT_FILE	EVENT_LSEEK	1523030811836119162
849EC153-39B4-11E8-BF66-D9AA8AFF4A69	SUBJECT_PROCESS	0C51AAE3-0594-4A51-9405-4FC4214A0041	FILE_OBJECT_FILE	EVENT_READ	1523030811836119162
849EC153-39B4-11E8-BF66-D9AA8AFF4A69	SUBJECT_PROCESS	0C51AAE3-0594-4A51-9405-4FC4214A0041	FILE_OBJECT_FILE	EVENT_LSEEK	1523030811836119162
849EC153-39B4-11E8-BF66-D9AA8AFF4A69	SUBJECT_PROCESS	0C51AAE3-0594-4A51-9405-4FC4214A0041	FILE_OBJECT_FILE	EVENT_READ	1523030811836119162
849EC153-39B4-11E8-BF66-D9AA8AFF4A69	SUBJECT_PROCESS	0C51AAE3-0594-4A51-9405-4FC4214A0041	FILE_OBJECT_FILE	EVENT_LSEEK	1523030811836119162
849EC153-39B4-11E8-BF66-D9AA8AFF4A69	SUBJECT_PROCESS	0C51AAE3-0594-4A51-9405-4FC4214A0041	FILE_OBJECT_FILE	EVENT_READ	1523030811836119162
849EC153-39B4-11E8-BF66-D9AA8AFF4A69	SUBJECT_PROCESS	0C51AAE3-0594-4A51-9405-4FC4214A0041	FILE_OBJECT_FILE	EVENT_LSEEK	1523030811836119162
849EC153-39B4-11E8-BF66-D9AA8AFF4A69	SUBJECT_PROCESS	0C51AAE3-0594-4A51-9405-4FC4214A0041	FILE_OBJECT_FILE	EVENT_READ	1523030811836119162
849EC153-39B4-11E8-BF66-D9AA8AFF4A69	SUBJECT_PROCESS	0C51AAE3-0594-4A51-9405-4FC4214A0041	FILE_OBJECT_FILE	EVENT_LSEEK	1523030811836119162
849EC153-39B4-11E8-BF66-D9AA8AFF4A69	SUBJECT_PROCESS	0C51AAE3-0594-4A51-9405-4FC4214A0041	FILE_OBJECT_FILE	EVENT_READ	1523030811836119162
849EC153-39B4-11E8-BF66-D9AA8AFF4A69	SUBJECT_PROCESS	0C51AAE3-0594-4A51-9405-4FC4214A0041	FILE_OBJECT_FILE	EVENT_LSEEK	1523030811836119162
849EC153-39B4-11E8-BF66-D9AA8AFF4A69	SUBJECT_PROCESS	0C51AAE3-0594-4A51-9405-4FC4214A0041	FILE_OBJECT_FILE	EVENT_READ	1523030811836119162
849EC153-39B4-11E8-BF66-D9AA8AFF4A69	SUBJECT_PROCESS	0C51AAE3-0594-4A51-9405-4FC4214A0041	FILE_OBJECT_FILE	EVENT_LSEEK	1523030811836119162
849EC153-39B4-11E8-BF66-D9AA8AFF4A69	SUBJECT_PROCESS	0C51AAE3-0594-4A51-9405-4FC4214A0041	FILE_OBJECT_FILE	EVENT_READ	1523030811836119162
849EC153-39B4-11E8-BF66-D9AA8AFF4A69	SUBJECT_PROCESS	0C51AAE3-0594-4A51-9405-4FC4214A0041	FILE_OBJECT_FILE	EVENT_LSEEK	1523030811836119162
849EC153-39B4-11E8-BF66-D9AA8AFF4A69	SUBJECT_PROCESS	0C51AAE3-0594-4A51-9405-4FC4214A0041	FILE_OBJECT_FILE	EVENT_READ	1523030811836119162
849EC153-39B4-11E8-BF66-D9AA8AFF4A69	SUBJECT_PROCESS	0C51AAE3-0594-4A51-9405-4FC4214A0041	FILE_OBJECT_FILE	EVENT_LSEEK	1523030811836119162
849EC153-39B4-11E8-BF66-D9AA8AFF4A69	SUBJECT_PROCESS	0C51AAE3-0594-4A51-9405-4FC4214A0041	FILE_OBJECT_FILE	EVENT_READ	1523030811836119162
849EC153-39B4-11E8-BF66-D9AA8AFF4A69	SUBJECT_PROCESS	0C51AAE3-0594-4A51-9405-4FC4214A0041	FILE_OBJECT_FILE	EVENT_LSEEK	1523030811836119162
849EC153-39B4-11E8-BF66-D9AA8AFF4A69	SUBJECT_PROCESS	0C51AAE3-0594-4A51-9405-4FC4214A0041	FILE_OBJECT_FILE	EVENT_READ	1523030811836119162
849EC153-39B4-11E8-BF66-D9AA8AFF4A69	SUBJECT_PROCESS	0C51AAE3-0594-4A51-9405-4FC4214A0041	FILE_OBJECT_FILE	EVENT_LSEEK	1523030811836119162
849EC153-39B4-11E8-BF66-D9AA8AFF4A69	SUBJECT_PROCESS	0C51AAE3-0594-4A51-9405-4FC4214A0041	FILE_OBJECT_FILE	EVENT_READ	1523030811836119162
849EC153-39B4-11E8-BF66-D9AA8AFF4A69	SUBJECT_PROCESS	0C51AAE3-0594-4A51-9405-4FC4214A0041	FILE_OBJECT_FILE	EVENT_LSEEK	1523030811836119162
849EC153-39B4-11E8-BF66-D9AA8AFF4A69	SUBJECT_PROCESS	0C51AAE3-0594-4A51-9405-4FC4214A0041	FILE_OBJECT_FILE	EVENT_READ	1523030811836119162
849EC153-39B4-11E8-BF66-D9AA8AFF4A69	SUBJECT_PROCESS	0C51AAE3-0594-4A51-9405-4FC4214A0041	FILE_OBJECT_FILE	EVENT_LSEEK	1523030811836119162
849EC153-39B4-11E8-BF66-D9AA8AFF4A69	SUBJECT_PROCESS	0C51AAE3-0594-4A51-9405-4FC4214A0041	FILE_OBJECT_FILE	EVENT_READ	1523030811836119162
849EC153-39B4-11E8-BF66-D9AA8AFF4A69	SUBJECT_PROCESS	0C51AAE3-0594-4A51-9405-4FC4214A0041	FILE_OBJECT_FILE	EVENT_LSEEK	1523030811836119162
849EC153-39B4-11E8-BF66-D9AA8AFF4A69	SUBJECT_PROCESS	0C51AAE3-0594-4A51-9405-4FC4214A0041	FILE_OBJECT_FILE	EVENT_READ	1523030811836119162
849EC153-39B4-11E8-BF66-D9AA8AFF4A69	SUBJECT_PROCESS	0C51AAE3-0594-4A51-9405-4FC4214A0041	FILE_OBJECT_FILE	EVENT_LSEEK	1523030811836119162
849EC153-39B4-11E8-BF66-D9AA8AFF4A69	SUBJECT_PROCESS	0C51AAE3-0594-4A51-9405-4FC4214A0041	FILE_OBJECT_FILE	EVENT_READ	1523030811836119162
72FB0406-3678-11E8-BF66-D9AA8AFF4A69	SUBJECT_PROCESS	841B395D-39B4-11E8-BF66-D9AA8AFF4A69	FILE_OBJECT_UNIX_SOCKET	EVENT_CLOSE	1523030811846120873
849EC153-39B4-11E8-BF66-D9AA8AFF4A69	SUBJECT_PROCESS	0C51AAE3-0594-4A51-9405-4FC4214A0041	FILE_OBJECT_FILE	EVENT_LSEEK	1523030811846120873
849EC153-39B4-11E8-BF66-D9AA8AFF4A69	SUBJECT_PROCESS	0C51AAE3-0594-4A51-9405-4FC4214A0041	FILE_OBJECT_FILE	EVENT_READ	1523030811846120873
72FB0406-3678-11E8-BF66-D9AA8AFF4A69	SUBJECT_PROCESS	841B39C4-39B4-11E8-BF66-D9AA8AFF4A69	FILE_OBJECT_UNIX_SOCKET	EVENT_CLOSE	1523030811846120873
849EC153-39B4-11E8-BF66-D9AA8AFF4A69	SUBJECT_PROCESS	0C51AAE3-0594-4A51-9405-4FC4214A0041	FILE_OBJECT_FILE	EVENT_LSEEK	1523030811846120873
849EC153-39B4-11E8-BF66-D9AA8AFF4A69	SUBJECT_PROCESS	0C51AAE3-0594-4A51-9405-4FC4214A0041	FILE_OBJECT_FILE	EVENT_READ	1523030811846120873
72FB0406-3678-11E8-BF66-D9AA8AFF4A69	SUBJECT_PROCESS	84B9EF03-39B4-11E8-BF66-D9AA8AFF4A69	FILE_OBJECT_UNIX_SOCKET	EVENT_CREATE_OBJECT	1523030811846120873
72FB0406-3678-11E8-BF66-D9AA8AFF4A69	SUBJECT_PROCESS	84B9EF6C-39B4-11E8-BF66-D9AA8AFF4A69	FILE_OBJECT_UNIX_SOCKET	EVENT_CREATE_OBJECT	1523030811846120873
849EC153-39B4-11E8-BF66-D9AA8AFF4A69	SUBJECT_PROCESS	0C51AAE3-0594-4A51-9405-4FC4214A0041	FILE_OBJECT_FILE	EVENT_LSEEK	1523030811846120873
849EC153-39B4-11E8-BF66-D9AA8AFF4A69	SUBJECT_PROCESS	0C51AAE3-0594-4A51-9405-4FC4214A0041	FILE_OBJECT_FILE	EVENT_READ	1523030811846120873
849EC153-39B4-11E8-BF66-D9AA8AFF4A69	SUBJECT_PROCESS	0C51AAE3-0594-4A51-9405-4FC4214A0041	FILE_OBJECT_FILE	EVENT_LSEEK	1523030811846120873
849EC153-39B4-11E8-BF66-D9AA8AFF4A69	SUBJECT_PROCESS	0C51AAE3-0594-4A51-9405-4FC4214A0041	FILE_OBJECT_FILE	EVENT_READ	1523030811846120873
849EC153-39B4-11E8-BF66-D9AA8AFF4A69	SUBJECT_PROCESS	0C51AAE3-0594-4A51-9405-4FC4214A0041	FILE_OBJECT_FILE	EVENT_LSEEK	1523030811846120873
849EC153-39B4-11E8-BF66-D9AA8AFF4A69	SUBJECT_PROCESS	0C51AAE3-0594-4A51-9405-4FC4214A0041	FILE_OBJECT_FILE	EVENT_READ	1523030811846120873
849EC153-39B4-11E8-BF66-D9AA8AFF4A69	SUBJECT_PROCESS	0C51AAE3-0594-4A51-9405-4FC4214A0041	FILE_OBJECT_FILE	EVENT_LSEEK	1523030811846120873
849EC153-39B4-11E8-BF66-D9AA8AFF4A69	SUBJECT_PROCESS	0C51AAE3-0594-4A51-9405-4FC4214A0041	FILE_OBJECT_FILE	EVENT_READ	1523030811846120873
849EC153-39B4-11E8-BF66-D9AA8AFF4A69	SUBJECT_PROCESS	0C51AAE3-0594-4A51-9405-4FC4214A0041	FILE_OBJECT_FILE	EVENT_LSEEK	1523030811846120873
849EC153-39B4-11E8-BF66-D9AA8AFF4A69	SUBJECT_PROCESS	0C51AAE3-0594-4A51-9405-4FC4214A0041	FILE_OBJECT_FILE	EVENT_READ	1523030811846120873
849EC153-39B4-11E8-BF66-D9AA8AFF4A69	SUBJECT_PROCESS	0C51AAE3-0594-4A51-9405-4FC4214A0041	FILE_OBJECT_FILE	EVENT_LSEEK	1523030811846120873
849EC153-39B4-11E8-BF66-D9AA8AFF4A69	SUBJECT_PROCESS	0C51AAE3-0594-4A51-9405-4FC4214A0041	FILE_OBJECT_FILE	EVENT_READ	1523030811846120873
849EC153-39B4-11E8-BF66-D9AA8AFF4A69	SUBJECT_PROCESS	0C51AAE3-0594-4A51-9405-4FC4214A0041	FILE_OBJECT_FILE	EVENT_LSEEK	1523030811846120873
849EC153-39B4-11E8-BF66-D9AA8AFF4A69	SUBJECT_PROCESS	0C51AAE3-0594-4A51-9405-4FC4214A0041	FILE_OBJECT_FILE	EVENT_READ	1523030811846120873
849EC153-39B4-11E8-BF66-D9AA8AFF4A69	SUBJECT_PROCESS	0C51AAE3-0594-4A51-9405-4FC4214A0041	FILE_OBJECT_FILE	EVENT_LSEEK	1523030811846120873
849EC153-39B4-11E8-BF66-D9AA8AFF4A69	SUBJECT_PROCESS	0C51AAE3-0594-4A51-9405-4FC4214A0041	FILE_OBJECT_FILE	EVENT_READ	1523030811846120873
849EC153-39B4-11E8-BF66-D9AA8AFF4A69	SUBJECT_PROCESS	0C51AAE3-0594-4A51-9405-4FC4214A0041	FILE_OBJECT_FILE	EVENT_LSEEK	1523030811846120873
849EC153-39B4-11E8-BF66-D9AA8AFF4A69	SUBJECT_PROCESS	0C51AAE3-0594-4A51-9405-4FC4214A0041	FILE_OBJECT_FILE	EVENT_READ	1523030811846120873
849EC153-39B4-11E8-BF66-D9AA8AFF4A69	SUBJECT_PROCESS	0C51AAE3-0594-4A51-9405-4FC4214A0041	FILE_OBJECT_FILE	EVENT_LSEEK	1523030811846120873
849EC153-39B4-11E8-BF66-D9AA8AFF4A69	SUBJECT_PROCESS	0C51AAE3-0594-4A51-9405-4FC4214A0041	FILE_OBJECT_FILE	EVENT_READ	1523030811846120873
849EC153-39B4-11E8-BF66-D9AA8AFF4A69	SUBJECT_PROCESS	C53609B6-A912-B65B-92A9-B89E0BB6C2E1	FILE_OBJECT_FILE	EVENT_OPEN	1523030811846120873
849EC153-39B4-11E8-BF66-D9AA8AFF4A69	SUBJECT_PROCESS	C53609B6-A912-B65B-92A9-B89E0BB6C2E1	FILE_OBJECT_FILE	EVENT_READ	1523030811846120873
849EC153-39B4-11E8-BF66-D9AA8AFF4A69	SUBJECT_PROCESS	C53609B6-A912-B65B-92A9-B89E0BB6C2E1	FILE_OBJECT_FILE	EVENT_READ	1523030811846120873
849EC153-39B4-11E8-BF66-D9AA8AFF4A69	SUBJECT_PROCESS	C53609B6-A912-B65B-92A9-B89E0BB6C2E1	FILE_OBJECT_FILE	EVENT_READ	1523030811846120873
849EC153-39B4-11E8-BF66-D9AA8AFF4A69	SUBJECT_PROCESS	C53609B6-A912-B65B-92A9-B89E0BB6C2E1	FILE_OBJECT_FILE	EVENT_READ	1523030811846120873
849EC153-39B4-11E8-BF66-D9AA8AFF4A69	SUBJECT_PROCESS	C53609B6-A912-B65B-92A9-B89E0BB6C2E1	FILE_OBJECT_FILE	EVENT_READ	1523030811846120873
849EC153-39B4-11E8-BF66-D9AA8AFF4A69	SUBJECT_PROCESS	C53609B6-A912-B65B-92A9-B89E0BB6C2E1	FILE_OBJECT_FILE	EVENT_READ	1523030811846120873
849EC153-39B4-11E8-BF66-D9AA8AFF4A69	SUBJECT_PROCESS	C53609B6-A912-B65B-92A9-B89E0BB6C2E1	FILE_OBJECT_FILE	EVENT_READ	1523030811856112813
849EC153-39B4-11E8-BF66-D9AA8AFF4A69	SUBJECT_PROCESS	C53609B6-A912-B65B-92A9-B89E0BB6C2E1	FILE_OBJECT_FILE	EVENT_READ	1523030811856112813
849EC153-39B4-11E8-BF66-D9AA8AFF4A69	SUBJECT_PROCESS	C53609B6-A912-B65B-92A9-B89E0BB6C2E1	FILE_OBJECT_FILE	EVENT_READ	1523030811856112813
849EC153-39B4-11E8-BF66-D9AA8AFF4A69	SUBJECT_PROCESS	C53609B6-A912-B65B-92A9-B89E0BB6C2E1	FILE_OBJECT_FILE	EVENT_CLOSE	1523030811856112813
849EC153-39B4-11E8-BF66-D9AA8AFF4A69	SUBJECT_PROCESS	9F924E33-11DC-C954-9C11-ABA0F4C94D90	FILE_OBJECT_FILE	EVENT_OPEN	1523030811856112813
849EC153-39B4-11E8-BF66-D9AA8AFF4A69	SUBJECT_PROCESS	9F924E33-11DC-C954-9C11-ABA0F4C94D90	FILE_OBJECT_FILE	EVENT_READ	1523030811856112813
849EC153-39B4-11E8-BF66-D9AA8AFF4A69	SUBJECT_PROCESS	9F924E33-11DC-C954-9C11-ABA0F4C94D90	FILE_OBJECT_FILE	EVENT_READ	1523030811856112813
849EC153-39B4-11E8-BF66-D9AA8AFF4A69	SUBJECT_PROCESS	9F924E33-11DC-C954-9C11-ABA0F4C94D90	FILE_OBJECT_FILE	EVENT_CLOSE	1523030811856112813
849EC153-39B4-11E8-BF66-D9AA8AFF4A69	SUBJECT_PROCESS	C6372CCF-39E0-835A-A039-155BFA837272	FILE_OBJECT_FILE	EVENT_OPEN	1523030811856112813
849EC153-39B4-11E8-BF66-D9AA8AFF4A69	SUBJECT_PROCESS	C6372CCF-39E0-835A-A039-155BFA837272	FILE_OBJECT_FILE	EVENT_READ	1523030811856112813
849EC153-39B4-11E8-BF66-D9AA8AFF4A69	SUBJECT_PROCESS	C6372CCF-39E0-835A-A039-155BFA837272	FILE_OBJECT_FILE	EVENT_READ	1523030811856112813
849EC153-39B4-11E8-BF66-D9AA8AFF4A69	SUBJECT_PROCESS	C6372CCF-39E0-835A-A039-155BFA837272	FILE_OBJECT_FILE	EVENT_CLOSE	1523030811856112813
849EC153-39B4-11E8-BF66-D9AA8AFF4A69	SUBJECT_PROCESS	84BBEDA8-39B4-11E8-BF66-D9AA8AFF4A69	NetFlowObject	EVENT_CONNECT	1523030811856112813
849EC153-39B4-11E8-BF66-D9AA8AFF4A69	SUBJECT_PROCESS	84BBEDA8-39B4-11E8-BF66-D9AA8AFF4A69	NetFlowObject	EVENT_SENDTO	1523030811856112813
849EC153-39B4-11E8-BF66-D9AA8AFF4A69	SUBJECT_PROCESS	84BBEDA8-39B4-11E8-BF66-D9AA8AFF4A69	NetFlowObject	EVENT_RECVFROM	1523030811856112813
849EC153-39B4-11E8-BF66-D9AA8AFF4A69	SUBJECT_PROCESS	84BBEDA8-39B4-11E8-BF66-D9AA8AFF4A69	NetFlowObject	EVENT_CLOSE	1523030811856112813
849EC153-39B4-11E8-BF66-D9AA8AFF4A69	SUBJECT_PROCESS	2F088072-F622-7354-A2F6-2AA974734AA9	FILE_OBJECT_FILE	EVENT_OPEN	1523030811856112813
849EC153-39B4-11E8-BF66-D9AA8AFF4A69	SUBJECT_PROCESS	2F088072-F622-7354-A2F6-2AA974734AA9	FILE_OBJECT_FILE	EVENT_LSEEK	1523030811856112813
849EC153-39B4-11E8-BF66-D9AA8AFF4A69	SUBJECT_PROCESS	2F088072-F622-7354-A2F6-2AA974734AA9	FILE_OBJECT_FILE	EVENT_LSEEK	1523030811856112813
849EC153-39B4-11E8-BF66-D9AA8AFF4A69	SUBJECT_PROCESS	2F088072-F622-7354-A2F6-2AA974734AA9	FILE_OBJECT_FILE	EVENT_READ	1523030811856112813
849EC153-39B4-11E8-BF66-D9AA8AFF4A69	SUBJECT_PROCESS	2F088072-F622-7354-A2F6-2AA974734AA9	FILE_OBJECT_FILE	EVENT_READ	1523030811856112813
849EC153-39B4-11E8-BF66-D9AA8AFF4A69	SUBJECT_PROCESS	2F088072-F622-7354-A2F6-2AA974734AA9	FILE_OBJECT_FILE	EVENT_READ	1523030811856112813
849EC153-39B4-11E8-BF66-D9AA8AFF4A69	SUBJECT_PROCESS	2F088072-F622-7354-A2F6-2AA974734AA9	FILE_OBJECT_FILE	EVENT_READ	1523030811856112813
849EC153-39B4-11E8-BF66-D9AA8AFF4A69	SUBJECT_PROCESS	2F088072-F622-7354-A2F6-2AA974734AA9	FILE_OBJECT_FILE	EVENT_CLOSE	1523030811856112813
849EC153-39B4-11E8-BF66-D9AA8AFF4A69	SUBJECT_PROCESS	C6372CCF-39E0-835A-A039-155BFA837272	FILE_OBJECT_FILE	EVENT_OPEN	1523030811856112813
849EC153-39B4-11E8-BF66-D9AA8AFF4A69	SUBJECT_PROCESS	C6372CCF-39E0-835A-A039-155BFA837272	FILE_OBJECT_FILE	EVENT_READ	1523030811866112934
849EC153-39B4-11E8-BF66-D9AA8AFF4A69	SUBJECT_PROCESS	C6372CCF-39E0-835A-A039-155BFA837272	FILE_OBJECT_FILE	EVENT_CLOSE	1523030811866112934
849EC153-39B4-11E8-BF66-D9AA8AFF4A69	SUBJECT_PROCESS	2F088072-F622-7354-A2F6-2AA974734AA9	FILE_OBJECT_FILE	EVENT_OPEN	1523030811866112934
849EC153-39B4-11E8-BF66-D9AA8AFF4A69	SUBJECT_PROCESS	2F088072-F622-7354-A2F6-2AA974734AA9	FILE_OBJECT_FILE	EVENT_LSEEK	1523030811866112934
849EC153-39B4-11E8-BF66-D9AA8AFF4A69	SUBJECT_PROCESS	2F088072-F622-7354-A2F6-2AA974734AA9	FILE_OBJECT_FILE	EVENT_LSEEK	1523030811866112934
849EC153-39B4-11E8-BF66-D9AA8AFF4A69	SUBJECT_PROCESS	2F088072-F622-7354-A2F6-2AA974734AA9	FILE_OBJECT_FILE	EVENT_READ	1523030811866112934
849EC153-39B4-11E8-BF66-D9AA8AFF4A69	SUBJECT_PROCESS	2F088072-F622-7354-A2F6-2AA974734AA9	FILE_OBJECT_FILE	EVENT_READ	1523030811866112934
849EC153-39B4-11E8-BF66-D9AA8AFF4A69	SUBJECT_PROCESS	2F088072-F622-7354-A2F6-2AA974734AA9	FILE_OBJECT_FILE	EVENT_READ	1523030811866112934
849EC153-39B4-11E8-BF66-D9AA8AFF4A69	SUBJECT_PROCESS	2F088072-F622-7354-A2F6-2AA974734AA9	FILE_OBJECT_FILE	EVENT_READ	1523030811866112934
849EC153-39B4-11E8-BF66-D9AA8AFF4A69	SUBJECT_PROCESS	2F088072-F622-7354-A2F6-2AA974734AA9	FILE_OBJECT_FILE	EVENT_CLOSE	1523030811866112934
849EC153-39B4-11E8-BF66-D9AA8AFF4A69	SUBJECT_PROCESS	2F088072-F622-7354-A2F6-2AA974734AA9	FILE_OBJECT_FILE	EVENT_OPEN	1523030811866112934
849EC153-39B4-11E8-BF66-D9AA8AFF4A69	SUBJECT_PROCESS	2F088072-F622-7354-A2F6-2AA974734AA9	FILE_OBJECT_FILE	EVENT_LSEEK	1523030811866112934
849EC153-39B4-11E8-BF66-D9AA8AFF4A69	SUBJECT_PROCESS	2F088072-F622-7354-A2F6-2AA974734AA9	FILE_OBJECT_FILE	EVENT_LSEEK	1523030811866112934
849EC153-39B4-11E8-BF66-D9AA8AFF4A69	SUBJECT_PROCESS	2F088072-F622-7354-A2F6-2AA974734AA9	FILE_OBJECT_FILE	EVENT_READ	1523030811866112934
849EC153-39B4-11E8-BF66-D9AA8AFF4A69	SUBJECT_PROCESS	2F088072-F622-7354-A2F6-2AA974734AA9	FILE_OBJECT_FILE	EVENT_READ	1523030811866112934
849EC153-39B4-11E8-BF66-D9AA8AFF4A69	SUBJECT_PROCESS	2F088072-F622-7354-A2F6-2AA974734AA9	FILE_OBJECT_FILE	EVENT_READ	1523030811866112934
849EC153-39B4-11E8-BF66-D9AA8AFF4A69	SUBJECT_PROCESS	2F088072-F622-7354-A2F6-2AA974734AA9	FILE_OBJECT_FILE	EVENT_READ	1523030811866112934
849EC153-39B4-11E8-BF66-D9AA8AFF4A69	SUBJECT_PROCESS	2F088072-F622-7354-A2F6-2AA974734AA9	FILE_OBJECT_FILE	EVENT_CLOSE	1523030811866112934
849EC153-39B4-11E8-BF66-D9AA8AFF4A69	SUBJECT_PROCESS	C6372CCF-39E0-835A-A039-155BFA837272	FILE_OBJECT_FILE	EVENT_OPEN	1523030811866112934
849EC153-39B4-11E8-BF66-D9AA8AFF4A69	SUBJECT_PROCESS	C6372CCF-39E0-835A-A039-155BFA837272	FILE_OBJECT_FILE	EVENT_READ	1523030811866112934
849EC153-39B4-11E8-BF66-D9AA8AFF4A69	SUBJECT_PROCESS	C6372CCF-39E0-835A-A039-155BFA837272	FILE_OBJECT_FILE	EVENT_CLOSE	1523030811866112934
849EC153-39B4-11E8-BF66-D9AA8AFF4A69	SUBJECT_PROCESS	2F088072-F622-7354-A2F6-2AA974734AA9	FILE_OBJECT_FILE	EVENT_OPEN	1523030811866112934
849EC153-39B4-11E8-BF66-D9AA8AFF4A69	SUBJECT_PROCESS	2F088072-F622-7354-A2F6-2AA974734AA9	FILE_OBJECT_FILE	EVENT_LSEEK	1523030811866112934
849EC153-39B4-11E8-BF66-D9AA8AFF4A69	SUBJECT_PROCESS	2F088072-F622-7354-A2F6-2AA974734AA9	FILE_OBJECT_FILE	EVENT_LSEEK	1523030811866112934
849EC153-39B4-11E8-BF66-D9AA8AFF4A69	SUBJECT_PROCESS	2F088072-F622-7354-A2F6-2AA974734AA9	FILE_OBJECT_FILE	EVENT_READ	1523030811866112934
849EC153-39B4-11E8-BF66-D9AA8AFF4A69	SUBJECT_PROCESS	2F088072-F622-7354-A2F6-2AA974734AA9	FILE_OBJECT_FILE	EVENT_READ	1523030811866112934
849EC153-39B4-11E8-BF66-D9AA8AFF4A69	SUBJECT_PROCESS	2F088072-F622-7354-A2F6-2AA974734AA9	FILE_OBJECT_FILE	EVENT_READ	1523030811866112934
849EC153-39B4-11E8-BF66-D9AA8AFF4A69	SUBJECT_PROCESS	2F088072-F622-7354-A2F6-2AA974734AA9	FILE_OBJECT_FILE	EVENT_READ	1523030811876119085
849EC153-39B4-11E8-BF66-D9AA8AFF4A69	SUBJECT_PROCESS	2F088072-F622-7354-A2F6-2AA974734AA9	FILE_OBJECT_FILE	EVENT_CLOSE	1523030811876119085
849EC153-39B4-11E8-BF66-D9AA8AFF4A69	SUBJECT_PROCESS	C6372CCF-39E0-835A-A039-155BFA837272	FILE_OBJECT_FILE	EVENT_OPEN	1523030811876119085
849EC153-39B4-11E8-BF66-D9AA8AFF4A69	SUBJECT_PROCESS	C6372CCF-39E0-835A-A039-155BFA837272	FILE_OBJECT_FILE	EVENT_READ	1523030811876119085
849EC153-39B4-11E8-BF66-D9AA8AFF4A69	SUBJECT_PROCESS	C6372CCF-39E0-835A-A039-155BFA837272	FILE_OBJECT_FILE	EVENT_CLOSE	1523030811876119085
849EC153-39B4-11E8-BF66-D9AA8AFF4A69	SUBJECT_PROCESS	2F088072-F622-7354-A2F6-2AA974734AA9	FILE_OBJECT_FILE	EVENT_OPEN	1523030811876119085
849EC153-39B4-11E8-BF66-D9AA8AFF4A69	SUBJECT_PROCESS	2F088072-F622-7354-A2F6-2AA974734AA9	FILE_OBJECT_FILE	EVENT_LSEEK	1523030811876119085
849EC153-39B4-11E8-BF66-D9AA8AFF4A69	SUBJECT_PROCESS	2F088072-F622-7354-A2F6-2AA974734AA9	FILE_OBJECT_FILE	EVENT_LSEEK	1523030811876119085
849EC153-39B4-11E8-BF66-D9AA8AFF4A69	SUBJECT_PROCESS	2F088072-F622-7354-A2F6-2AA974734AA9	FILE_OBJECT_FILE	EVENT_READ	1523030811876119085
849EC153-39B4-11E8-BF66-D9AA8AFF4A69	SUBJECT_PROCESS	2F088072-F622-7354-A2F6-2AA974734AA9	FILE_OBJECT_FILE	EVENT_READ	1523030811876119085
849EC153-39B4-11E8-BF66-D9AA8AFF4A69	SUBJECT_PROCESS	2F088072-F622-7354-A2F6-2AA974734AA9	FILE_OBJECT_FILE	EVENT_READ	1523030811876119085
849EC153-39B4-11E8-BF66-D9AA8AFF4A69	SUBJECT_PROCESS	2F088072-F622-7354-A2F6-2AA974734AA9	FILE_OBJECT_FILE	EVENT_READ	1523030811876119085
849EC153-39B4-11E8-BF66-D9AA8AFF4A69	SUBJECT_PROCESS	2F088072-F622-7354-A2F6-2AA974734AA9	FILE_OBJECT_FILE	EVENT_CLOSE	1523030811876119085
849EC153-39B4-11E8-BF66-D9AA8AFF4A69	SUBJECT_PROCESS	C6372CCF-39E0-835A-A039-155BFA837272	FILE_OBJECT_FILE	EVENT_OPEN	1523030811876119085
849EC153-39B4-11E8-BF66-D9AA8AFF4A69	SUBJECT_PROCESS	C6372CCF-39E0-835A-A039-155BFA837272	FILE_OBJECT_FILE	EVENT_READ	1523030811876119085
849EC153-39B4-11E8-BF66-D9AA8AFF4A69	SUBJECT_PROCESS	C6372CCF-39E0-835A-A039-155BFA837272	FILE_OBJECT_FILE	EVENT_CLOSE	1523030811876119085
849EC153-39B4-11E8-BF66-D9AA8AFF4A69	SUBJECT_PROCESS	2F088072-F622-7354-A2F6-2AA974734AA9	FILE_OBJECT_FILE	EVENT_OPEN	1523030811876119085
849EC153-39B4-11E8-BF66-D9AA8AFF4A69	SUBJECT_PROCESS	2F088072-F622-7354-A2F6-2AA974734AA9	FILE_OBJECT_FILE	EVENT_LSEEK	1523030811876119085
849EC153-39B4-11E8-BF66-D9AA8AFF4A69	SUBJECT_PROCESS	2F088072-F622-7354-A2F6-2AA974734AA9	FILE_OBJECT_FILE	EVENT_LSEEK	1523030811876119085
849EC153-39B4-11E8-BF66-D9AA8AFF4A69	SUBJECT_PROCESS	2F088072-F622-7354-A2F6-2AA974734AA9	FILE_OBJECT_FILE	EVENT_READ	1523030811876119085
849EC153-39B4-11E8-BF66-D9AA8AFF4A69	SUBJECT_PROCESS	2F088072-F622-7354-A2F6-2AA974734AA9	FILE_OBJECT_FILE	EVENT_READ	1523030811876119085
849EC153-39B4-11E8-BF66-D9AA8AFF4A69	SUBJECT_PROCESS	2F088072-F622-7354-A2F6-2AA974734AA9	FILE_OBJECT_FILE	EVENT_READ	1523030811876119085
849EC153-39B4-11E8-BF66-D9AA8AFF4A69	SUBJECT_PROCESS	2F088072-F622-7354-A2F6-2AA974734AA9	FILE_OBJECT_FILE	EVENT_READ	1523030811886112506
849EC153-39B4-11E8-BF66-D9AA8AFF4A69	SUBJECT_PROCESS	2F088072-F622-7354-A2F6-2AA974734AA9	FILE_OBJECT_FILE	EVENT_CLOSE	1523030811886112506
849EC153-39B4-11E8-BF66-D9AA8AFF4A69	SUBJECT_PROCESS	2F088072-F622-7354-A2F6-2AA974734AA9	FILE_OBJECT_FILE	EVENT_OPEN	1523030811886112506
849EC153-39B4-11E8-BF66-D9AA8AFF4A69	SUBJECT_PROCESS	2F088072-F622-7354-A2F6-2AA974734AA9	FILE_OBJECT_FILE	EVENT_LSEEK	1523030811886112506
849EC153-39B4-11E8-BF66-D9AA8AFF4A69	SUBJECT_PROCESS	2F088072-F622-7354-A2F6-2AA974734AA9	FILE_OBJECT_FILE	EVENT_LSEEK	1523030811886112506
849EC153-39B4-11E8-BF66-D9AA8AFF4A69	SUBJECT_PROCESS	2F088072-F622-7354-A2F6-2AA974734AA9	FILE_OBJECT_FILE	EVENT_READ	1523030811886112506
849EC153-39B4-11E8-BF66-D9AA8AFF4A69	SUBJECT_PROCESS	2F088072-F622-7354-A2F6-2AA974734AA9	FILE_OBJECT_FILE	EVENT_READ	1523030811886112506
849EC153-39B4-11E8-BF66-D9AA8AFF4A69	SUBJECT_PROCESS	2F088072-F622-7354-A2F6-2AA974734AA9	FILE_OBJECT_FILE	EVENT_READ	1523030811886112506
849EC153-39B4-11E8-BF66-D9AA8AFF4A69	SUBJECT_PROCESS	2F088072-F622-7354-A2F6-2AA974734AA9	FILE_OBJECT_FILE	EVENT_READ	1523030811886112506
849EC153-39B4-11E8-BF66-D9AA8AFF4A69	SUBJECT_PROCESS	2F088072-F622-7354-A2F6-2AA974734AA9	FILE_OBJECT_FILE	EVENT_CLOSE	1523030811886112506
849EC153-39B4-11E8-BF66-D9AA8AFF4A69	SUBJECT_PROCESS	C6372CCF-39E0-835A-A039-155BFA837272	FILE_OBJECT_FILE	EVENT_OPEN	1523030811886112506
849EC153-39B4-11E8-BF66-D9AA8AFF4A69	SUBJECT_PROCESS	C6372CCF-39E0-835A-A039-155BFA837272	FILE_OBJECT_FILE	EVENT_READ	1523030811886112506
849EC153-39B4-11E8-BF66-D9AA8AFF4A69	SUBJECT_PROCESS	C6372CCF-39E0-835A-A039-155BFA837272	FILE_OBJECT_FILE	EVENT_CLOSE	1523030811886112506
849EC153-39B4-11E8-BF66-D9AA8AFF4A69	SUBJECT_PROCESS	2F088072-F622-7354-A2F6-2AA974734AA9	FILE_OBJECT_FILE	EVENT_OPEN	1523030811886112506
849EC153-39B4-11E8-BF66-D9AA8AFF4A69	SUBJECT_PROCESS	2F088072-F622-7354-A2F6-2AA974734AA9	FILE_OBJECT_FILE	EVENT_LSEEK	1523030811886112506
849EC153-39B4-11E8-BF66-D9AA8AFF4A69	SUBJECT_PROCESS	2F088072-F622-7354-A2F6-2AA974734AA9	FILE_OBJECT_FILE	EVENT_LSEEK	1523030811886112506
849EC153-39B4-11E8-BF66-D9AA8AFF4A69	SUBJECT_PROCESS	2F088072-F622-7354-A2F6-2AA974734AA9	FILE_OBJECT_FILE	EVENT_READ	1523030811886112506
849EC153-39B4-11E8-BF66-D9AA8AFF4A69	SUBJECT_PROCESS	2F088072-F622-7354-A2F6-2AA974734AA9	FILE_OBJECT_FILE	EVENT_READ	1523030811886112506
849EC153-39B4-11E8-BF66-D9AA8AFF4A69	SUBJECT_PROCESS	2F088072-F622-7354-A2F6-2AA974734AA9	FILE_OBJECT_FILE	EVENT_READ	1523030811886112506
849EC153-39B4-11E8-BF66-D9AA8AFF4A69	SUBJECT_PROCESS	2F088072-F622-7354-A2F6-2AA974734AA9	FILE_OBJECT_FILE	EVENT_READ	1523030811886112506
849EC153-39B4-11E8-BF66-D9AA8AFF4A69	SUBJECT_PROCESS	2F088072-F622-7354-A2F6-2AA974734AA9	FILE_OBJECT_FILE	EVENT_CLOSE	1523030811886112506
849EC153-39B4-11E8-BF66-D9AA8AFF4A69	SUBJECT_PROCESS	C6372CCF-39E0-835A-A039-155BFA837272	FILE_OBJECT_FILE	EVENT_OPEN	1523030811886112506
849EC153-39B4-11E8-BF66-D9AA8AFF4A69	SUBJECT_PROCESS	C6372CCF-39E0-835A-A039-155BFA837272	FILE_OBJECT_FILE	EVENT_READ	1523030811886112506
849EC153-39B4-11E8-BF66-D9AA8AFF4A69	SUBJECT_PROCESS	C6372CCF-39E0-835A-A039-155BFA837272	FILE_OBJECT_FILE	EVENT_CLOSE	1523030811886112506
849EC153-39B4-11E8-BF66-D9AA8AFF4A69	SUBJECT_PROCESS	DB1A5421-4509-D15D-8945-9F45CDD1A77E	FILE_OBJECT_FILE	EVENT_WRITE	1523030811886112506
849EC153-39B4-11E8-BF66-D9AA8AFF4A69	SUBJECT_PROCESS	849EC153-39B4-11E8-BF66-D9AA8AFF4A69	SUBJECT_PROCESS	EVENT_EXIT	1523030811886112506
D59C58B7-373D-11E8-BF66-D9AA8AFF4A69	SUBJECT_PROCESS	84C15D93-39B4-11E8-BF66-D9AA8AFF4A69	SUBJECT_PROCESS	EVENT_FORK	1523030811896110957
84C15D93-39B4-11E8-BF66-D9AA8AFF4A69	SUBJECT_PROCESS	CC349957-3DA4-8E5E-A43D-C7740E8ECAA9	FILE_OBJECT_FILE	EVENT_CLOSE	1523030811896110957
84C15D93-39B4-11E8-BF66-D9AA8AFF4A69	SUBJECT_PROCESS	6C836AA2-BB54-3A58-94BB-1E5D583A637E	FILE_OBJECT_FILE	EVENT_EXECUTE	1523030811906110337
84C15D93-39B4-11E8-BF66-D9AA8AFF4A69	SUBJECT_PROCESS	7A350F75-9945-425D-8599-15CEBD426F06	FILE_OBJECT_FILE	EVENT_EXECUTE	1523030811906110337
84C15D93-39B4-11E8-BF66-D9AA8AFF4A69	SUBJECT_PROCESS	51110606-D232-9652-B2D2-3A7242968F8A	FILE_OBJECT_FILE	EVENT_OPEN	1523030811906110337
84C15D93-39B4-11E8-BF66-D9AA8AFF4A69	SUBJECT_PROCESS	51110606-D232-9652-B2D2-3A7242968F8A	FILE_OBJECT_FILE	EVENT_READ	1523030811906110337
84C15D93-39B4-11E8-BF66-D9AA8AFF4A69	SUBJECT_PROCESS	51110606-D232-9652-B2D2-3A7242968F8A	FILE_OBJECT_FILE	EVENT_CLOSE	1523030811906110337
84C15D93-39B4-11E8-BF66-D9AA8AFF4A69	SUBJECT_PROCESS	8A44F292-648B-7854-8B64-00F954785A79	FILE_OBJECT_FILE	EVENT_OPEN	1523030811906110337
84C15D93-39B4-11E8-BF66-D9AA8AFF4A69	SUBJECT_PROCESS	8A44F292-648B-7854-8B64-00F954785A79	FILE_OBJECT_FILE	EVENT_READ	1523030811906110337
84C15D93-39B4-11E8-BF66-D9AA8AFF4A69	SUBJECT_PROCESS	8A44F292-648B-7854-8B64-00F954785A79	FILE_OBJECT_FILE	EVENT_READ	1523030811906110337
84C15D93-39B4-11E8-BF66-D9AA8AFF4A69	SUBJECT_PROCESS	8A44F292-648B-7854-8B64-00F954785A79	FILE_OBJECT_FILE	EVENT_CLOSE	1523030811906110337
84C15D93-39B4-11E8-BF66-D9AA8AFF4A69	SUBJECT_PROCESS	76A739B1-A13E-FD50-BEA1-B218A0FD0400	FILE_OBJECT_FILE	EVENT_OPEN	1523030811906110337
84C15D93-39B4-11E8-BF66-D9AA8AFF4A69	SUBJECT_PROCESS	76A739B1-A13E-FD50-BEA1-B218A0FD0400	FILE_OBJECT_FILE	EVENT_MMAP	1523030811906110337
84C15D93-39B4-11E8-BF66-D9AA8AFF4A69	SUBJECT_PROCESS	76A739B1-A13E-FD50-BEA1-B218A0FD0400	FILE_OBJECT_FILE	EVENT_MMAP	1523030811906110337
84C15D93-39B4-11E8-BF66-D9AA8AFF4A69	SUBJECT_PROCESS	76A739B1-A13E-FD50-BEA1-B218A0FD0400	FILE_OBJECT_FILE	EVENT_MMAP	1523030811906110337
84C15D93-39B4-11E8-BF66-D9AA8AFF4A69	SUBJECT_PROCESS	76A739B1-A13E-FD50-BEA1-B218A0FD0400	FILE_OBJECT_FILE	EVENT_MMAP	1523030811906110337
84C15D93-39B4-11E8-BF66-D9AA8AFF4A69	SUBJECT_PROCESS	76A739B1-A13E-FD50-BEA1-B218A0FD0400	FILE_OBJECT_FILE	EVENT_MMAP	1523030811906110337
84C15D93-39B4-11E8-BF66-D9AA8AFF4A69	SUBJECT_PROCESS	76A739B1-A13E-FD50-BEA1-B218A0FD0400	FILE_OBJECT_FILE	EVENT_MMAP	1523030811906110337
84C15D93-39B4-11E8-BF66-D9AA8AFF4A69	SUBJECT_PROCESS	76A739B1-A13E-FD50-BEA1-B218A0FD0400	FILE_OBJECT_FILE	EVENT_CLOSE	1523030811906110337
84C15D93-39B4-11E8-BF66-D9AA8AFF4A69	SUBJECT_PROCESS	F410BE96-4C0C-765E-8C4C-6F0E2E760020	FILE_OBJECT_FILE	EVENT_OPEN	1523030811906110337
84C15D93-39B4-11E8-BF66-D9AA8AFF4A69	SUBJECT_PROCESS	F410BE96-4C0C-765E-8C4C-6F0E2E760020	FILE_OBJECT_FILE	EVENT_MMAP	1523030811906110337
84C15D93-39B4-11E8-BF66-D9AA8AFF4A69	SUBJECT_PROCESS	F410BE96-4C0C-765E-8C4C-6F0E2E760020	FILE_OBJECT_FILE	EVENT_MMAP	1523030811906110337
84C15D93-39B4-11E8-BF66-D9AA8AFF4A69	SUBJECT_PROCESS	F410BE96-4C0C-765E-8C4C-6F0E2E760020	FILE_OBJECT_FILE	EVENT_CLOSE	1523030811906110337
72FB0406-3678-11E8-BF66-D9AA8AFF4A69	SUBJECT_PROCESS	84B9EF03-39B4-11E8-BF66-D9AA8AFF4A69	FILE_OBJECT_UNIX_SOCKET	EVENT_CLOSE	1523030812806109829
72FB0406-3678-11E8-BF66-D9AA8AFF4A69	SUBJECT_PROCESS	84B9EF6C-39B4-11E8-BF66-D9AA8AFF4A69	FILE_OBJECT_UNIX_SOCKET	EVENT_CLOSE	1523030812806109829
72FB0406-3678-11E8-BF66-D9AA8AFF4A69	SUBJECT_PROCESS	854C841B-39B4-11E8-BF66-D9AA8AFF4A69	FILE_OBJECT_UNIX_SOCKET	EVENT_CREATE_OBJECT	1523030812806109829
72FB0406-3678-11E8-BF66-D9AA8AFF4A69	SUBJECT_PROCESS	854C8487-39B4-11E8-BF66-D9AA8AFF4A69	FILE_OBJECT_UNIX_SOCKET	EVENT_CREATE_OBJECT	1523030812806109829
72FB0406-3678-11E8-BF66-D9AA8AFF4A69	SUBJECT_PROCESS	854C841B-39B4-11E8-BF66-D9AA8AFF4A69	FILE_OBJECT_UNIX_SOCKET	EVENT_CLOSE	1523030813816110229
72FB0406-3678-11E8-BF66-D9AA8AFF4A69	SUBJECT_PROCESS	854C8487-39B4-11E8-BF66-D9AA8AFF4A69	FILE_OBJECT_UNIX_SOCKET	EVENT_CLOSE	1523030813816110229
72FB0406-3678-11E8-BF66-D9AA8AFF4A69	SUBJECT_PROCESS	85E6C93C-39B4-11E8-BF66-D9AA8AFF4A69	FILE_OBJECT_UNIX_SOCKET	EVENT_CREATE_OBJECT	1523030813816110229
72FB0406-3678-11E8-BF66-D9AA8AFF4A69	SUBJECT_PROCESS	85E6C9E5-39B4-11E8-BF66-D9AA8AFF4A69	FILE_OBJECT_UNIX_SOCKET	EVENT_CREATE_OBJECT	1523030813816110229
72FB0406-3678-11E8-BF66-D9AA8AFF4A69	SUBJECT_PROCESS	85E6C93C-39B4-11E8-BF66-D9AA8AFF4A69	FILE_OBJECT_UNIX_SOCKET	EVENT_CLOSE	1523030814806109198
72FB0406-3678-11E8-BF66-D9AA8AFF4A69	SUBJECT_PROCESS	85E6C9E5-39B4-11E8-BF66-D9AA8AFF4A69	FILE_OBJECT_UNIX_SOCKET	EVENT_CLOSE	1523030814806109198
72FB0406-3678-11E8-BF66-D9AA8AFF4A69	SUBJECT_PROCESS	867DDAF8-39B4-11E8-BF66-D9AA8AFF4A69	FILE_OBJECT_UNIX_SOCKET	EVENT_CREATE_OBJECT	1523030814806109198
72FB0406-3678-11E8-BF66-D9AA8AFF4A69	SUBJECT_PROCESS	867DDBA4-39B4-11E8-BF66-D9AA8AFF4A69	FILE_OBJECT_UNIX_SOCKET	EVENT_CREATE_OBJECT	1523030814806109198
72FB0406-3678-11E8-BF66-D9AA8AFF4A69	SUBJECT_PROCESS	867DDAF8-39B4-11E8-BF66-D9AA8AFF4A69	FILE_OBJECT_UNIX_SOCKET	EVENT_CLOSE	1523030815806108667
72FB0406-3678-11E8-BF66-D9AA8AFF4A69	SUBJECT_PROCESS	867DDBA4-39B4-11E8-BF66-D9AA8AFF4A69	FILE_OBJECT_UNIX_SOCKET	EVENT_CLOSE	1523030815806108667
72FB0406-3678-11E8-BF66-D9AA8AFF4A69	SUBJECT_PROCESS	8716480B-39B4-11E8-BF66-D9AA8AFF4A69	FILE_OBJECT_UNIX_SOCKET	EVENT_CREATE_OBJECT	1523030815806108667
72FB0406-3678-11E8-BF66-D9AA8AFF4A69	SUBJECT_PROCESS	87164871-39B4-11E8-BF66-D9AA8AFF4A69	FILE_OBJECT_UNIX_SOCKET	EVENT_CREATE_OBJECT	1523030815806108667
72FB0406-3678-11E8-BF66-D9AA8AFF4A69	SUBJECT_PROCESS	8716480B-39B4-11E8-BF66-D9AA8AFF4A69	FILE_OBJECT_UNIX_SOCKET	EVENT_CLOSE	1523030816806111277
72FB0406-3678-11E8-BF66-D9AA8AFF4A69	SUBJECT_PROCESS	87164871-39B4-11E8-BF66-D9AA8AFF4A69	FILE_OBJECT_UNIX_SOCKET	EVENT_CLOSE	1523030816806111277
72FB0406-3678-11E8-BF66-D9AA8AFF4A69	SUBJECT_PROCESS	87AED991-39B4-11E8-BF66-D9AA8AFF4A69	FILE_OBJECT_UNIX_SOCKET	EVENT_CREATE_OBJECT	1523030816806111277
72FB0406-3678-11E8-BF66-D9AA8AFF4A69	SUBJECT_PROCESS	87AED9FB-39B4-11E8-BF66-D9AA8AFF4A69	FILE_OBJECT_UNIX_SOCKET	EVENT_CREATE_OBJECT	1523030816806111277
72FB0406-3678-11E8-BF66-D9AA8AFF4A69	SUBJECT_PROCESS	87AED991-39B4-11E8-BF66-D9AA8AFF4A69	FILE_OBJECT_UNIX_SOCKET	EVENT_CLOSE	1523030817806108747
72FB0406-3678-11E8-BF66-D9AA8AFF4A69	SUBJECT_PROCESS	87AED9FB-39B4-11E8-BF66-D9AA8AFF4A69	FILE_OBJECT_UNIX_SOCKET	EVENT_CLOSE	1523030817806108747
72FB0406-3678-11E8-BF66-D9AA8AFF4A69	SUBJECT_PROCESS	8847A040-39B4-11E8-BF66-D9AA8AFF4A69	FILE_OBJECT_UNIX_SOCKET	EVENT_CREATE_OBJECT	1523030817806108747
72FB0406-3678-11E8-BF66-D9AA8AFF4A69	SUBJECT_PROCESS	8847A0DF-39B4-11E8-BF66-D9AA8AFF4A69	FILE_OBJECT_UNIX_SOCKET	EVENT_CREATE_OBJECT	1523030817806108747
72FB0406-3678-11E8-BF66-D9AA8AFF4A69	SUBJECT_PROCESS	8847A040-39B4-11E8-BF66-D9AA8AFF4A69	FILE_OBJECT_UNIX_SOCKET	EVENT_CLOSE	1523030818826108818
72FB0406-3678-11E8-BF66-D9AA8AFF4A69	SUBJECT_PROCESS	8847A0DF-39B4-11E8-BF66-D9AA8AFF4A69	FILE_OBJECT_UNIX_SOCKET	EVENT_CLOSE	1523030818826108818
72FB0406-3678-11E8-BF66-D9AA8AFF4A69	SUBJECT_PROCESS	88E44330-39B4-11E8-BF66-D9AA8AFF4A69	FILE_OBJECT_UNIX_SOCKET	EVENT_CREATE_OBJECT	1523030818826108818
72FB0406-3678-11E8-BF66-D9AA8AFF4A69	SUBJECT_PROCESS	88E44396-39B4-11E8-BF66-D9AA8AFF4A69	FILE_OBJECT_UNIX_SOCKET	EVENT_CREATE_OBJECT	1523030818826108818
72FB0406-3678-11E8-BF66-D9AA8AFF4A69	SUBJECT_PROCESS	88E44330-39B4-11E8-BF66-D9AA8AFF4A69	FILE_OBJECT_UNIX_SOCKET	EVENT_CLOSE	1523030819816110376
72FB0406-3678-11E8-BF66-D9AA8AFF4A69	SUBJECT_PROCESS	88E44396-39B4-11E8-BF66-D9AA8AFF4A69	FILE_OBJECT_UNIX_SOCKET	EVENT_CLOSE	1523030819816110376
72FB0406-3678-11E8-BF66-D9AA8AFF4A69	SUBJECT_PROCESS	897A2217-39B4-11E8-BF66-D9AA8AFF4A69	FILE_OBJECT_UNIX_SOCKET	EVENT_CREATE_OBJECT	1523030819816110376
72FB0406-3678-11E8-BF66-D9AA8AFF4A69	SUBJECT_PROCESS	897A2283-39B4-11E8-BF66-D9AA8AFF4A69	FILE_OBJECT_UNIX_SOCKET	EVENT_CREATE_OBJECT	1523030819816110376
72FB0406-3678-11E8-BF66-D9AA8AFF4A69	SUBJECT_PROCESS	897A2217-39B4-11E8-BF66-D9AA8AFF4A69	FILE_OBJECT_UNIX_SOCKET	EVENT_CLOSE	1523030820806111805
72FB0406-3678-11E8-BF66-D9AA8AFF4A69	SUBJECT_PROCESS	897A2283-39B4-11E8-BF66-D9AA8AFF4A69	FILE_OBJECT_UNIX_SOCKET	EVENT_CLOSE	1523030820806111805
72FB0406-3678-11E8-BF66-D9AA8AFF4A69	SUBJECT_PROCESS	8A114AAF-39B4-11E8-BF66-D9AA8AFF4A69	FILE_OBJECT_UNIX_SOCKET	EVENT_CREATE_OBJECT	1523030820806111805
72FB0406-3678-11E8-BF66-D9AA8AFF4A69	SUBJECT_PROCESS	8A114B46-39B4-11E8-BF66-D9AA8AFF4A69	FILE_OBJECT_UNIX_SOCKET	EVENT_CREATE_OBJECT	1523030820806111805
72FB0406-3678-11E8-BF66-D9AA8AFF4A69	SUBJECT_PROCESS	8A114AAF-39B4-11E8-BF66-D9AA8AFF4A69	FILE_OBJECT_UNIX_SOCKET	EVENT_CLOSE	1523030821816112626
72FB0406-3678-11E8-BF66-D9AA8AFF4A69	SUBJECT_PROCESS	8A114B46-39B4-11E8-BF66-D9AA8AFF4A69	FILE_OBJECT_UNIX_SOCKET	EVENT_CLOSE	1523030821816112626
72FB0406-3678-11E8-BF66-D9AA8AFF4A69	SUBJECT_PROCESS	8AAB54AC-39B4-11E8-BF66-D9AA8AFF4A69	FILE_OBJECT_UNIX_SOCKET	EVENT_CREATE_OBJECT	1523030821816112626
72FB0406-3678-11E8-BF66-D9AA8AFF4A69	SUBJECT_PROCESS	8AAB551A-39B4-11E8-BF66-D9AA8AFF4A69	FILE_OBJECT_UNIX_SOCKET	EVENT_CREATE_OBJECT	1523030821816112626
72FB0406-3678-11E8-BF66-D9AA8AFF4A69	SUBJECT_PROCESS	8AAB54AC-39B4-11E8-BF66-D9AA8AFF4A69	FILE_OBJECT_UNIX_SOCKET	EVENT_CLOSE	1523030822816111225
72FB0406-3678-11E8-BF66-D9AA8AFF4A69	SUBJECT_PROCESS	8AAB551A-39B4-11E8-BF66-D9AA8AFF4A69	FILE_OBJECT_UNIX_SOCKET	EVENT_CLOSE	1523030822816111225
72FB0406-3678-11E8-BF66-D9AA8AFF4A69	SUBJECT_PROCESS	8B43EBA6-39B4-11E8-BF66-D9AA8AFF4A69	FILE_OBJECT_UNIX_SOCKET	EVENT_CREATE_OBJECT	1523030822816111225
72FB0406-3678-11E8-BF66-D9AA8AFF4A69	SUBJECT_PROCESS	8B43EC0F-39B4-11E8-BF66-D9AA8AFF4A69	FILE_OBJECT_UNIX_SOCKET	EVENT_CREATE_OBJECT	1523030822816111225
72FB0406-3678-11E8-BF66-D9AA8AFF4A69	SUBJECT_PROCESS	8B43EBA6-39B4-11E8-BF66-D9AA8AFF4A69	FILE_OBJECT_UNIX_SOCKET	EVENT_CLOSE	1523030823806111534
72FB0406-3678-11E8-BF66-D9AA8AFF4A69	SUBJECT_PROCESS	8B43EC0F-39B4-11E8-BF66-D9AA8AFF4A69	FILE_OBJECT_UNIX_SOCKET	EVENT_CLOSE	1523030823806111534
72FB0406-3678-11E8-BF66-D9AA8AFF4A69	SUBJECT_PROCESS	8BDB10A0-39B4-11E8-BF66-D9AA8AFF4A69	FILE_OBJECT_UNIX_SOCKET	EVENT_CREATE_OBJECT	1523030823806111534
72FB0406-3678-11E8-BF66-D9AA8AFF4A69	SUBJECT_PROCESS	8BDB1141-39B4-11E8-BF66-D9AA8AFF4A69	FILE_OBJECT_UNIX_SOCKET	EVENT_CREATE_OBJECT	1523030823806111534
72FB0406-3678-11E8-BF66-D9AA8AFF4A69	SUBJECT_PROCESS	8BDB10A0-39B4-11E8-BF66-D9AA8AFF4A69	FILE_OBJECT_UNIX_SOCKET	EVENT_CLOSE	1523030824806110773
72FB0406-3678-11E8-BF66-D9AA8AFF4A69	SUBJECT_PROCESS	8BDB1141-39B4-11E8-BF66-D9AA8AFF4A69	FILE_OBJECT_UNIX_SOCKET	EVENT_CLOSE	1523030824806110773
72FB0406-3678-11E8-BF66-D9AA8AFF4A69	SUBJECT_PROCESS	8C73B248-39B4-11E8-BF66-D9AA8AFF4A69	FILE_OBJECT_UNIX_SOCKET	EVENT_CREATE_OBJECT	1523030824806110773
72FB0406-3678-11E8-BF66-D9AA8AFF4A69	SUBJECT_PROCESS	8C73B2AD-39B4-11E8-BF66-D9AA8AFF4A69	FILE_OBJECT_UNIX_SOCKET	EVENT_CREATE_OBJECT	1523030824806110773
15B8D392-39B3-11E8-BF66-D9AA8AFF4A69	SUBJECT_PROCESS	15B8BB8C-39B3-11E8-BF66-D9AA8AFF4A69	NetFlowObject	EVENT_READ	1523030825676110563
15B8D392-39B3-11E8-BF66-D9AA8AFF4A69	SUBJECT_PROCESS	15B8BB8C-39B3-11E8-BF66-D9AA8AFF4A69	NetFlowObject	EVENT_WRITE	1523030825676110563
15B8D392-39B3-11E8-BF66-D9AA8AFF4A69	SUBJECT_PROCESS	15B8BB8C-39B3-11E8-BF66-D9AA8AFF4A69	NetFlowObject	EVENT_READ	1523030825676110563
15B8D392-39B3-11E8-BF66-D9AA8AFF4A69	SUBJECT_PROCESS	15B8BB8C-39B3-11E8-BF66-D9AA8AFF4A69	NetFlowObject	EVENT_WRITE	1523030825676110563
15B8D392-39B3-11E8-BF66-D9AA8AFF4A69	SUBJECT_PROCESS	15B8BB8C-39B3-11E8-BF66-D9AA8AFF4A69	NetFlowObject	EVENT_READ	1523030825676110563
15B8D392-39B3-11E8-BF66-D9AA8AFF4A69	SUBJECT_PROCESS	15B8BB8C-39B3-11E8-BF66-D9AA8AFF4A69	NetFlowObject	EVENT_WRITE	1523030825676110563
15B8D392-39B3-11E8-BF66-D9AA8AFF4A69	SUBJECT_PROCESS	15B8BB8C-39B3-11E8-BF66-D9AA8AFF4A69	NetFlowObject	EVENT_READ	1523030825676110563
15B8D392-39B3-11E8-BF66-D9AA8AFF4A69	SUBJECT_PROCESS	15B8BB8C-39B3-11E8-BF66-D9AA8AFF4A69	NetFlowObject	EVENT_WRITE	1523030825676110563
72FB0406-3678-11E8-BF66-D9AA8AFF4A69	SUBJECT_PROCESS	8C73B248-39B4-11E8-BF66-D9AA8AFF4A69	FILE_OBJECT_UNIX_SOCKET	EVENT_CLOSE	1523030825806110303
72FB0406-3678-11E8-BF66-D9AA8AFF4A69	SUBJECT_PROCESS	8C73B2AD-39B4-11E8-BF66-D9AA8AFF4A69	FILE_OBJECT_UNIX_SOCKET	EVENT_CLOSE	1523030825806110303
72FB0406-3678-11E8-BF66-D9AA8AFF4A69	SUBJECT_PROCESS	8D0C460F-39B4-11E8-BF66-D9AA8AFF4A69	FILE_OBJECT_UNIX_SOCKET	EVENT_CREATE_OBJECT	1523030825806110303
72FB0406-3678-11E8-BF66-D9AA8AFF4A69	SUBJECT_PROCESS	8D0C46A3-39B4-11E8-BF66-D9AA8AFF4A69	FILE_OBJECT_UNIX_SOCKET	EVENT_CREATE_OBJECT	1523030825806110303
72FB0406-3678-11E8-BF66-D9AA8AFF4A69	SUBJECT_PROCESS	8D0C460F-39B4-11E8-BF66-D9AA8AFF4A69	FILE_OBJECT_UNIX_SOCKET	EVENT_CLOSE	1523030826816109783
72FB0406-3678-11E8-BF66-D9AA8AFF4A69	SUBJECT_PROCESS	8D0C46A3-39B4-11E8-BF66-D9AA8AFF4A69	FILE_OBJECT_UNIX_SOCKET	EVENT_CLOSE	1523030826816109783
72FB0406-3678-11E8-BF66-D9AA8AFF4A69	SUBJECT_PROCESS	8DA64852-39B4-11E8-BF66-D9AA8AFF4A69	FILE_OBJECT_UNIX_SOCKET	EVENT_CREATE_OBJECT	1523030826816109783
72FB0406-3678-11E8-BF66-D9AA8AFF4A69	SUBJECT_PROCESS	8DA648C2-39B4-11E8-BF66-D9AA8AFF4A69	FILE_OBJECT_UNIX_SOCKET	EVENT_CREATE_OBJECT	1523030826816109783
72FB0406-3678-11E8-BF66-D9AA8AFF4A69	SUBJECT_PROCESS	8DA64852-39B4-11E8-BF66-D9AA8AFF4A69	FILE_OBJECT_UNIX_SOCKET	EVENT_CLOSE	1523030827816109403
72FB0406-3678-11E8-BF66-D9AA8AFF4A69	SUBJECT_PROCESS	8DA648C2-39B4-11E8-BF66-D9AA8AFF4A69	FILE_OBJECT_UNIX_SOCKET	EVENT_CLOSE	1523030827816109403
72FB0406-3678-11E8-BF66-D9AA8AFF4A69	SUBJECT_PROCESS	8E3EDC38-39B4-11E8-BF66-D9AA8AFF4A69	FILE_OBJECT_UNIX_SOCKET	EVENT_CREATE_OBJECT	1523030827816109403
72FB0406-3678-11E8-BF66-D9AA8AFF4A69	SUBJECT_PROCESS	8E3EDCA2-39B4-11E8-BF66-D9AA8AFF4A69	FILE_OBJECT_UNIX_SOCKET	EVENT_CREATE_OBJECT	1523030827816109403
72FB0406-3678-11E8-BF66-D9AA8AFF4A69	SUBJECT_PROCESS	8E3EDC38-39B4-11E8-BF66-D9AA8AFF4A69	FILE_OBJECT_UNIX_SOCKET	EVENT_CLOSE	1523030828806110942
72FB0406-3678-11E8-BF66-D9AA8AFF4A69	SUBJECT_PROCESS	8E3EDCA2-39B4-11E8-BF66-D9AA8AFF4A69	FILE_OBJECT_UNIX_SOCKET	EVENT_CLOSE	1523030828806110942
72FB0406-3678-11E8-BF66-D9AA8AFF4A69	SUBJECT_PROCESS	8ED5EB8F-39B4-11E8-BF66-D9AA8AFF4A69	FILE_OBJECT_UNIX_SOCKET	EVENT_CREATE_OBJECT	1523030828806110942
72FB0406-3678-11E8-BF66-D9AA8AFF4A69	SUBJECT_PROCESS	8ED5EBF5-39B4-11E8-BF66-D9AA8AFF4A69	FILE_OBJECT_UNIX_SOCKET	EVENT_CREATE_OBJECT	1523030828806110942
0C0CC0C3-3680-11E8-BF66-D9AA8AFF4A69	SUBJECT_PROCESS	8F408F5E-39B4-11E8-BF66-D9AA8AFF4A69	FILE_OBJECT_UNIX_SOCKET	EVENT_CONNECT	1523030829506109897
A2B6F917-39AA-11E8-BF66-D9AA8AFF4A69	SUBJECT_PROCESS	0C0D74DB-3680-11E8-BF66-D9AA8AFF4A69	FILE_OBJECT_UNIX_SOCKET	EVENT_ACCEPT	1523030829506109897
A2B6F917-39AA-11E8-BF66-D9AA8AFF4A69	SUBJECT_PROCESS	8F40B798-39B4-11E8-BF66-D9AA8AFF4A69	FILE_OBJECT_UNIX_SOCKET	EVENT_ACCEPT	1523030829506109897
0C0CC0C3-3680-11E8-BF66-D9AA8AFF4A69	SUBJECT_PROCESS	8F408F5E-39B4-11E8-BF66-D9AA8AFF4A69	FILE_OBJECT_UNIX_SOCKET	EVENT_WRITE	1523030829506109897
A2B6F917-39AA-11E8-BF66-D9AA8AFF4A69	SUBJECT_PROCESS	0C0DB7A1-3680-11E8-BF66-D9AA8AFF4A69	FILE_OBJECT_FILE	EVENT_WRITE	1523030829506109897
0C0CC0C3-3680-11E8-BF66-D9AA8AFF4A69	SUBJECT_PROCESS	8F408F5E-39B4-11E8-BF66-D9AA8AFF4A69	FILE_OBJECT_UNIX_SOCKET	EVENT_WRITE	1523030829506109897
A2B6F917-39AA-11E8-BF66-D9AA8AFF4A69	SUBJECT_PROCESS	8F40B798-39B4-11E8-BF66-D9AA8AFF4A69	FILE_OBJECT_UNIX_SOCKET	EVENT_READ	1523030829506109897
0C0CC0C3-3680-11E8-BF66-D9AA8AFF4A69	SUBJECT_PROCESS	0C0DB755-3680-11E8-BF66-D9AA8AFF4A69	FILE_OBJECT_FILE	EVENT_READ	1523030829506109897
A2B6F917-39AA-11E8-BF66-D9AA8AFF4A69	SUBJECT_PROCESS	586C56DA-CB56-745E-96CB-52069E742598	FILE_OBJECT_FILE	EVENT_OPEN	1523030829506109897
A2B6F917-39AA-11E8-BF66-D9AA8AFF4A69	SUBJECT_PROCESS	586C56DA-CB56-745E-96CB-52069E742598	FILE_OBJECT_FILE	EVENT_CLOSE	1523030829506109897
A2B6F917-39AA-11E8-BF66-D9AA8AFF4A69	SUBJECT_PROCESS	0C0DB7A1-3680-11E8-BF66-D9AA8AFF4A69	FILE_OBJECT_FILE	EVENT_WRITE	1523030829506109897
0C0CC0C3-3680-11E8-BF66-D9AA8AFF4A69	SUBJECT_PROCESS	0C0DB755-3680-11E8-BF66-D9AA8AFF4A69	FILE_OBJECT_FILE	EVENT_READ	1523030829506109897
A2B6F917-39AA-11E8-BF66-D9AA8AFF4A69	SUBJECT_PROCESS	8F40B798-39B4-11E8-BF66-D9AA8AFF4A69	FILE_OBJECT_UNIX_SOCKET	EVENT_CLOSE	1523030829506109897
0C0CC0C3-3680-11E8-BF66-D9AA8AFF4A69	SUBJECT_PROCESS	8F408F5E-39B4-11E8-BF66-D9AA8AFF4A69	FILE_OBJECT_UNIX_SOCKET	EVENT_CLOSE	1523030829506109897
72FB0406-3678-11E8-BF66-D9AA8AFF4A69	SUBJECT_PROCESS	8ED5EB8F-39B4-11E8-BF66-D9AA8AFF4A69	FILE_OBJECT_UNIX_SOCKET	EVENT_CLOSE	1523030829806110101
72FB0406-3678-11E8-BF66-D9AA8AFF4A69	SUBJECT_PROCESS	8ED5EBF5-39B4-11E8-BF66-D9AA8AFF4A69	FILE_OBJECT_UNIX_SOCKET	EVENT_CLOSE	1523030829806110101
72FB0406-3678-11E8-BF66-D9AA8AFF4A69	SUBJECT_PROCESS	8F6E7F6F-39B4-11E8-BF66-D9AA8AFF4A69	FILE_OBJECT_UNIX_SOCKET	EVENT_CREATE_OBJECT	1523030829806110101
72FB0406-3678-11E8-BF66-D9AA8AFF4A69	SUBJECT_PROCESS	8F6E7FD7-39B4-11E8-BF66-D9AA8AFF4A69	FILE_OBJECT_UNIX_SOCKET	EVENT_CREATE_OBJECT	1523030829806110101
72FB0406-3678-11E8-BF66-D9AA8AFF4A69	SUBJECT_PROCESS	8F6E7F6F-39B4-11E8-BF66-D9AA8AFF4A69	FILE_OBJECT_UNIX_SOCKET	EVENT_CLOSE	1523030830816113051
72FB0406-3678-11E8-BF66-D9AA8AFF4A69	SUBJECT_PROCESS	8F6E7FD7-39B4-11E8-BF66-D9AA8AFF4A69	FILE_OBJECT_UNIX_SOCKET	EVENT_CLOSE	1523030830816113051
72FB0406-3678-11E8-BF66-D9AA8AFF4A69	SUBJECT_PROCESS	9008B173-39B4-11E8-BF66-D9AA8AFF4A69	FILE_OBJECT_UNIX_SOCKET	EVENT_CREATE_OBJECT	1523030830816113051
72FB0406-3678-11E8-BF66-D9AA8AFF4A69	SUBJECT_PROCESS	9008B216-39B4-11E8-BF66-D9AA8AFF4A69	FILE_OBJECT_UNIX_SOCKET	EVENT_CREATE_OBJECT	1523030830816113051
72FB0406-3678-11E8-BF66-D9AA8AFF4A69	SUBJECT_PROCESS	9008B173-39B4-11E8-BF66-D9AA8AFF4A69	FILE_OBJECT_UNIX_SOCKET	EVENT_CLOSE	1523030831806110940
72FB0406-3678-11E8-BF66-D9AA8AFF4A69	SUBJECT_PROCESS	9008B216-39B4-11E8-BF66-D9AA8AFF4A69	FILE_OBJECT_UNIX_SOCKET	EVENT_CLOSE	1523030831806110940
72FB0406-3678-11E8-BF66-D9AA8AFF4A69	SUBJECT_PROCESS	909FAA82-39B4-11E8-BF66-D9AA8AFF4A69	FILE_OBJECT_UNIX_SOCKET	EVENT_CREATE_OBJECT	1523030831806110940
72FB0406-3678-11E8-BF66-D9AA8AFF4A69	SUBJECT_PROCESS	909FAAEA-39B4-11E8-BF66-D9AA8AFF4A69	FILE_OBJECT_UNIX_SOCKET	EVENT_CREATE_OBJECT	1523030831806110940
72FB0406-3678-11E8-BF66-D9AA8AFF4A69	SUBJECT_PROCESS	909FAA82-39B4-11E8-BF66-D9AA8AFF4A69	FILE_OBJECT_UNIX_SOCKET	EVENT_CLOSE	1523030832816109230
72FB0406-3678-11E8-BF66-D9AA8AFF4A69	SUBJECT_PROCESS	909FAAEA-39B4-11E8-BF66-D9AA8AFF4A69	FILE_OBJECT_UNIX_SOCKET	EVENT_CLOSE	1523030832816109230
72FB0406-3678-11E8-BF66-D9AA8AFF4A69	SUBJECT_PROCESS	9139CBF6-39B4-11E8-BF66-D9AA8AFF4A69	FILE_OBJECT_UNIX_SOCKET	EVENT_CREATE_OBJECT	1523030832816109230
72FB0406-3678-11E8-BF66-D9AA8AFF4A69	SUBJECT_PROCESS	9139CC62-39B4-11E8-BF66-D9AA8AFF4A69	FILE_OBJECT_UNIX_SOCKET	EVENT_CREATE_OBJECT	1523030832816109230
72FB0406-3678-11E8-BF66-D9AA8AFF4A69	SUBJECT_PROCESS	9139CBF6-39B4-11E8-BF66-D9AA8AFF4A69	FILE_OBJECT_UNIX_SOCKET	EVENT_CLOSE	1523030833816108940
72FB0406-3678-11E8-BF66-D9AA8AFF4A69	SUBJECT_PROCESS	9139CC62-39B4-11E8-BF66-D9AA8AFF4A69	FILE_OBJECT_UNIX_SOCKET	EVENT_CLOSE	1523030833816108940
72FB0406-3678-11E8-BF66-D9AA8AFF4A69	SUBJECT_PROCESS	91D26491-39B4-11E8-BF66-D9AA8AFF4A69	FILE_OBJECT_UNIX_SOCKET	EVENT_CREATE_OBJECT	1523030833816108940
72FB0406-3678-11E8-BF66-D9AA8AFF4A69	SUBJECT_PROCESS	91D264F6-39B4-11E8-BF66-D9AA8AFF4A69	FILE_OBJECT_UNIX_SOCKET	EVENT_CREATE_OBJECT	1523030833816108940
73196676-3678-11E8-BF66-D9AA8AFF4A69	SUBJECT_PROCESS	73197B6F-3678-11E8-BF66-D9AA8AFF4A69	NetFlowObject	EVENT_ACCEPT	1523030834116110414
73196676-3678-11E8-BF66-D9AA8AFF4A69	SUBJECT_PROCESS	92012359-39B4-11E8-BF66-D9AA8AFF4A69	NetFlowObject	EVENT_ACCEPT	1523030834116110414
73196676-3678-11E8-BF66-D9AA8AFF4A69	SUBJECT_PROCESS	A28F5754-D752-5767-B699-C0D2DF601D8A	UnnamedPipeObject	EVENT_CREATE_OBJECT	1523030834116110414
73196676-3678-11E8-BF66-D9AA8AFF4A69	SUBJECT_PROCESS	92015CB3-39B4-11E8-BF66-D9AA8AFF4A69	FILE_OBJECT_UNIX_SOCKET	EVENT_CREATE_OBJECT	1523030834116110414
73196676-3678-11E8-BF66-D9AA8AFF4A69	SUBJECT_PROCESS	92015D13-39B4-11E8-BF66-D9AA8AFF4A69	FILE_OBJECT_UNIX_SOCKET	EVENT_CREATE_OBJECT	1523030834116110414
73196676-3678-11E8-BF66-D9AA8AFF4A69	SUBJECT_PROCESS	92017447-39B4-11E8-BF66-D9AA8AFF4A69	SUBJECT_PROCESS	EVENT_FORK	1523030834126112414
92017447-39B4-11E8-BF66-D9AA8AFF4A69	SUBJECT_PROCESS	92015CB3-39B4-11E8-BF66-D9AA8AFF4A69	FILE_OBJECT_UNIX_SOCKET	EVENT_CLOSE	1523030834126112414
92017447-39B4-11E8-BF66-D9AA8AFF4A69	SUBJECT_PROCESS	BDE72B85-DCD9-835C-99DC-32E13C838365	FILE_OBJECT_FILE	EVENT_EXECUTE	1523030834126112414
92017447-39B4-11E8-BF66-D9AA8AFF4A69	SUBJECT_PROCESS	7A350F75-9945-425D-8599-15CEBD426F06	FILE_OBJECT_FILE	EVENT_EXECUTE	1523030834126112414
92017447-39B4-11E8-BF66-D9AA8AFF4A69	SUBJECT_PROCESS	51110606-D232-9652-B2D2-3A7242968F8A	FILE_OBJECT_FILE	EVENT_OPEN	1523030834126112414
92017447-39B4-11E8-BF66-D9AA8AFF4A69	SUBJECT_PROCESS	51110606-D232-9652-B2D2-3A7242968F8A	FILE_OBJECT_FILE	EVENT_CLOSE	1523030834126112414
92017447-39B4-11E8-BF66-D9AA8AFF4A69	SUBJECT_PROCESS	8A44F292-648B-7854-8B64-00F954785A79	FILE_OBJECT_FILE	EVENT_OPEN	1523030834126112414
92017447-39B4-11E8-BF66-D9AA8AFF4A69	SUBJECT_PROCESS	8A44F292-648B-7854-8B64-00F954785A79	FILE_OBJECT_FILE	EVENT_READ	1523030834126112414
92017447-39B4-11E8-BF66-D9AA8AFF4A69	SUBJECT_PROCESS	8A44F292-648B-7854-8B64-00F954785A79	FILE_OBJECT_FILE	EVENT_CLOSE	1523030834126112414
92017447-39B4-11E8-BF66-D9AA8AFF4A69	SUBJECT_PROCESS	0BDFF2F1-558E-765C-8E55-BF7C8C76594B	FILE_OBJECT_FILE	EVENT_OPEN	1523030834126112414
92017447-39B4-11E8-BF66-D9AA8AFF4A69	SUBJECT_PROCESS	0BDFF2F1-558E-765C-8E55-BF7C8C76594B	FILE_OBJECT_FILE	EVENT_CLOSE	1523030834136110165
92017447-39B4-11E8-BF66-D9AA8AFF4A69	SUBJECT_PROCESS	052EDA6C-81A5-E858-A581-8684A8E895A2	FILE_OBJECT_FILE	EVENT_OPEN	1523030834136110165
92017447-39B4-11E8-BF66-D9AA8AFF4A69	SUBJECT_PROCESS	052EDA6C-81A5-E858-A581-8684A8E895A2	FILE_OBJECT_FILE	EVENT_CLOSE	1523030834136110165
92017447-39B4-11E8-BF66-D9AA8AFF4A69	SUBJECT_PROCESS	9FF334BB-9072-D756-B290-556656D73728	FILE_OBJECT_FILE	EVENT_OPEN	1523030834136110165
92017447-39B4-11E8-BF66-D9AA8AFF4A69	SUBJECT_PROCESS	9FF334BB-9072-D756-B290-556656D73728	FILE_OBJECT_FILE	EVENT_CLOSE	1523030834136110165
92017447-39B4-11E8-BF66-D9AA8AFF4A69	SUBJECT_PROCESS	6AEDACE6-579B-545F-9B57-A1C85F54C294	FILE_OBJECT_FILE	EVENT_OPEN	1523030834136110165
92017447-39B4-11E8-BF66-D9AA8AFF4A69	SUBJECT_PROCESS	6AEDACE6-579B-545F-9B57-A1C85F54C294	FILE_OBJECT_FILE	EVENT_CLOSE	1523030834136110165
92017447-39B4-11E8-BF66-D9AA8AFF4A69	SUBJECT_PROCESS	EC6610BE-3938-FF59-B839-3E5D89FFD40E	FILE_OBJECT_FILE	EVENT_OPEN	1523030834136110165
92017447-39B4-11E8-BF66-D9AA8AFF4A69	SUBJECT_PROCESS	EC6610BE-3938-FF59-B839-3E5D89FFD40E	FILE_OBJECT_FILE	EVENT_CLOSE	1523030834136110165
92017447-39B4-11E8-BF66-D9AA8AFF4A69	SUBJECT_PROCESS	28A54E55-113F-7156-BF11-7DB506719442	FILE_OBJECT_FILE	EVENT_OPEN	1523030834136110165
92017447-39B4-11E8-BF66-D9AA8AFF4A69	SUBJECT_PROCESS	28A54E55-113F-7156-BF11-7DB506719442	FILE_OBJECT_FILE	EVENT_CLOSE	1523030834136110165
92017447-39B4-11E8-BF66-D9AA8AFF4A69	SUBJECT_PROCESS	7E9C53F7-06A2-BB5A-A206-8C6CFABBD7C1	FILE_OBJECT_FILE	EVENT_OPEN	1523030834136110165
92017447-39B4-11E8-BF66-D9AA8AFF4A69	SUBJECT_PROCESS	7E9C53F7-06A2-BB5A-A206-8C6CFABBD7C1	FILE_OBJECT_FILE	EVENT_CLOSE	1523030834136110165
92017447-39B4-11E8-BF66-D9AA8AFF4A69	SUBJECT_PROCESS	091FE082-59C9-105F-8959-650AFF103A6D	FILE_OBJECT_FILE	EVENT_OPEN	1523030834136110165
92017447-39B4-11E8-BF66-D9AA8AFF4A69	SUBJECT_PROCESS	091FE082-59C9-105F-8959-650AFF103A6D	FILE_OBJECT_FILE	EVENT_CLOSE	1523030834136110165
92017447-39B4-11E8-BF66-D9AA8AFF4A69	SUBJECT_PROCESS	8FDF15D1-7633-7059-B376-6B9069709617	FILE_OBJECT_FILE	EVENT_OPEN	1523030834146111126
92017447-39B4-11E8-BF66-D9AA8AFF4A69	SUBJECT_PROCESS	8FDF15D1-7633-7059-B376-6B9069709617	FILE_OBJECT_FILE	EVENT_CLOSE	1523030834146111126
92017447-39B4-11E8-BF66-D9AA8AFF4A69	SUBJECT_PROCESS	B7F97F36-D8FD-1B5F-BDD8-81B94F1B0F75	FILE_OBJECT_FILE	EVENT_OPEN	1523030834146111126
92017447-39B4-11E8-BF66-D9AA8AFF4A69	SUBJECT_PROCESS	B7F97F36-D8FD-1B5F-BDD8-81B94F1B0F75	FILE_OBJECT_FILE	EVENT_CLOSE	1523030834146111126
92017447-39B4-11E8-BF66-D9AA8AFF4A69	SUBJECT_PROCESS	76A739B1-A13E-FD50-BEA1-B218A0FD0400	FILE_OBJECT_FILE	EVENT_OPEN	1523030834146111126
92017447-39B4-11E8-BF66-D9AA8AFF4A69	SUBJECT_PROCESS	76A739B1-A13E-FD50-BEA1-B218A0FD0400	FILE_OBJECT_FILE	EVENT_CLOSE	1523030834146111126
92017447-39B4-11E8-BF66-D9AA8AFF4A69	SUBJECT_PROCESS	05FAA6B0-4D64-7357-A44D-7A4E97737EA5	FILE_OBJECT_FILE	EVENT_OPEN	1523030834146111126
92017447-39B4-11E8-BF66-D9AA8AFF4A69	SUBJECT_PROCESS	05FAA6B0-4D64-7357-A44D-7A4E97737EA5	FILE_OBJECT_FILE	EVENT_CLOSE	1523030834146111126
92017447-39B4-11E8-BF66-D9AA8AFF4A69	SUBJECT_PROCESS	3D97AF44-5626-6855-A656-4616B5688F7E	FILE_OBJECT_FILE	EVENT_OPEN	1523030834146111126
92017447-39B4-11E8-BF66-D9AA8AFF4A69	SUBJECT_PROCESS	3D97AF44-5626-6855-A656-4616B5688F7E	FILE_OBJECT_FILE	EVENT_CLOSE	1523030834146111126
92017447-39B4-11E8-BF66-D9AA8AFF4A69	SUBJECT_PROCESS	DEADAC7C-AED5-7E50-95AE-0452707EB22B	FILE_OBJECT_FILE	EVENT_OPEN	1523030834146111126
92017447-39B4-11E8-BF66-D9AA8AFF4A69	SUBJECT_PROCESS	DEADAC7C-AED5-7E50-95AE-0452707EB22B	FILE_OBJECT_FILE	EVENT_CLOSE	1523030834146111126
92017447-39B4-11E8-BF66-D9AA8AFF4A69	SUBJECT_PROCESS	65142C5B-32FF-825F-BF32-60951F827170	FILE_OBJECT_FILE	EVENT_OPEN	1523030834146111126
92017447-39B4-11E8-BF66-D9AA8AFF4A69	SUBJECT_PROCESS	65142C5B-32FF-825F-BF32-60951F827170	FILE_OBJECT_FILE	EVENT_CLOSE	1523030834146111126
92017447-39B4-11E8-BF66-D9AA8AFF4A69	SUBJECT_PROCESS	6981E03F-A6CE-6456-8EA6-89CA766490F0	FILE_OBJECT_FILE	EVENT_OPEN	1523030834146111126
92017447-39B4-11E8-BF66-D9AA8AFF4A69	SUBJECT_PROCESS	6981E03F-A6CE-6456-8EA6-89CA766490F0	FILE_OBJECT_FILE	EVENT_CLOSE	1523030834146111126
92017447-39B4-11E8-BF66-D9AA8AFF4A69	SUBJECT_PROCESS	8A1B16DC-09AE-F056-AE09-4BC6B6F0F2B4	FILE_OBJECT_FILE	EVENT_OPEN	1523030834146111126
92017447-39B4-11E8-BF66-D9AA8AFF4A69	SUBJECT_PROCESS	8A1B16DC-09AE-F056-AE09-4BC6B6F0F2B4	FILE_OBJECT_FILE	EVENT_CLOSE	1523030834156109347
92017447-39B4-11E8-BF66-D9AA8AFF4A69	SUBJECT_PROCESS	D94B02A1-F3D7-0B5C-97F3-6DD1CC0B3C09	FILE_OBJECT_FILE	EVENT_OPEN	1523030834156109347
92017447-39B4-11E8-BF66-D9AA8AFF4A69	SUBJECT_PROCESS	D94B02A1-F3D7-0B5C-97F3-6DD1CC0B3C09	FILE_OBJECT_FILE	EVENT_CLOSE	1523030834156109347
92017447-39B4-11E8-BF66-D9AA8AFF4A69	SUBJECT_PROCESS	A3BA7292-19E2-785A-A219-B904BA784FEE	FILE_OBJECT_FILE	EVENT_OPEN	1523030834156109347
92017447-39B4-11E8-BF66-D9AA8AFF4A69	SUBJECT_PROCESS	A3BA7292-19E2-785A-A219-B904BA784FEE	FILE_OBJECT_FILE	EVENT_CLOSE	1523030834156109347
92017447-39B4-11E8-BF66-D9AA8AFF4A69	SUBJECT_PROCESS	1CF107D7-0A3E-D258-BE0A-8B4658D2C591	FILE_OBJECT_FILE	EVENT_OPEN	1523030834156109347
92017447-39B4-11E8-BF66-D9AA8AFF4A69	SUBJECT_PROCESS	1CF107D7-0A3E-D258-BE0A-8B4658D2C591	FILE_OBJECT_FILE	EVENT_CLOSE	1523030834156109347
92017447-39B4-11E8-BF66-D9AA8AFF4A69	SUBJECT_PROCESS	E4D195FC-B72A-965E-AAB7-7E509E962281	FILE_OBJECT_FILE	EVENT_OPEN	1523030834156109347
92017447-39B4-11E8-BF66-D9AA8AFF4A69	SUBJECT_PROCESS	E4D195FC-B72A-965E-AAB7-7E509E962281	FILE_OBJECT_FILE	EVENT_CLOSE	1523030834156109347
92017447-39B4-11E8-BF66-D9AA8AFF4A69	SUBJECT_PROCESS	4D266614-A800-3A55-80A8-39E4D53A85D3	FILE_OBJECT_FILE	EVENT_OPEN	1523030834156109347
92017447-39B4-11E8-BF66-D9AA8AFF4A69	SUBJECT_PROCESS	4D266614-A800-3A55-80A8-39E4D53A85D3	FILE_OBJECT_FILE	EVENT_CLOSE	1523030834156109347
92017447-39B4-11E8-BF66-D9AA8AFF4A69	SUBJECT_PROCESS	F410BE96-4C0C-765E-8C4C-6F0E2E760020	FILE_OBJECT_FILE	EVENT_OPEN	1523030834156109347
92017447-39B4-11E8-BF66-D9AA8AFF4A69	SUBJECT_PROCESS	F410BE96-4C0C-765E-8C4C-6F0E2E760020	FILE_OBJECT_FILE	EVENT_CLOSE	1523030834166112328
92017447-39B4-11E8-BF66-D9AA8AFF4A69	SUBJECT_PROCESS	1633500B-D34B-8058-8BD3-ABB7D880915E	FILE_OBJECT_FILE	EVENT_OPEN	1523030834166112328
92017447-39B4-11E8-BF66-D9AA8AFF4A69	SUBJECT_PROCESS	1633500B-D34B-8058-8BD3-ABB7D880915E	FILE_OBJECT_FILE	EVENT_CLOSE	1523030834166112328
92017447-39B4-11E8-BF66-D9AA8AFF4A69	SUBJECT_PROCESS	E8D4DBDE-706C-8C52-AC70-FF9F428CC19A	FILE_OBJECT_FILE	EVENT_OPEN	1523030834166112328
92017447-39B4-11E8-BF66-D9AA8AFF4A69	SUBJECT_PROCESS	E8D4DBDE-706C-8C52-AC70-FF9F428CC19A	FILE_OBJECT_FILE	EVENT_CLOSE	1523030834166112328
92017447-39B4-11E8-BF66-D9AA8AFF4A69	SUBJECT_PROCESS	9208819D-39B4-11E8-BF66-D9AA8AFF4A69	FILE_OBJECT_FILE	EVENT_CLOSE	1523030834166112328
92017447-39B4-11E8-BF66-D9AA8AFF4A69	SUBJECT_PROCESS	9208A760-39B4-11E8-BF66-D9AA8AFF4A69	FILE_OBJECT_FILE	EVENT_CLOSE	1523030834166112328
92017447-39B4-11E8-BF66-D9AA8AFF4A69	SUBJECT_PROCESS	BCDBE64D-1703-005A-8317-44DD6A00589D	FILE_OBJECT_FILE	EVENT_OPEN	1523030834166112328
92017447-39B4-11E8-BF66-D9AA8AFF4A69	SUBJECT_PROCESS	BCDBE64D-1703-005A-8317-44DD6A00589D	FILE_OBJECT_FILE	EVENT_CLOSE	1523030834176111889
92017447-39B4-11E8-BF66-D9AA8AFF4A69	SUBJECT_PROCESS	90139085-37D9-7553-9937-CFE3D375E971	FILE_OBJECT_FILE	EVENT_OPEN	1523030834176111889
92017447-39B4-11E8-BF66-D9AA8AFF4A69	SUBJECT_PROCESS	90139085-37D9-7553-9937-CFE3D375E971	FILE_OBJECT_FILE	EVENT_READ	1523030834176111889
92017447-39B4-11E8-BF66-D9AA8AFF4A69	SUBJECT_PROCESS	90139085-37D9-7553-9937-CFE3D375E971	FILE_OBJECT_FILE	EVENT_READ	1523030834176111889
92017447-39B4-11E8-BF66-D9AA8AFF4A69	SUBJECT_PROCESS	90139085-37D9-7553-9937-CFE3D375E971	FILE_OBJECT_FILE	EVENT_READ	1523030834176111889
92017447-39B4-11E8-BF66-D9AA8AFF4A69	SUBJECT_PROCESS	90139085-37D9-7553-9937-CFE3D375E971	FILE_OBJECT_FILE	EVENT_READ	1523030834176111889
92017447-39B4-11E8-BF66-D9AA8AFF4A69	SUBJECT_PROCESS	90139085-37D9-7553-9937-CFE3D375E971	FILE_OBJECT_FILE	EVENT_READ	1523030834176111889
92017447-39B4-11E8-BF66-D9AA8AFF4A69	SUBJECT_PROCESS	90139085-37D9-7553-9937-CFE3D375E971	FILE_OBJECT_FILE	EVENT_READ	1523030834176111889
92017447-39B4-11E8-BF66-D9AA8AFF4A69	SUBJECT_PROCESS	90139085-37D9-7553-9937-CFE3D375E971	FILE_OBJECT_FILE	EVENT_READ	1523030834176111889
92017447-39B4-11E8-BF66-D9AA8AFF4A69	SUBJECT_PROCESS	90139085-37D9-7553-9937-CFE3D375E971	FILE_OBJECT_FILE	EVENT_READ	1523030834176111889
92017447-39B4-11E8-BF66-D9AA8AFF4A69	SUBJECT_PROCESS	90139085-37D9-7553-9937-CFE3D375E971	FILE_OBJECT_FILE	EVENT_CLOSE	1523030834176111889
92017447-39B4-11E8-BF66-D9AA8AFF4A69	SUBJECT_PROCESS	06EDE678-A217-C354-97A2-9A5EA4C3F64D	FILE_OBJECT_FILE	EVENT_OPEN	1523030834176111889
92017447-39B4-11E8-BF66-D9AA8AFF4A69	SUBJECT_PROCESS	06EDE678-A217-C354-97A2-9A5EA4C3F64D	FILE_OBJECT_FILE	EVENT_CLOSE	1523030834176111889
92017447-39B4-11E8-BF66-D9AA8AFF4A69	SUBJECT_PROCESS	06EDE678-A217-C354-97A2-9A5EA4C3F64D	FILE_OBJECT_FILE	EVENT_OPEN	1523030834176111889
92017447-39B4-11E8-BF66-D9AA8AFF4A69	SUBJECT_PROCESS	06EDE678-A217-C354-97A2-9A5EA4C3F64D	FILE_OBJECT_FILE	EVENT_CLOSE	1523030834186115119
92017447-39B4-11E8-BF66-D9AA8AFF4A69	SUBJECT_PROCESS	06EDE678-A217-C354-97A2-9A5EA4C3F64D	FILE_OBJECT_FILE	EVENT_OPEN	1523030834186115119
92017447-39B4-11E8-BF66-D9AA8AFF4A69	SUBJECT_PROCESS	06EDE678-A217-C354-97A2-9A5EA4C3F64D	FILE_OBJECT_FILE	EVENT_CLOSE	1523030834186115119
92017447-39B4-11E8-BF66-D9AA8AFF4A69	SUBJECT_PROCESS	0E7EF538-230D-D15D-8D23-0503CDD11FB4	FILE_OBJECT_FILE	EVENT_OPEN	1523030834186115119
92017447-39B4-11E8-BF66-D9AA8AFF4A69	SUBJECT_PROCESS	0E7EF538-230D-D15D-8D23-0503CDD11FB4	FILE_OBJECT_FILE	EVENT_CLOSE	1523030834186115119
92017447-39B4-11E8-BF66-D9AA8AFF4A69	SUBJECT_PROCESS	B15771BC-A07F-6F55-BFA0-B6DB456F4F9C	FILE_OBJECT_FILE	EVENT_OPEN	1523030834186115119
92017447-39B4-11E8-BF66-D9AA8AFF4A69	SUBJECT_PROCESS	B15771BC-A07F-6F55-BFA0-B6DB456F4F9C	FILE_OBJECT_FILE	EVENT_CLOSE	1523030834186115119
92017447-39B4-11E8-BF66-D9AA8AFF4A69	SUBJECT_PROCESS	B15771BC-A07F-6F55-BFA0-B6DB456F4F9C	FILE_OBJECT_FILE	EVENT_OPEN	1523030834186115119
92017447-39B4-11E8-BF66-D9AA8AFF4A69	SUBJECT_PROCESS	B15771BC-A07F-6F55-BFA0-B6DB456F4F9C	FILE_OBJECT_FILE	EVENT_CLOSE	1523030834186115119
92017447-39B4-11E8-BF66-D9AA8AFF4A69	SUBJECT_PROCESS	B15771BC-A07F-6F55-BFA0-B6DB456F4F9C	FILE_OBJECT_FILE	EVENT_OPEN	1523030834186115119
92017447-39B4-11E8-BF66-D9AA8AFF4A69	SUBJECT_PROCESS	B15771BC-A07F-6F55-BFA0-B6DB456F4F9C	FILE_OBJECT_FILE	EVENT_CLOSE	1523030834186115119
92017447-39B4-11E8-BF66-D9AA8AFF4A69	SUBJECT_PROCESS	9AF2979B-485C-2D51-9C48-1356F12DEE1F	FILE_OBJECT_FILE	EVENT_OPEN	1523030834186115119
92017447-39B4-11E8-BF66-D9AA8AFF4A69	SUBJECT_PROCESS	9AF2979B-485C-2D51-9C48-1356F12DEE1F	FILE_OBJECT_FILE	EVENT_CLOSE	1523030834186115119
92017447-39B4-11E8-BF66-D9AA8AFF4A69	SUBJECT_PROCESS	3ED348B0-399E-775C-9E39-21619C776688	FILE_OBJECT_FILE	EVENT_OPEN	1523030834186115119
92017447-39B4-11E8-BF66-D9AA8AFF4A69	SUBJECT_PROCESS	3ED348B0-399E-775C-9E39-21619C776688	FILE_OBJECT_FILE	EVENT_CLOSE	1523030834186115119
92017447-39B4-11E8-BF66-D9AA8AFF4A69	SUBJECT_PROCESS	3ED348B0-399E-775C-9E39-21619C776688	FILE_OBJECT_FILE	EVENT_OPEN	1523030834186115119
92017447-39B4-11E8-BF66-D9AA8AFF4A69	SUBJECT_PROCESS	3ED348B0-399E-775C-9E39-21619C776688	FILE_OBJECT_FILE	EVENT_CLOSE	1523030834186115119
92017447-39B4-11E8-BF66-D9AA8AFF4A69	SUBJECT_PROCESS	3ED348B0-399E-775C-9E39-21619C776688	FILE_OBJECT_FILE	EVENT_OPEN	1523030834196111240
92017447-39B4-11E8-BF66-D9AA8AFF4A69	SUBJECT_PROCESS	3ED348B0-399E-775C-9E39-21619C776688	FILE_OBJECT_FILE	EVENT_CLOSE	1523030834196111240
92017447-39B4-11E8-BF66-D9AA8AFF4A69	SUBJECT_PROCESS	99AFAE93-7DB3-585E-B37D-8BD27E58A792	FILE_OBJECT_FILE	EVENT_OPEN	1523030834196111240
92017447-39B4-11E8-BF66-D9AA8AFF4A69	SUBJECT_PROCESS	99AFAE93-7DB3-585E-B37D-8BD27E58A792	FILE_OBJECT_FILE	EVENT_CLOSE	1523030834196111240
92017447-39B4-11E8-BF66-D9AA8AFF4A69	SUBJECT_PROCESS	92017447-39B4-11E8-BF66-D9AA8AFF4A69	SUBJECT_PROCESS	EVENT_MODIFY_PROCESS	1523030834196111240
92017447-39B4-11E8-BF66-D9AA8AFF4A69	SUBJECT_PROCESS	92017447-39B4-11E8-BF66-D9AA8AFF4A69	SUBJECT_PROCESS	EVENT_MODIFY_PROCESS	1523030834196111240
92017447-39B4-11E8-BF66-D9AA8AFF4A69	SUBJECT_PROCESS	92017447-39B4-11E8-BF66-D9AA8AFF4A69	SUBJECT_PROCESS	EVENT_MODIFY_PROCESS	1523030834196111240
92017447-39B4-11E8-BF66-D9AA8AFF4A69	SUBJECT_PROCESS	10A312B0-5B87-B35C-875B-5FF05CB3FD5D	FILE_OBJECT_DIR	EVENT_MODIFY_PROCESS	1523030834196111240
92017447-39B4-11E8-BF66-D9AA8AFF4A69	SUBJECT_PROCESS	92015D13-39B4-11E8-BF66-D9AA8AFF4A69	FILE_OBJECT_UNIX_SOCKET	EVENT_CLOSE	1523030834196111240
92017447-39B4-11E8-BF66-D9AA8AFF4A69	SUBJECT_PROCESS	1633500B-D34B-8058-8BD3-ABB7D880915E	FILE_OBJECT_FILE	EVENT_OPEN	1523030834196111240
92017447-39B4-11E8-BF66-D9AA8AFF4A69	SUBJECT_PROCESS	1633500B-D34B-8058-8BD3-ABB7D880915E	FILE_OBJECT_FILE	EVENT_CLOSE	1523030834196111240
92017447-39B4-11E8-BF66-D9AA8AFF4A69	SUBJECT_PROCESS	9F924E33-11DC-C954-9C11-ABA0F4C94D90	FILE_OBJECT_FILE	EVENT_OPEN	1523030834196111240
92017447-39B4-11E8-BF66-D9AA8AFF4A69	SUBJECT_PROCESS	9F924E33-11DC-C954-9C11-ABA0F4C94D90	FILE_OBJECT_FILE	EVENT_CLOSE	1523030834196111240
92017447-39B4-11E8-BF66-D9AA8AFF4A69	SUBJECT_PROCESS	84F70B35-68E3-FB58-A368-CD5548FBBA24	FILE_OBJECT_FILE	EVENT_OPEN	1523030834196111240
92017447-39B4-11E8-BF66-D9AA8AFF4A69	SUBJECT_PROCESS	28A54E55-113F-7156-BF11-7DB506719442	FILE_OBJECT_FILE	EVENT_OPEN	1523030834196111240
92017447-39B4-11E8-BF66-D9AA8AFF4A69	SUBJECT_PROCESS	28A54E55-113F-7156-BF11-7DB506719442	FILE_OBJECT_FILE	EVENT_CLOSE	1523030834196111240
92017447-39B4-11E8-BF66-D9AA8AFF4A69	SUBJECT_PROCESS	8E4E05FC-FF98-1C52-98FF-75C7221CB2F2	FILE_OBJECT_FILE	EVENT_OPEN	1523030834196111240
92017447-39B4-11E8-BF66-D9AA8AFF4A69	SUBJECT_PROCESS	8E4E05FC-FF98-1C52-98FF-75C7221CB2F2	FILE_OBJECT_FILE	EVENT_CLOSE	1523030834196111240
92017447-39B4-11E8-BF66-D9AA8AFF4A69	SUBJECT_PROCESS	84F70B35-68E3-FB58-A368-CD5548FBBA24	FILE_OBJECT_FILE	EVENT_CLOSE	1523030834196111240
92017447-39B4-11E8-BF66-D9AA8AFF4A69	SUBJECT_PROCESS	CEE6589C-8C59-1556-998C-BCE606155D40	FILE_OBJECT_FILE	EVENT_OPEN	1523030834196111240
92017447-39B4-11E8-BF66-D9AA8AFF4A69	SUBJECT_PROCESS	CEE6589C-8C59-1556-998C-BCE606155D40	FILE_OBJECT_FILE	EVENT_CLOSE	1523030834206111111
92017447-39B4-11E8-BF66-D9AA8AFF4A69	SUBJECT_PROCESS	920DE75A-39B4-11E8-BF66-D9AA8AFF4A69	FILE_OBJECT_UNIX_SOCKET	EVENT_CREATE_OBJECT	1523030834206111111
92017447-39B4-11E8-BF66-D9AA8AFF4A69	SUBJECT_PROCESS	920DE7C5-39B4-11E8-BF66-D9AA8AFF4A69	FILE_OBJECT_UNIX_SOCKET	EVENT_CREATE_OBJECT	1523030834206111111
92017447-39B4-11E8-BF66-D9AA8AFF4A69	SUBJECT_PROCESS	4DFF4CCC-AA61-5566-9BE7-C8723587FB86	UnnamedPipeObject	EVENT_CREATE_OBJECT	1523030834206111111
92017447-39B4-11E8-BF66-D9AA8AFF4A69	SUBJECT_PROCESS	920E3F55-39B4-11E8-BF66-D9AA8AFF4A69	SUBJECT_PROCESS	EVENT_FORK	1523030834206111111
920E3F55-39B4-11E8-BF66-D9AA8AFF4A69	SUBJECT_PROCESS	920E3F55-39B4-11E8-BF66-D9AA8AFF4A69	SUBJECT_PROCESS	EVENT_MODIFY_PROCESS	1523030834206111111
920E3F55-39B4-11E8-BF66-D9AA8AFF4A69	SUBJECT_PROCESS	6198310B-FE73-8357-B3FE-1B0B1783B474	FILE_OBJECT_DIR	EVENT_MODIFY_PROCESS	1523030834206111111
920E3F55-39B4-11E8-BF66-D9AA8AFF4A69	SUBJECT_PROCESS	920E3F55-39B4-11E8-BF66-D9AA8AFF4A69	SUBJECT_PROCESS	EVENT_CHANGE_PRINCIPAL	1523030834206111111
920E3F55-39B4-11E8-BF66-D9AA8AFF4A69	SUBJECT_PROCESS	920E3F55-39B4-11E8-BF66-D9AA8AFF4A69	SUBJECT_PROCESS	EVENT_CHANGE_PRINCIPAL	1523030834206111111
92017447-39B4-11E8-BF66-D9AA8AFF4A69	SUBJECT_PROCESS	C6372CCF-39E0-835A-A039-155BFA837272	FILE_OBJECT_FILE	EVENT_OPEN	1523030834326109281
92017447-39B4-11E8-BF66-D9AA8AFF4A69	SUBJECT_PROCESS	C6372CCF-39E0-835A-A039-155BFA837272	FILE_OBJECT_FILE	EVENT_CLOSE	1523030834326109281
92017447-39B4-11E8-BF66-D9AA8AFF4A69	SUBJECT_PROCESS	92204E9D-39B4-11E8-BF66-D9AA8AFF4A69	NetFlowObject	EVENT_CONNECT	1523030834326109281
92017447-39B4-11E8-BF66-D9AA8AFF4A69	SUBJECT_PROCESS	92204E9D-39B4-11E8-BF66-D9AA8AFF4A69	NetFlowObject	EVENT_SENDTO	1523030834326109281
92017447-39B4-11E8-BF66-D9AA8AFF4A69	SUBJECT_PROCESS	92204E9D-39B4-11E8-BF66-D9AA8AFF4A69	NetFlowObject	EVENT_RECVFROM	1523030834326109281
92017447-39B4-11E8-BF66-D9AA8AFF4A69	SUBJECT_PROCESS	92204E9D-39B4-11E8-BF66-D9AA8AFF4A69	NetFlowObject	EVENT_CLOSE	1523030834326109281
92017447-39B4-11E8-BF66-D9AA8AFF4A69	SUBJECT_PROCESS	90139085-37D9-7553-9937-CFE3D375E971	FILE_OBJECT_FILE	EVENT_OPEN	1523030834326109281
92017447-39B4-11E8-BF66-D9AA8AFF4A69	SUBJECT_PROCESS	90139085-37D9-7553-9937-CFE3D375E971	FILE_OBJECT_FILE	EVENT_READ	1523030834326109281
92017447-39B4-11E8-BF66-D9AA8AFF4A69	SUBJECT_PROCESS	90139085-37D9-7553-9937-CFE3D375E971	FILE_OBJECT_FILE	EVENT_READ	1523030834326109281
92017447-39B4-11E8-BF66-D9AA8AFF4A69	SUBJECT_PROCESS	90139085-37D9-7553-9937-CFE3D375E971	FILE_OBJECT_FILE	EVENT_READ	1523030834326109281
92017447-39B4-11E8-BF66-D9AA8AFF4A69	SUBJECT_PROCESS	90139085-37D9-7553-9937-CFE3D375E971	FILE_OBJECT_FILE	EVENT_READ	1523030834326109281
92017447-39B4-11E8-BF66-D9AA8AFF4A69	SUBJECT_PROCESS	90139085-37D9-7553-9937-CFE3D375E971	FILE_OBJECT_FILE	EVENT_READ	1523030834326109281
92017447-39B4-11E8-BF66-D9AA8AFF4A69	SUBJECT_PROCESS	90139085-37D9-7553-9937-CFE3D375E971	FILE_OBJECT_FILE	EVENT_READ	1523030834326109281
92017447-39B4-11E8-BF66-D9AA8AFF4A69	SUBJECT_PROCESS	90139085-37D9-7553-9937-CFE3D375E971	FILE_OBJECT_FILE	EVENT_READ	1523030834326109281
92017447-39B4-11E8-BF66-D9AA8AFF4A69	SUBJECT_PROCESS	90139085-37D9-7553-9937-CFE3D375E971	FILE_OBJECT_FILE	EVENT_READ	1523030834326109281
92017447-39B4-11E8-BF66-D9AA8AFF4A69	SUBJECT_PROCESS	90139085-37D9-7553-9937-CFE3D375E971	FILE_OBJECT_FILE	EVENT_CLOSE	1523030834326109281
92017447-39B4-11E8-BF66-D9AA8AFF4A69	SUBJECT_PROCESS	9A717117-65ED-675C-AD65-38102C67C832	FILE_OBJECT_FILE	EVENT_OPEN	1523030834326109281
92017447-39B4-11E8-BF66-D9AA8AFF4A69	SUBJECT_PROCESS	9A717117-65ED-675C-AD65-38102C67C832	FILE_OBJECT_FILE	EVENT_CLOSE	1523030834326109281
92017447-39B4-11E8-BF66-D9AA8AFF4A69	SUBJECT_PROCESS	460DC568-2EC4-D151-842E-D3C7D1D125B3	FILE_OBJECT_FILE	EVENT_OPEN	1523030834326109281
92017447-39B4-11E8-BF66-D9AA8AFF4A69	SUBJECT_PROCESS	06BF565C-7BF3-385F-B37B-036DAF3837A6	FILE_OBJECT_FILE	EVENT_OPEN	1523030834336113381
920E3F55-39B4-11E8-BF66-D9AA8AFF4A69	SUBJECT_PROCESS	922175C1-39B4-11E8-BF66-D9AA8AFF4A69	FILE_OBJECT_FILE	EVENT_CLOSE	1523030834336113381
92017447-39B4-11E8-BF66-D9AA8AFF4A69	SUBJECT_PROCESS	06BF565C-7BF3-385F-B37B-036DAF3837A6	FILE_OBJECT_FILE	EVENT_CLOSE	1523030834336113381
92017447-39B4-11E8-BF66-D9AA8AFF4A69	SUBJECT_PROCESS	F4740EB4-E508-D552-88E5-A946E2D52B40	FILE_OBJECT_FILE	EVENT_OPEN	1523030834336113381
920E3F55-39B4-11E8-BF66-D9AA8AFF4A69	SUBJECT_PROCESS	92219F8A-39B4-11E8-BF66-D9AA8AFF4A69	FILE_OBJECT_FILE	EVENT_CLOSE	1523030834336113381
92017447-39B4-11E8-BF66-D9AA8AFF4A69	SUBJECT_PROCESS	F4740EB4-E508-D552-88E5-A946E2D52B40	FILE_OBJECT_FILE	EVENT_CLOSE	1523030834336113381
92017447-39B4-11E8-BF66-D9AA8AFF4A69	SUBJECT_PROCESS	2808F81C-1C74-F155-B41C-4887E5F1F9A5	FILE_OBJECT_FILE	EVENT_OPEN	1523030834336113381
92017447-39B4-11E8-BF66-D9AA8AFF4A69	SUBJECT_PROCESS	2808F81C-1C74-F155-B41C-4887E5F1F9A5	FILE_OBJECT_FILE	EVENT_CLOSE	1523030834336113381
920E3F55-39B4-11E8-BF66-D9AA8AFF4A69	SUBJECT_PROCESS	9221D024-39B4-11E8-BF66-D9AA8AFF4A69	FILE_OBJECT_FILE	EVENT_CLOSE	1523030834336113381
92017447-39B4-11E8-BF66-D9AA8AFF4A69	SUBJECT_PROCESS	06BF565C-7BF3-385F-B37B-036DAF3837A6	FILE_OBJECT_FILE	EVENT_CLOSE	1523030834336113381
92017447-39B4-11E8-BF66-D9AA8AFF4A69	SUBJECT_PROCESS	C88B20D1-348D-465D-8D34-205F6D464FBB	FILE_OBJECT_FILE	EVENT_OPEN	1523030834336113381
920E3F55-39B4-11E8-BF66-D9AA8AFF4A69	SUBJECT_PROCESS	9221F704-39B4-11E8-BF66-D9AA8AFF4A69	FILE_OBJECT_FILE	EVENT_CLOSE	1523030834336113381
92017447-39B4-11E8-BF66-D9AA8AFF4A69	SUBJECT_PROCESS	C88B20D1-348D-465D-8D34-205F6D464FBB	FILE_OBJECT_FILE	EVENT_CLOSE	1523030834336113381
92017447-39B4-11E8-BF66-D9AA8AFF4A69	SUBJECT_PROCESS	C88B20D1-348D-465D-8D34-205F6D464FBB	FILE_OBJECT_FILE	EVENT_CLOSE	1523030834336113381
92017447-39B4-11E8-BF66-D9AA8AFF4A69	SUBJECT_PROCESS	CF1CFFEE-DF5A-7256-9ADF-2A4636725BAD	FILE_OBJECT_FILE	EVENT_OPEN	1523030834336113381
920E3F55-39B4-11E8-BF66-D9AA8AFF4A69	SUBJECT_PROCESS	92223D65-39B4-11E8-BF66-D9AA8AFF4A69	FILE_OBJECT_FILE	EVENT_CLOSE	1523030834336113381
92017447-39B4-11E8-BF66-D9AA8AFF4A69	SUBJECT_PROCESS	CF1CFFEE-DF5A-7256-9ADF-2A4636725BAD	FILE_OBJECT_FILE	EVENT_CLOSE	1523030834336113381
92017447-39B4-11E8-BF66-D9AA8AFF4A69	SUBJECT_PROCESS	96FEA8F0-71C6-475F-8671-74C50F475F59	FILE_OBJECT_FILE	EVENT_OPEN	1523030834336113381
920E3F55-39B4-11E8-BF66-D9AA8AFF4A69	SUBJECT_PROCESS	92226432-39B4-11E8-BF66-D9AA8AFF4A69	FILE_OBJECT_FILE	EVENT_CLOSE	1523030834336113381
92017447-39B4-11E8-BF66-D9AA8AFF4A69	SUBJECT_PROCESS	96FEA8F0-71C6-475F-8671-74C50F475F59	FILE_OBJECT_FILE	EVENT_CLOSE	1523030834336113381
92017447-39B4-11E8-BF66-D9AA8AFF4A69	SUBJECT_PROCESS	CF1CFFEE-DF5A-7256-9ADF-2A4636725BAD	FILE_OBJECT_FILE	EVENT_CLOSE	1523030834336113381
92017447-39B4-11E8-BF66-D9AA8AFF4A69	SUBJECT_PROCESS	7B76A6AD-1CD5-ED52-951C-AC5D42ED5145	FILE_OBJECT_FILE	EVENT_OPEN	1523030834336113381
92017447-39B4-11E8-BF66-D9AA8AFF4A69	SUBJECT_PROCESS	7B76A6AD-1CD5-ED52-951C-AC5D42ED5145	FILE_OBJECT_FILE	EVENT_CLOSE	1523030834336113381
92017447-39B4-11E8-BF66-D9AA8AFF4A69	SUBJECT_PROCESS	7B76A6AD-1CD5-ED52-951C-AC5D42ED5145	FILE_OBJECT_FILE	EVENT_CLOSE	1523030834336113381
92017447-39B4-11E8-BF66-D9AA8AFF4A69	SUBJECT_PROCESS	AC89F764-518D-3853-8D51-D0D5B3384C6B	FILE_OBJECT_FILE	EVENT_OPEN	1523030834336113381
92017447-39B4-11E8-BF66-D9AA8AFF4A69	SUBJECT_PROCESS	AC89F764-518D-3853-8D51-D0D5B3384C6B	FILE_OBJECT_FILE	EVENT_CLOSE	1523030834346114852
92017447-39B4-11E8-BF66-D9AA8AFF4A69	SUBJECT_PROCESS	AC89F764-518D-3853-8D51-D0D5B3384C6B	FILE_OBJECT_FILE	EVENT_CLOSE	1523030834346114852
92017447-39B4-11E8-BF66-D9AA8AFF4A69	SUBJECT_PROCESS	CF1CFFEE-DF5A-7256-9ADF-2A4636725BAD	FILE_OBJECT_FILE	EVENT_OPEN	1523030834346114852
92017447-39B4-11E8-BF66-D9AA8AFF4A69	SUBJECT_PROCESS	CF1CFFEE-DF5A-7256-9ADF-2A4636725BAD	FILE_OBJECT_FILE	EVENT_CLOSE	1523030834346114852
92017447-39B4-11E8-BF66-D9AA8AFF4A69	SUBJECT_PROCESS	CF1CFFEE-DF5A-7256-9ADF-2A4636725BAD	FILE_OBJECT_FILE	EVENT_CLOSE	1523030834346114852
92017447-39B4-11E8-BF66-D9AA8AFF4A69	SUBJECT_PROCESS	138A32A2-DAFE-1D55-BEDA-6867451D60C4	FILE_OBJECT_FILE	EVENT_OPEN	1523030834346114852
92017447-39B4-11E8-BF66-D9AA8AFF4A69	SUBJECT_PROCESS	138A32A2-DAFE-1D55-BEDA-6867451D60C4	FILE_OBJECT_FILE	EVENT_CLOSE	1523030834346114852
92017447-39B4-11E8-BF66-D9AA8AFF4A69	SUBJECT_PROCESS	138A32A2-DAFE-1D55-BEDA-6867451D60C4	FILE_OBJECT_FILE	EVENT_CLOSE	1523030834346114852
92017447-39B4-11E8-BF66-D9AA8AFF4A69	SUBJECT_PROCESS	CF1CFFEE-DF5A-7256-9ADF-2A4636725BAD	FILE_OBJECT_FILE	EVENT_OPEN	1523030834346114852
92017447-39B4-11E8-BF66-D9AA8AFF4A69	SUBJECT_PROCESS	CF1CFFEE-DF5A-7256-9ADF-2A4636725BAD	FILE_OBJECT_FILE	EVENT_CLOSE	1523030834346114852
92017447-39B4-11E8-BF66-D9AA8AFF4A69	SUBJECT_PROCESS	CF1CFFEE-DF5A-7256-9ADF-2A4636725BAD	FILE_OBJECT_FILE	EVENT_CLOSE	1523030834346114852
92017447-39B4-11E8-BF66-D9AA8AFF4A69	SUBJECT_PROCESS	460DC568-2EC4-D151-842E-D3C7D1D125B3	FILE_OBJECT_FILE	EVENT_CLOSE	1523030834346114852
92017447-39B4-11E8-BF66-D9AA8AFF4A69	SUBJECT_PROCESS	AE441C70-DEC0-BD5F-80DE-3DE4DFBDF253	FILE_OBJECT_FILE	EVENT_OPEN	1523030834346114852
92017447-39B4-11E8-BF66-D9AA8AFF4A69	SUBJECT_PROCESS	AE441C70-DEC0-BD5F-80DE-3DE4DFBDF253	FILE_OBJECT_FILE	EVENT_CLOSE	1523030834346114852
92017447-39B4-11E8-BF66-D9AA8AFF4A69	SUBJECT_PROCESS	104A8C35-2200-3156-8022-4129E631EA52	FILE_OBJECT_FILE	EVENT_OPEN	1523030834346114852
92017447-39B4-11E8-BF66-D9AA8AFF4A69	SUBJECT_PROCESS	104A8C35-2200-3156-8022-4129E631EA52	FILE_OBJECT_FILE	EVENT_CLOSE	1523030834346114852
92017447-39B4-11E8-BF66-D9AA8AFF4A69	SUBJECT_PROCESS	922415A7-39B4-11E8-BF66-D9AA8AFF4A69	FILE_OBJECT_UNIX_SOCKET	EVENT_CONNECT	1523030834346114852
92017447-39B4-11E8-BF66-D9AA8AFF4A69	SUBJECT_PROCESS	922415A7-39B4-11E8-BF66-D9AA8AFF4A69	FILE_OBJECT_UNIX_SOCKET	EVENT_SENDTO	1523030834346114852
70C1D4CB-3678-11E8-BF66-D9AA8AFF4A69	SUBJECT_PROCESS	70C1A076-3678-11E8-BF66-D9AA8AFF4A69	FILE_OBJECT_UNIX_SOCKET	EVENT_RECVFROM	1523030834346114852
92017447-39B4-11E8-BF66-D9AA8AFF4A69	SUBJECT_PROCESS	922415A7-39B4-11E8-BF66-D9AA8AFF4A69	FILE_OBJECT_UNIX_SOCKET	EVENT_CLOSE	1523030834346114852
92017447-39B4-11E8-BF66-D9AA8AFF4A69	SUBJECT_PROCESS	922451B8-39B4-11E8-BF66-D9AA8AFF4A69	FILE_OBJECT_UNIX_SOCKET	EVENT_CONNECT	1523030834346114852
92017447-39B4-11E8-BF66-D9AA8AFF4A69	SUBJECT_PROCESS	922451B8-39B4-11E8-BF66-D9AA8AFF4A69	FILE_OBJECT_UNIX_SOCKET	EVENT_SENDTO	1523030834346114852
70C1D4CB-3678-11E8-BF66-D9AA8AFF4A69	SUBJECT_PROCESS	70C1A076-3678-11E8-BF66-D9AA8AFF4A69	FILE_OBJECT_UNIX_SOCKET	EVENT_RECVFROM	1523030834346114852
92017447-39B4-11E8-BF66-D9AA8AFF4A69	SUBJECT_PROCESS	922451B8-39B4-11E8-BF66-D9AA8AFF4A69	FILE_OBJECT_UNIX_SOCKET	EVENT_CLOSE	1523030834346114852
92017447-39B4-11E8-BF66-D9AA8AFF4A69	SUBJECT_PROCESS	92248DF4-39B4-11E8-BF66-D9AA8AFF4A69	FILE_OBJECT_UNIX_SOCKET	EVENT_CREATE_OBJECT	1523030834356113443
92017447-39B4-11E8-BF66-D9AA8AFF4A69	SUBJECT_PROCESS	92248E4F-39B4-11E8-BF66-D9AA8AFF4A69	FILE_OBJECT_UNIX_SOCKET	EVENT_CREATE_OBJECT	1523030834356113443
92017447-39B4-11E8-BF66-D9AA8AFF4A69	SUBJECT_PROCESS	9224AB2A-39B4-11E8-BF66-D9AA8AFF4A69	SUBJECT_PROCESS	EVENT_FORK	1523030834356113443
9224AB2A-39B4-11E8-BF66-D9AA8AFF4A69	SUBJECT_PROCESS	E4790631-C888-6A58-88C8-524DD86A8EE1	FILE_OBJECT_FILE	EVENT_OPEN	1523030834356113443
9224AB2A-39B4-11E8-BF66-D9AA8AFF4A69	SUBJECT_PROCESS	E4790631-C888-6A58-88C8-524DD86A8EE1	FILE_OBJECT_FILE	EVENT_OPEN	1523030834356113443
9224AB2A-39B4-11E8-BF66-D9AA8AFF4A69	SUBJECT_PROCESS	E4790631-C888-6A58-88C8-524DD86A8EE1	FILE_OBJECT_FILE	EVENT_CLOSE	1523030834356113443
9224AB2A-39B4-11E8-BF66-D9AA8AFF4A69	SUBJECT_PROCESS	E4790631-C888-6A58-88C8-524DD86A8EE1	FILE_OBJECT_FILE	EVENT_LSEEK	1523030834356113443
9224AB2A-39B4-11E8-BF66-D9AA8AFF4A69	SUBJECT_PROCESS	E4790631-C888-6A58-88C8-524DD86A8EE1	FILE_OBJECT_FILE	EVENT_CLOSE	1523030834356113443
9224AB2A-39B4-11E8-BF66-D9AA8AFF4A69	SUBJECT_PROCESS	90139085-37D9-7553-9937-CFE3D375E971	FILE_OBJECT_FILE	EVENT_OPEN	1523030834356113443
9224AB2A-39B4-11E8-BF66-D9AA8AFF4A69	SUBJECT_PROCESS	90139085-37D9-7553-9937-CFE3D375E971	FILE_OBJECT_FILE	EVENT_READ	1523030834356113443
9224AB2A-39B4-11E8-BF66-D9AA8AFF4A69	SUBJECT_PROCESS	90139085-37D9-7553-9937-CFE3D375E971	FILE_OBJECT_FILE	EVENT_READ	1523030834356113443
9224AB2A-39B4-11E8-BF66-D9AA8AFF4A69	SUBJECT_PROCESS	90139085-37D9-7553-9937-CFE3D375E971	FILE_OBJECT_FILE	EVENT_READ	1523030834356113443
9224AB2A-39B4-11E8-BF66-D9AA8AFF4A69	SUBJECT_PROCESS	90139085-37D9-7553-9937-CFE3D375E971	FILE_OBJECT_FILE	EVENT_READ	1523030834356113443
9224AB2A-39B4-11E8-BF66-D9AA8AFF4A69	SUBJECT_PROCESS	90139085-37D9-7553-9937-CFE3D375E971	FILE_OBJECT_FILE	EVENT_READ	1523030834356113443
9224AB2A-39B4-11E8-BF66-D9AA8AFF4A69	SUBJECT_PROCESS	90139085-37D9-7553-9937-CFE3D375E971	FILE_OBJECT_FILE	EVENT_READ	1523030834356113443
9224AB2A-39B4-11E8-BF66-D9AA8AFF4A69	SUBJECT_PROCESS	90139085-37D9-7553-9937-CFE3D375E971	FILE_OBJECT_FILE	EVENT_READ	1523030834356113443
9224AB2A-39B4-11E8-BF66-D9AA8AFF4A69	SUBJECT_PROCESS	90139085-37D9-7553-9937-CFE3D375E971	FILE_OBJECT_FILE	EVENT_READ	1523030834356113443
9224AB2A-39B4-11E8-BF66-D9AA8AFF4A69	SUBJECT_PROCESS	90139085-37D9-7553-9937-CFE3D375E971	FILE_OBJECT_FILE	EVENT_CLOSE	1523030834356113443
9224AB2A-39B4-11E8-BF66-D9AA8AFF4A69	SUBJECT_PROCESS	E4790631-C888-6A58-88C8-524DD86A8EE1	FILE_OBJECT_FILE	EVENT_OPEN	1523030834366115064
9224AB2A-39B4-11E8-BF66-D9AA8AFF4A69	SUBJECT_PROCESS	E4790631-C888-6A58-88C8-524DD86A8EE1	FILE_OBJECT_FILE	EVENT_OPEN	1523030834366115064
9224AB2A-39B4-11E8-BF66-D9AA8AFF4A69	SUBJECT_PROCESS	E4790631-C888-6A58-88C8-524DD86A8EE1	FILE_OBJECT_FILE	EVENT_CLOSE	1523030834366115064
9224AB2A-39B4-11E8-BF66-D9AA8AFF4A69	SUBJECT_PROCESS	E4790631-C888-6A58-88C8-524DD86A8EE1	FILE_OBJECT_FILE	EVENT_LSEEK	1523030834366115064
9224AB2A-39B4-11E8-BF66-D9AA8AFF4A69	SUBJECT_PROCESS	E4790631-C888-6A58-88C8-524DD86A8EE1	FILE_OBJECT_FILE	EVENT_CLOSE	1523030834366115064
9224AB2A-39B4-11E8-BF66-D9AA8AFF4A69	SUBJECT_PROCESS	90139085-37D9-7553-9937-CFE3D375E971	FILE_OBJECT_FILE	EVENT_OPEN	1523030834366115064
9224AB2A-39B4-11E8-BF66-D9AA8AFF4A69	SUBJECT_PROCESS	90139085-37D9-7553-9937-CFE3D375E971	FILE_OBJECT_FILE	EVENT_READ	1523030834366115064
9224AB2A-39B4-11E8-BF66-D9AA8AFF4A69	SUBJECT_PROCESS	90139085-37D9-7553-9937-CFE3D375E971	FILE_OBJECT_FILE	EVENT_READ	1523030834366115064
9224AB2A-39B4-11E8-BF66-D9AA8AFF4A69	SUBJECT_PROCESS	90139085-37D9-7553-9937-CFE3D375E971	FILE_OBJECT_FILE	EVENT_READ	1523030834366115064
9224AB2A-39B4-11E8-BF66-D9AA8AFF4A69	SUBJECT_PROCESS	90139085-37D9-7553-9937-CFE3D375E971	FILE_OBJECT_FILE	EVENT_READ	1523030834366115064
9224AB2A-39B4-11E8-BF66-D9AA8AFF4A69	SUBJECT_PROCESS	90139085-37D9-7553-9937-CFE3D375E971	FILE_OBJECT_FILE	EVENT_READ	1523030834366115064
9224AB2A-39B4-11E8-BF66-D9AA8AFF4A69	SUBJECT_PROCESS	90139085-37D9-7553-9937-CFE3D375E971	FILE_OBJECT_FILE	EVENT_READ	1523030834366115064
9224AB2A-39B4-11E8-BF66-D9AA8AFF4A69	SUBJECT_PROCESS	90139085-37D9-7553-9937-CFE3D375E971	FILE_OBJECT_FILE	EVENT_READ	1523030834366115064
9224AB2A-39B4-11E8-BF66-D9AA8AFF4A69	SUBJECT_PROCESS	90139085-37D9-7553-9937-CFE3D375E971	FILE_OBJECT_FILE	EVENT_READ	1523030834366115064
9224AB2A-39B4-11E8-BF66-D9AA8AFF4A69	SUBJECT_PROCESS	90139085-37D9-7553-9937-CFE3D375E971	FILE_OBJECT_FILE	EVENT_CLOSE	1523030834366115064
9224AB2A-39B4-11E8-BF66-D9AA8AFF4A69	SUBJECT_PROCESS	9A717117-65ED-675C-AD65-38102C67C832	FILE_OBJECT_FILE	EVENT_OPEN	1523030834366115064
9224AB2A-39B4-11E8-BF66-D9AA8AFF4A69	SUBJECT_PROCESS	9A717117-65ED-675C-AD65-38102C67C832	FILE_OBJECT_FILE	EVENT_CLOSE	1523030834366115064
72FB0406-3678-11E8-BF66-D9AA8AFF4A69	SUBJECT_PROCESS	91D26491-39B4-11E8-BF66-D9AA8AFF4A69	FILE_OBJECT_UNIX_SOCKET	EVENT_CLOSE	1523030834806109379
72FB0406-3678-11E8-BF66-D9AA8AFF4A69	SUBJECT_PROCESS	91D264F6-39B4-11E8-BF66-D9AA8AFF4A69	FILE_OBJECT_UNIX_SOCKET	EVENT_CLOSE	1523030834806109379
72FB0406-3678-11E8-BF66-D9AA8AFF4A69	SUBJECT_PROCESS	926973C6-39B4-11E8-BF66-D9AA8AFF4A69	FILE_OBJECT_UNIX_SOCKET	EVENT_CREATE_OBJECT	1523030834806109379
72FB0406-3678-11E8-BF66-D9AA8AFF4A69	SUBJECT_PROCESS	92697433-39B4-11E8-BF66-D9AA8AFF4A69	FILE_OBJECT_UNIX_SOCKET	EVENT_CREATE_OBJECT	1523030834806109379
72FB0406-3678-11E8-BF66-D9AA8AFF4A69	SUBJECT_PROCESS	926973C6-39B4-11E8-BF66-D9AA8AFF4A69	FILE_OBJECT_UNIX_SOCKET	EVENT_CLOSE	1523030835806109418
72FB0406-3678-11E8-BF66-D9AA8AFF4A69	SUBJECT_PROCESS	92697433-39B4-11E8-BF66-D9AA8AFF4A69	FILE_OBJECT_UNIX_SOCKET	EVENT_CLOSE	1523030835806109418
72FB0406-3678-11E8-BF66-D9AA8AFF4A69	SUBJECT_PROCESS	93020804-39B4-11E8-BF66-D9AA8AFF4A69	FILE_OBJECT_UNIX_SOCKET	EVENT_CREATE_OBJECT	1523030835806109418
72FB0406-3678-11E8-BF66-D9AA8AFF4A69	SUBJECT_PROCESS	9302086D-39B4-11E8-BF66-D9AA8AFF4A69	FILE_OBJECT_UNIX_SOCKET	EVENT_CREATE_OBJECT	1523030835806109418
72FB0406-3678-11E8-BF66-D9AA8AFF4A69	SUBJECT_PROCESS	93020804-39B4-11E8-BF66-D9AA8AFF4A69	FILE_OBJECT_UNIX_SOCKET	EVENT_CLOSE	1523030836806110328
72FB0406-3678-11E8-BF66-D9AA8AFF4A69	SUBJECT_PROCESS	9302086D-39B4-11E8-BF66-D9AA8AFF4A69	FILE_OBJECT_UNIX_SOCKET	EVENT_CLOSE	1523030836806110328
72FB0406-3678-11E8-BF66-D9AA8AFF4A69	SUBJECT_PROCESS	939A9FB3-39B4-11E8-BF66-D9AA8AFF4A69	FILE_OBJECT_UNIX_SOCKET	EVENT_CREATE_OBJECT	1523030836806110328
72FB0406-3678-11E8-BF66-D9AA8AFF4A69	SUBJECT_PROCESS	939AA01E-39B4-11E8-BF66-D9AA8AFF4A69	FILE_OBJECT_UNIX_SOCKET	EVENT_CREATE_OBJECT	1523030836806110328
72FB0406-3678-11E8-BF66-D9AA8AFF4A69	SUBJECT_PROCESS	939A9FB3-39B4-11E8-BF66-D9AA8AFF4A69	FILE_OBJECT_UNIX_SOCKET	EVENT_CLOSE	1523030837856110721
72FB0406-3678-11E8-BF66-D9AA8AFF4A69	SUBJECT_PROCESS	939AA01E-39B4-11E8-BF66-D9AA8AFF4A69	FILE_OBJECT_UNIX_SOCKET	EVENT_CLOSE	1523030837856110721
72FB0406-3678-11E8-BF66-D9AA8AFF4A69	SUBJECT_PROCESS	943B095F-39B4-11E8-BF66-D9AA8AFF4A69	FILE_OBJECT_UNIX_SOCKET	EVENT_CREATE_OBJECT	1523030837856110721
72FB0406-3678-11E8-BF66-D9AA8AFF4A69	SUBJECT_PROCESS	943B09F9-39B4-11E8-BF66-D9AA8AFF4A69	FILE_OBJECT_UNIX_SOCKET	EVENT_CREATE_OBJECT	1523030837856110721
72FB0406-3678-11E8-BF66-D9AA8AFF4A69	SUBJECT_PROCESS	943B095F-39B4-11E8-BF66-D9AA8AFF4A69	FILE_OBJECT_UNIX_SOCKET	EVENT_CLOSE	1523030838806111227
72FB0406-3678-11E8-BF66-D9AA8AFF4A69	SUBJECT_PROCESS	943B09F9-39B4-11E8-BF66-D9AA8AFF4A69	FILE_OBJECT_UNIX_SOCKET	EVENT_CLOSE	1523030838806111227
72FB0406-3678-11E8-BF66-D9AA8AFF4A69	SUBJECT_PROCESS	94CBD003-39B4-11E8-BF66-D9AA8AFF4A69	FILE_OBJECT_UNIX_SOCKET	EVENT_CREATE_OBJECT	1523030838806111227
72FB0406-3678-11E8-BF66-D9AA8AFF4A69	SUBJECT_PROCESS	94CBD06A-39B4-11E8-BF66-D9AA8AFF4A69	FILE_OBJECT_UNIX_SOCKET	EVENT_CREATE_OBJECT	1523030838806111227
9224AB2A-39B4-11E8-BF66-D9AA8AFF4A69	SUBJECT_PROCESS	90139085-37D9-7553-9937-CFE3D375E971	FILE_OBJECT_FILE	EVENT_OPEN	1523030838916109965
9224AB2A-39B4-11E8-BF66-D9AA8AFF4A69	SUBJECT_PROCESS	90139085-37D9-7553-9937-CFE3D375E971	FILE_OBJECT_FILE	EVENT_READ	1523030838916109965
9224AB2A-39B4-11E8-BF66-D9AA8AFF4A69	SUBJECT_PROCESS	90139085-37D9-7553-9937-CFE3D375E971	FILE_OBJECT_FILE	EVENT_READ	1523030838916109965
9224AB2A-39B4-11E8-BF66-D9AA8AFF4A69	SUBJECT_PROCESS	90139085-37D9-7553-9937-CFE3D375E971	FILE_OBJECT_FILE	EVENT_READ	1523030838916109965
9224AB2A-39B4-11E8-BF66-D9AA8AFF4A69	SUBJECT_PROCESS	90139085-37D9-7553-9937-CFE3D375E971	FILE_OBJECT_FILE	EVENT_READ	1523030838926108666
9224AB2A-39B4-11E8-BF66-D9AA8AFF4A69	SUBJECT_PROCESS	90139085-37D9-7553-9937-CFE3D375E971	FILE_OBJECT_FILE	EVENT_READ	1523030838926108666
9224AB2A-39B4-11E8-BF66-D9AA8AFF4A69	SUBJECT_PROCESS	90139085-37D9-7553-9937-CFE3D375E971	FILE_OBJECT_FILE	EVENT_READ	1523030838926108666
9224AB2A-39B4-11E8-BF66-D9AA8AFF4A69	SUBJECT_PROCESS	90139085-37D9-7553-9937-CFE3D375E971	FILE_OBJECT_FILE	EVENT_READ	1523030838926108666
9224AB2A-39B4-11E8-BF66-D9AA8AFF4A69	SUBJECT_PROCESS	90139085-37D9-7553-9937-CFE3D375E971	FILE_OBJECT_FILE	EVENT_READ	1523030838926108666
9224AB2A-39B4-11E8-BF66-D9AA8AFF4A69	SUBJECT_PROCESS	90139085-37D9-7553-9937-CFE3D375E971	FILE_OBJECT_FILE	EVENT_CLOSE	1523030838926108666
9224AB2A-39B4-11E8-BF66-D9AA8AFF4A69	SUBJECT_PROCESS	9A717117-65ED-675C-AD65-38102C67C832	FILE_OBJECT_FILE	EVENT_OPEN	1523030838926108666
9224AB2A-39B4-11E8-BF66-D9AA8AFF4A69	SUBJECT_PROCESS	9A717117-65ED-675C-AD65-38102C67C832	FILE_OBJECT_FILE	EVENT_CLOSE	1523030838926108666
9224AB2A-39B4-11E8-BF66-D9AA8AFF4A69	SUBJECT_PROCESS	D2F3363D-35E6-D75B-A635-64B8ABD7430E	FILE_OBJECT_FILE	EVENT_OPEN	1523030838926108666
9224AB2A-39B4-11E8-BF66-D9AA8AFF4A69	SUBJECT_PROCESS	D2F3363D-35E6-D75B-A635-64B8ABD7430E	FILE_OBJECT_FILE	EVENT_CLOSE	1523030838926108666
9224AB2A-39B4-11E8-BF66-D9AA8AFF4A69	SUBJECT_PROCESS	90139085-37D9-7553-9937-CFE3D375E971	FILE_OBJECT_FILE	EVENT_OPEN	1523030838926108666
9224AB2A-39B4-11E8-BF66-D9AA8AFF4A69	SUBJECT_PROCESS	90139085-37D9-7553-9937-CFE3D375E971	FILE_OBJECT_FILE	EVENT_READ	1523030838926108666
9224AB2A-39B4-11E8-BF66-D9AA8AFF4A69	SUBJECT_PROCESS	90139085-37D9-7553-9937-CFE3D375E971	FILE_OBJECT_FILE	EVENT_READ	1523030838926108666
9224AB2A-39B4-11E8-BF66-D9AA8AFF4A69	SUBJECT_PROCESS	90139085-37D9-7553-9937-CFE3D375E971	FILE_OBJECT_FILE	EVENT_READ	1523030838926108666
9224AB2A-39B4-11E8-BF66-D9AA8AFF4A69	SUBJECT_PROCESS	90139085-37D9-7553-9937-CFE3D375E971	FILE_OBJECT_FILE	EVENT_READ	1523030838926108666
9224AB2A-39B4-11E8-BF66-D9AA8AFF4A69	SUBJECT_PROCESS	90139085-37D9-7553-9937-CFE3D375E971	FILE_OBJECT_FILE	EVENT_READ	1523030838926108666
9224AB2A-39B4-11E8-BF66-D9AA8AFF4A69	SUBJECT_PROCESS	90139085-37D9-7553-9937-CFE3D375E971	FILE_OBJECT_FILE	EVENT_READ	1523030838926108666
9224AB2A-39B4-11E8-BF66-D9AA8AFF4A69	SUBJECT_PROCESS	90139085-37D9-7553-9937-CFE3D375E971	FILE_OBJECT_FILE	EVENT_READ	1523030838926108666
9224AB2A-39B4-11E8-BF66-D9AA8AFF4A69	SUBJECT_PROCESS	90139085-37D9-7553-9937-CFE3D375E971	FILE_OBJECT_FILE	EVENT_READ	1523030838926108666
9224AB2A-39B4-11E8-BF66-D9AA8AFF4A69	SUBJECT_PROCESS	90139085-37D9-7553-9937-CFE3D375E971	FILE_OBJECT_FILE	EVENT_CLOSE	1523030838926108666
9224AB2A-39B4-11E8-BF66-D9AA8AFF4A69	SUBJECT_PROCESS	9A717117-65ED-675C-AD65-38102C67C832	FILE_OBJECT_FILE	EVENT_OPEN	1523030838926108666
9224AB2A-39B4-11E8-BF66-D9AA8AFF4A69	SUBJECT_PROCESS	9A717117-65ED-675C-AD65-38102C67C832	FILE_OBJECT_FILE	EVENT_CLOSE	1523030838926108666
9224AB2A-39B4-11E8-BF66-D9AA8AFF4A69	SUBJECT_PROCESS	9224AB2A-39B4-11E8-BF66-D9AA8AFF4A69	SUBJECT_PROCESS	EVENT_EXIT	1523030838926108666
92017447-39B4-11E8-BF66-D9AA8AFF4A69	SUBJECT_PROCESS	92248DF4-39B4-11E8-BF66-D9AA8AFF4A69	FILE_OBJECT_UNIX_SOCKET	EVENT_CLOSE	1523030838926108666
920E3F55-39B4-11E8-BF66-D9AA8AFF4A69	SUBJECT_PROCESS	920E3F55-39B4-11E8-BF66-D9AA8AFF4A69	SUBJECT_PROCESS	EVENT_EXIT	1523030838936111367
92017447-39B4-11E8-BF66-D9AA8AFF4A69	SUBJECT_PROCESS	94DF461B-39B4-11E8-BF66-D9AA8AFF4A69	FILE_OBJECT_UNIX_SOCKET	EVENT_CONNECT	1523030838936111367
92017447-39B4-11E8-BF66-D9AA8AFF4A69	SUBJECT_PROCESS	94DF461B-39B4-11E8-BF66-D9AA8AFF4A69	FILE_OBJECT_UNIX_SOCKET	EVENT_SENDTO	1523030838936111367
70C1D4CB-3678-11E8-BF66-D9AA8AFF4A69	SUBJECT_PROCESS	70C1A076-3678-11E8-BF66-D9AA8AFF4A69	FILE_OBJECT_UNIX_SOCKET	EVENT_RECVFROM	1523030838936111367
92017447-39B4-11E8-BF66-D9AA8AFF4A69	SUBJECT_PROCESS	94DF461B-39B4-11E8-BF66-D9AA8AFF4A69	FILE_OBJECT_UNIX_SOCKET	EVENT_CLOSE	1523030838936111367
92017447-39B4-11E8-BF66-D9AA8AFF4A69	SUBJECT_PROCESS	4DFF4CCC-AA61-5566-9BE7-C8723587FB86	UnnamedPipeObject	EVENT_CLOSE	1523030838936111367
92017447-39B4-11E8-BF66-D9AA8AFF4A69	SUBJECT_PROCESS	920DE7C5-39B4-11E8-BF66-D9AA8AFF4A69	FILE_OBJECT_UNIX_SOCKET	EVENT_CLOSE	1523030838936111367
92017447-39B4-11E8-BF66-D9AA8AFF4A69	SUBJECT_PROCESS	A28F5754-D752-5767-B699-C0D2DF601D8A	UnnamedPipeObject	EVENT_CLOSE	1523030838936111367
73196676-3678-11E8-BF66-D9AA8AFF4A69	SUBJECT_PROCESS	A28F5754-D752-5767-B699-C0D2DF601D8A	UnnamedPipeObject	EVENT_CLOSE	1523030838936111367
92017447-39B4-11E8-BF66-D9AA8AFF4A69	SUBJECT_PROCESS	058D90AF-CC44-D350-84CC-E6E4D0D347EF	FILE_OBJECT_FILE	EVENT_OPEN	1523030838936111367
92017447-39B4-11E8-BF66-D9AA8AFF4A69	SUBJECT_PROCESS	F3F6F958-D0DE-5D53-9ED0-ABC1E35DB8AE	FILE_OBJECT_FILE	EVENT_OPEN	1523030838936111367
92017447-39B4-11E8-BF66-D9AA8AFF4A69	SUBJECT_PROCESS	F3F6F958-D0DE-5D53-9ED0-ABC1E35DB8AE	FILE_OBJECT_FILE	EVENT_LSEEK	1523030838936111367
92017447-39B4-11E8-BF66-D9AA8AFF4A69	SUBJECT_PROCESS	32C07EBF-8D99-AB5A-998D-929D2AAB5568	FILE_OBJECT_FILE	EVENT_OPEN	1523030838936111367
92017447-39B4-11E8-BF66-D9AA8AFF4A69	SUBJECT_PROCESS	058D90AF-CC44-D350-84CC-E6E4D0D347EF	FILE_OBJECT_FILE	EVENT_LSEEK	1523030838936111367
92017447-39B4-11E8-BF66-D9AA8AFF4A69	SUBJECT_PROCESS	058D90AF-CC44-D350-84CC-E6E4D0D347EF	FILE_OBJECT_FILE	EVENT_LSEEK	1523030838936111367
92017447-39B4-11E8-BF66-D9AA8AFF4A69	SUBJECT_PROCESS	32C07EBF-8D99-AB5A-998D-929D2AAB5568	FILE_OBJECT_FILE	EVENT_CLOSE	1523030838936111367
92017447-39B4-11E8-BF66-D9AA8AFF4A69	SUBJECT_PROCESS	32C07EBF-8D99-AB5A-998D-929D2AAB5568	FILE_OBJECT_FILE	EVENT_OPEN	1523030838936111367
92017447-39B4-11E8-BF66-D9AA8AFF4A69	SUBJECT_PROCESS	767C6D99-794C-2B59-8C79-4217D92B2389	FILE_OBJECT_FILE	EVENT_OPEN	1523030838936111367
92017447-39B4-11E8-BF66-D9AA8AFF4A69	SUBJECT_PROCESS	F3F6F958-D0DE-5D53-9ED0-ABC1E35DB8AE	FILE_OBJECT_FILE	EVENT_LSEEK	1523030838936111367
92017447-39B4-11E8-BF66-D9AA8AFF4A69	SUBJECT_PROCESS	F3F6F958-D0DE-5D53-9ED0-ABC1E35DB8AE	FILE_OBJECT_FILE	EVENT_LSEEK	1523030838936111367
92017447-39B4-11E8-BF66-D9AA8AFF4A69	SUBJECT_PROCESS	767C6D99-794C-2B59-8C79-4217D92B2389	FILE_OBJECT_FILE	EVENT_LSEEK	1523030838936111367
92017447-39B4-11E8-BF66-D9AA8AFF4A69	SUBJECT_PROCESS	767C6D99-794C-2B59-8C79-4217D92B2389	FILE_OBJECT_FILE	EVENT_LSEEK	1523030838936111367
92017447-39B4-11E8-BF66-D9AA8AFF4A69	SUBJECT_PROCESS	F3F6F958-D0DE-5D53-9ED0-ABC1E35DB8AE	FILE_OBJECT_FILE	EVENT_LSEEK	1523030838946111508
92017447-39B4-11E8-BF66-D9AA8AFF4A69	SUBJECT_PROCESS	F3F6F958-D0DE-5D53-9ED0-ABC1E35DB8AE	FILE_OBJECT_FILE	EVENT_LSEEK	1523030838946111508
92017447-39B4-11E8-BF66-D9AA8AFF4A69	SUBJECT_PROCESS	94E1565C-39B4-11E8-BF66-D9AA8AFF4A69	FILE_OBJECT_UNIX_SOCKET	EVENT_CREATE_OBJECT	1523030838946111508
92017447-39B4-11E8-BF66-D9AA8AFF4A69	SUBJECT_PROCESS	94E156CB-39B4-11E8-BF66-D9AA8AFF4A69	FILE_OBJECT_UNIX_SOCKET	EVENT_CREATE_OBJECT	1523030838946111508
92017447-39B4-11E8-BF66-D9AA8AFF4A69	SUBJECT_PROCESS	94E18B0D-39B4-11E8-BF66-D9AA8AFF4A69	SUBJECT_PROCESS	EVENT_FORK	1523030838946111508
94E18B0D-39B4-11E8-BF66-D9AA8AFF4A69	SUBJECT_PROCESS	94E18B0D-39B4-11E8-BF66-D9AA8AFF4A69	SUBJECT_PROCESS	EVENT_CHANGE_PRINCIPAL	1523030838946111508
94E18B0D-39B4-11E8-BF66-D9AA8AFF4A69	SUBJECT_PROCESS	308E149F-F225-9859-A5F2-8C9BB9983D48	FILE_OBJECT_FILE	EVENT_OPEN	1523030838946111508
94E18B0D-39B4-11E8-BF66-D9AA8AFF4A69	SUBJECT_PROCESS	308E149F-F225-9859-A5F2-8C9BB9983D48	FILE_OBJECT_FILE	EVENT_LSEEK	1523030838946111508
94E18B0D-39B4-11E8-BF66-D9AA8AFF4A69	SUBJECT_PROCESS	308E149F-F225-9859-A5F2-8C9BB9983D48	FILE_OBJECT_FILE	EVENT_LSEEK	1523030838946111508
94E18B0D-39B4-11E8-BF66-D9AA8AFF4A69	SUBJECT_PROCESS	308E149F-F225-9859-A5F2-8C9BB9983D48	FILE_OBJECT_FILE	EVENT_CLOSE	1523030838946111508
94E18B0D-39B4-11E8-BF66-D9AA8AFF4A69	SUBJECT_PROCESS	94E18B0D-39B4-11E8-BF66-D9AA8AFF4A69	SUBJECT_PROCESS	EVENT_MODIFY_PROCESS	1523030838946111508
94E18B0D-39B4-11E8-BF66-D9AA8AFF4A69	SUBJECT_PROCESS	94E18B0D-39B4-11E8-BF66-D9AA8AFF4A69	SUBJECT_PROCESS	EVENT_MODIFY_PROCESS	1523030838946111508
94E18B0D-39B4-11E8-BF66-D9AA8AFF4A69	SUBJECT_PROCESS	94E18B0D-39B4-11E8-BF66-D9AA8AFF4A69	SUBJECT_PROCESS	EVENT_CHANGE_PRINCIPAL	1523030838946111508
94E18B0D-39B4-11E8-BF66-D9AA8AFF4A69	SUBJECT_PROCESS	94E18B0D-39B4-11E8-BF66-D9AA8AFF4A69	SUBJECT_PROCESS	EVENT_CHANGE_PRINCIPAL	1523030838946111508
94E18B0D-39B4-11E8-BF66-D9AA8AFF4A69	SUBJECT_PROCESS	94E18B0D-39B4-11E8-BF66-D9AA8AFF4A69	SUBJECT_PROCESS	EVENT_CHANGE_PRINCIPAL	1523030838946111508
94E18B0D-39B4-11E8-BF66-D9AA8AFF4A69	SUBJECT_PROCESS	82491A72-211A-CD54-9A21-EB0524CD87FF	FILE_OBJECT_FILE	EVENT_OPEN	1523030838956112109
94E18B0D-39B4-11E8-BF66-D9AA8AFF4A69	SUBJECT_PROCESS	82491A72-211A-CD54-9A21-EB0524CD87FF	FILE_OBJECT_FILE	EVENT_CLOSE	1523030838956112109
94E18B0D-39B4-11E8-BF66-D9AA8AFF4A69	SUBJECT_PROCESS	9A717117-65ED-675C-AD65-38102C67C832	FILE_OBJECT_FILE	EVENT_OPEN	1523030838956112109
94E18B0D-39B4-11E8-BF66-D9AA8AFF4A69	SUBJECT_PROCESS	9A717117-65ED-675C-AD65-38102C67C832	FILE_OBJECT_FILE	EVENT_CLOSE	1523030838956112109
94E18B0D-39B4-11E8-BF66-D9AA8AFF4A69	SUBJECT_PROCESS	94E18B0D-39B4-11E8-BF66-D9AA8AFF4A69	SUBJECT_PROCESS	EVENT_CHANGE_PRINCIPAL	1523030838956112109
94E18B0D-39B4-11E8-BF66-D9AA8AFF4A69	SUBJECT_PROCESS	94E18B0D-39B4-11E8-BF66-D9AA8AFF4A69	SUBJECT_PROCESS	EVENT_CHANGE_PRINCIPAL	1523030838956112109
94E18B0D-39B4-11E8-BF66-D9AA8AFF4A69	SUBJECT_PROCESS	94E18B0D-39B4-11E8-BF66-D9AA8AFF4A69	SUBJECT_PROCESS	EVENT_MODIFY_PROCESS	1523030838956112109
94E18B0D-39B4-11E8-BF66-D9AA8AFF4A69	SUBJECT_PROCESS	94E18B0D-39B4-11E8-BF66-D9AA8AFF4A69	SUBJECT_PROCESS	EVENT_CHANGE_PRINCIPAL	1523030838956112109
94E18B0D-39B4-11E8-BF66-D9AA8AFF4A69	SUBJECT_PROCESS	94E18B0D-39B4-11E8-BF66-D9AA8AFF4A69	SUBJECT_PROCESS	EVENT_CHANGE_PRINCIPAL	1523030838956112109
94E18B0D-39B4-11E8-BF66-D9AA8AFF4A69	SUBJECT_PROCESS	82491A72-211A-CD54-9A21-EB0524CD87FF	FILE_OBJECT_FILE	EVENT_OPEN	1523030838956112109
94E18B0D-39B4-11E8-BF66-D9AA8AFF4A69	SUBJECT_PROCESS	82491A72-211A-CD54-9A21-EB0524CD87FF	FILE_OBJECT_FILE	EVENT_CLOSE	1523030838956112109
94E18B0D-39B4-11E8-BF66-D9AA8AFF4A69	SUBJECT_PROCESS	9A717117-65ED-675C-AD65-38102C67C832	FILE_OBJECT_FILE	EVENT_OPEN	1523030838956112109
94E18B0D-39B4-11E8-BF66-D9AA8AFF4A69	SUBJECT_PROCESS	9A717117-65ED-675C-AD65-38102C67C832	FILE_OBJECT_FILE	EVENT_CLOSE	1523030838956112109
94E18B0D-39B4-11E8-BF66-D9AA8AFF4A69	SUBJECT_PROCESS	94E18B0D-39B4-11E8-BF66-D9AA8AFF4A69	SUBJECT_PROCESS	EVENT_CHANGE_PRINCIPAL	1523030838956112109
94E18B0D-39B4-11E8-BF66-D9AA8AFF4A69	SUBJECT_PROCESS	94E18B0D-39B4-11E8-BF66-D9AA8AFF4A69	SUBJECT_PROCESS	EVENT_CHANGE_PRINCIPAL	1523030838956112109
94E18B0D-39B4-11E8-BF66-D9AA8AFF4A69	SUBJECT_PROCESS	94E18B0D-39B4-11E8-BF66-D9AA8AFF4A69	SUBJECT_PROCESS	EVENT_MODIFY_PROCESS	1523030838956112109
94E18B0D-39B4-11E8-BF66-D9AA8AFF4A69	SUBJECT_PROCESS	3F01FEA3-2E82-5E74-8D7A-511EE1A8B5A1	UnnamedPipeObject	EVENT_CREATE_OBJECT	1523030838956112109
94E18B0D-39B4-11E8-BF66-D9AA8AFF4A69	SUBJECT_PROCESS	3F01FEA3-2E82-5E74-8D7A-511EE1A8B5A1	UnnamedPipeObject	EVENT_FCNTL	1523030838956112109
94E18B0D-39B4-11E8-BF66-D9AA8AFF4A69	SUBJECT_PROCESS	3F01FEA3-2E82-5E74-8D7A-511EE1A8B5A1	UnnamedPipeObject	EVENT_FCNTL	1523030838956112109
708B08C1-3678-11E8-BF66-D9AA8AFF4A69	SUBJECT_PROCESS	E393303B-721F-8457-9F72-2DA477847B65	FILE_OBJECT_FILE	EVENT_READ	1523030839006111203
708B08C1-3678-11E8-BF66-D9AA8AFF4A69	SUBJECT_PROCESS	746D09EF-3678-11E8-BF66-D9AA8AFF4A69	FILE_OBJECT_UNIX_SOCKET	EVENT_SENDTO	1523030839006111203
92017447-39B4-11E8-BF66-D9AA8AFF4A69	SUBJECT_PROCESS	17797A5B-A3BC-8450-BCA3-FD703084DDDB	FILE_OBJECT_FILE	EVENT_OPEN	1523030839006111203
70C1D4CB-3678-11E8-BF66-D9AA8AFF4A69	SUBJECT_PROCESS	70C1A076-3678-11E8-BF66-D9AA8AFF4A69	FILE_OBJECT_UNIX_SOCKET	EVENT_RECVFROM	1523030839006111203
708B08C1-3678-11E8-BF66-D9AA8AFF4A69	SUBJECT_PROCESS	746D09EF-3678-11E8-BF66-D9AA8AFF4A69	FILE_OBJECT_UNIX_SOCKET	EVENT_SENDTO	1523030839006111203
70C1D4CB-3678-11E8-BF66-D9AA8AFF4A69	SUBJECT_PROCESS	70C1A076-3678-11E8-BF66-D9AA8AFF4A69	FILE_OBJECT_UNIX_SOCKET	EVENT_RECVFROM	1523030839006111203
92017447-39B4-11E8-BF66-D9AA8AFF4A69	SUBJECT_PROCESS	308E149F-F225-9859-A5F2-8C9BB9983D48	FILE_OBJECT_FILE	EVENT_OPEN	1523030839006111203
708B08C1-3678-11E8-BF66-D9AA8AFF4A69	SUBJECT_PROCESS	746D09EF-3678-11E8-BF66-D9AA8AFF4A69	FILE_OBJECT_UNIX_SOCKET	EVENT_SENDTO	1523030839006111203
70C1D4CB-3678-11E8-BF66-D9AA8AFF4A69	SUBJECT_PROCESS	70C1A076-3678-11E8-BF66-D9AA8AFF4A69	FILE_OBJECT_UNIX_SOCKET	EVENT_RECVFROM	1523030839006111203
92017447-39B4-11E8-BF66-D9AA8AFF4A69	SUBJECT_PROCESS	308E149F-F225-9859-A5F2-8C9BB9983D48	FILE_OBJECT_FILE	EVENT_LSEEK	1523030839006111203
708B08C1-3678-11E8-BF66-D9AA8AFF4A69	SUBJECT_PROCESS	746D09EF-3678-11E8-BF66-D9AA8AFF4A69	FILE_OBJECT_UNIX_SOCKET	EVENT_SENDTO	1523030839006111203
92017447-39B4-11E8-BF66-D9AA8AFF4A69	SUBJECT_PROCESS	308E149F-F225-9859-A5F2-8C9BB9983D48	FILE_OBJECT_FILE	EVENT_LSEEK	1523030839006111203
70C1D4CB-3678-11E8-BF66-D9AA8AFF4A69	SUBJECT_PROCESS	70C1A076-3678-11E8-BF66-D9AA8AFF4A69	FILE_OBJECT_UNIX_SOCKET	EVENT_RECVFROM	1523030839006111203
92017447-39B4-11E8-BF66-D9AA8AFF4A69	SUBJECT_PROCESS	308E149F-F225-9859-A5F2-8C9BB9983D48	FILE_OBJECT_FILE	EVENT_CLOSE	1523030839006111203
92017447-39B4-11E8-BF66-D9AA8AFF4A69	SUBJECT_PROCESS	17797A5B-A3BC-8450-BCA3-FD703084DDDB	FILE_OBJECT_FILE	EVENT_MODIFY_FILE_ATTRIBUTES	1523030839006111203
92017447-39B4-11E8-BF66-D9AA8AFF4A69	SUBJECT_PROCESS	90139085-37D9-7553-9937-CFE3D375E971	FILE_OBJECT_FILE	EVENT_OPEN	1523030839006111203
92017447-39B4-11E8-BF66-D9AA8AFF4A69	SUBJECT_PROCESS	90139085-37D9-7553-9937-CFE3D375E971	FILE_OBJECT_FILE	EVENT_READ	1523030839006111203
92017447-39B4-11E8-BF66-D9AA8AFF4A69	SUBJECT_PROCESS	90139085-37D9-7553-9937-CFE3D375E971	FILE_OBJECT_FILE	EVENT_READ	1523030839006111203
92017447-39B4-11E8-BF66-D9AA8AFF4A69	SUBJECT_PROCESS	90139085-37D9-7553-9937-CFE3D375E971	FILE_OBJECT_FILE	EVENT_READ	1523030839006111203
92017447-39B4-11E8-BF66-D9AA8AFF4A69	SUBJECT_PROCESS	90139085-37D9-7553-9937-CFE3D375E971	FILE_OBJECT_FILE	EVENT_READ	1523030839006111203
92017447-39B4-11E8-BF66-D9AA8AFF4A69	SUBJECT_PROCESS	90139085-37D9-7553-9937-CFE3D375E971	FILE_OBJECT_FILE	EVENT_READ	1523030839006111203
92017447-39B4-11E8-BF66-D9AA8AFF4A69	SUBJECT_PROCESS	90139085-37D9-7553-9937-CFE3D375E971	FILE_OBJECT_FILE	EVENT_READ	1523030839006111203
92017447-39B4-11E8-BF66-D9AA8AFF4A69	SUBJECT_PROCESS	90139085-37D9-7553-9937-CFE3D375E971	FILE_OBJECT_FILE	EVENT_READ	1523030839006111203
92017447-39B4-11E8-BF66-D9AA8AFF4A69	SUBJECT_PROCESS	90139085-37D9-7553-9937-CFE3D375E971	FILE_OBJECT_FILE	EVENT_READ	1523030839006111203
92017447-39B4-11E8-BF66-D9AA8AFF4A69	SUBJECT_PROCESS	90139085-37D9-7553-9937-CFE3D375E971	FILE_OBJECT_FILE	EVENT_CLOSE	1523030839006111203
92017447-39B4-11E8-BF66-D9AA8AFF4A69	SUBJECT_PROCESS	D121F3CE-C10B-C454-8BC1-E1F254C4DD1D	FILE_OBJECT_FILE	EVENT_OPEN	1523030839006111203
92017447-39B4-11E8-BF66-D9AA8AFF4A69	SUBJECT_PROCESS	D121F3CE-C10B-C454-8BC1-E1F254C4DD1D	FILE_OBJECT_FILE	EVENT_CLOSE	1523030839006111203
92017447-39B4-11E8-BF66-D9AA8AFF4A69	SUBJECT_PROCESS	90139085-37D9-7553-9937-CFE3D375E971	FILE_OBJECT_FILE	EVENT_OPEN	1523030839006111203
92017447-39B4-11E8-BF66-D9AA8AFF4A69	SUBJECT_PROCESS	90139085-37D9-7553-9937-CFE3D375E971	FILE_OBJECT_FILE	EVENT_READ	1523030839006111203
92017447-39B4-11E8-BF66-D9AA8AFF4A69	SUBJECT_PROCESS	90139085-37D9-7553-9937-CFE3D375E971	FILE_OBJECT_FILE	EVENT_READ	1523030839006111203
92017447-39B4-11E8-BF66-D9AA8AFF4A69	SUBJECT_PROCESS	90139085-37D9-7553-9937-CFE3D375E971	FILE_OBJECT_FILE	EVENT_READ	1523030839016109323
92017447-39B4-11E8-BF66-D9AA8AFF4A69	SUBJECT_PROCESS	90139085-37D9-7553-9937-CFE3D375E971	FILE_OBJECT_FILE	EVENT_READ	1523030839016109323
92017447-39B4-11E8-BF66-D9AA8AFF4A69	SUBJECT_PROCESS	90139085-37D9-7553-9937-CFE3D375E971	FILE_OBJECT_FILE	EVENT_READ	1523030839016109323
92017447-39B4-11E8-BF66-D9AA8AFF4A69	SUBJECT_PROCESS	90139085-37D9-7553-9937-CFE3D375E971	FILE_OBJECT_FILE	EVENT_READ	1523030839016109323
92017447-39B4-11E8-BF66-D9AA8AFF4A69	SUBJECT_PROCESS	90139085-37D9-7553-9937-CFE3D375E971	FILE_OBJECT_FILE	EVENT_READ	1523030839016109323
92017447-39B4-11E8-BF66-D9AA8AFF4A69	SUBJECT_PROCESS	90139085-37D9-7553-9937-CFE3D375E971	FILE_OBJECT_FILE	EVENT_READ	1523030839016109323
92017447-39B4-11E8-BF66-D9AA8AFF4A69	SUBJECT_PROCESS	90139085-37D9-7553-9937-CFE3D375E971	FILE_OBJECT_FILE	EVENT_CLOSE	1523030839016109323
92017447-39B4-11E8-BF66-D9AA8AFF4A69	SUBJECT_PROCESS	77E09D96-956C-9252-AC95-ABDF22923EF9	FILE_OBJECT_FILE	EVENT_OPEN	1523030839016109323
92017447-39B4-11E8-BF66-D9AA8AFF4A69	SUBJECT_PROCESS	77E09D96-956C-9252-AC95-ABDF22923EF9	FILE_OBJECT_FILE	EVENT_OPEN	1523030839016109323
92017447-39B4-11E8-BF66-D9AA8AFF4A69	SUBJECT_PROCESS	77E09D96-956C-9252-AC95-ABDF22923EF9	FILE_OBJECT_FILE	EVENT_LSEEK	1523030839016109323
92017447-39B4-11E8-BF66-D9AA8AFF4A69	SUBJECT_PROCESS	77E09D96-956C-9252-AC95-ABDF22923EF9	FILE_OBJECT_FILE	EVENT_LSEEK	1523030839016109323
92017447-39B4-11E8-BF66-D9AA8AFF4A69	SUBJECT_PROCESS	77E09D96-956C-9252-AC95-ABDF22923EF9	FILE_OBJECT_FILE	EVENT_CLOSE	1523030839016109323
92017447-39B4-11E8-BF66-D9AA8AFF4A69	SUBJECT_PROCESS	D121F3CE-C10B-C454-8BC1-E1F254C4DD1D	FILE_OBJECT_FILE	EVENT_OPEN	1523030839016109323
92017447-39B4-11E8-BF66-D9AA8AFF4A69	SUBJECT_PROCESS	D121F3CE-C10B-C454-8BC1-E1F254C4DD1D	FILE_OBJECT_FILE	EVENT_LSEEK	1523030839016109323
92017447-39B4-11E8-BF66-D9AA8AFF4A69	SUBJECT_PROCESS	D121F3CE-C10B-C454-8BC1-E1F254C4DD1D	FILE_OBJECT_FILE	EVENT_LSEEK	1523030839016109323
92017447-39B4-11E8-BF66-D9AA8AFF4A69	SUBJECT_PROCESS	D121F3CE-C10B-C454-8BC1-E1F254C4DD1D	FILE_OBJECT_FILE	EVENT_CLOSE	1523030839016109323
92017447-39B4-11E8-BF66-D9AA8AFF4A69	SUBJECT_PROCESS	AAB4423F-1F2E-F053-AE1F-0B5FF3F000B5	FILE_OBJECT_FILE	EVENT_OPEN	1523030839016109323
92017447-39B4-11E8-BF66-D9AA8AFF4A69	SUBJECT_PROCESS	AAB4423F-1F2E-F053-AE1F-0B5FF3F000B5	FILE_OBJECT_FILE	EVENT_WRITE	1523030839016109323
92017447-39B4-11E8-BF66-D9AA8AFF4A69	SUBJECT_PROCESS	AAB4423F-1F2E-F053-AE1F-0B5FF3F000B5	FILE_OBJECT_FILE	EVENT_CLOSE	1523030839016109323
92017447-39B4-11E8-BF66-D9AA8AFF4A69	SUBJECT_PROCESS	77E09D96-956C-9252-AC95-ABDF22923EF9	FILE_OBJECT_FILE	EVENT_CLOSE	1523030839016109323
92017447-39B4-11E8-BF66-D9AA8AFF4A69	SUBJECT_PROCESS	17797A5B-A3BC-8450-BCA3-FD703084DDDB	FILE_OBJECT_FILE	EVENT_CLOSE	1523030839016109323
92017447-39B4-11E8-BF66-D9AA8AFF4A69	SUBJECT_PROCESS	94E156CB-39B4-11E8-BF66-D9AA8AFF4A69	FILE_OBJECT_UNIX_SOCKET	EVENT_SENDMSG	1523030839016109323
94E18B0D-39B4-11E8-BF66-D9AA8AFF4A69	SUBJECT_PROCESS	94E1565C-39B4-11E8-BF66-D9AA8AFF4A69	FILE_OBJECT_UNIX_SOCKET	EVENT_RECVMSG	1523030839016109323
92017447-39B4-11E8-BF66-D9AA8AFF4A69	SUBJECT_PROCESS	94E156CB-39B4-11E8-BF66-D9AA8AFF4A69	FILE_OBJECT_UNIX_SOCKET	EVENT_SENDMSG	1523030839016109323
94E18B0D-39B4-11E8-BF66-D9AA8AFF4A69	SUBJECT_PROCESS	94E1565C-39B4-11E8-BF66-D9AA8AFF4A69	FILE_OBJECT_UNIX_SOCKET	EVENT_RECVMSG	1523030839016109323
92017447-39B4-11E8-BF66-D9AA8AFF4A69	SUBJECT_PROCESS	1633500B-D34B-8058-8BD3-ABB7D880915E	FILE_OBJECT_FILE	EVENT_OPEN	1523030839016109323
92017447-39B4-11E8-BF66-D9AA8AFF4A69	SUBJECT_PROCESS	17797A5B-A3BC-8450-BCA3-FD703084DDDB	FILE_OBJECT_FILE	EVENT_CLOSE	1523030839016109323
94E18B0D-39B4-11E8-BF66-D9AA8AFF4A69	SUBJECT_PROCESS	94ED0D0E-39B4-11E8-BF66-D9AA8AFF4A69	SUBJECT_PROCESS	EVENT_FORK	1523030839026112204
94E18B0D-39B4-11E8-BF66-D9AA8AFF4A69	SUBJECT_PROCESS	17797A5B-A3BC-8450-BCA3-FD703084DDDB	FILE_OBJECT_FILE	EVENT_CLOSE	1523030839026112204
94ED0D0E-39B4-11E8-BF66-D9AA8AFF4A69	SUBJECT_PROCESS	17797A5B-A3BC-8450-BCA3-FD703084DDDB	FILE_OBJECT_FILE	EVENT_OPEN	1523030839026112204
94ED0D0E-39B4-11E8-BF66-D9AA8AFF4A69	SUBJECT_PROCESS	17797A5B-A3BC-8450-BCA3-FD703084DDDB	FILE_OBJECT_FILE	EVENT_CLOSE	1523030839026112204
94ED0D0E-39B4-11E8-BF66-D9AA8AFF4A69	SUBJECT_PROCESS	17797A5B-A3BC-8450-BCA3-FD703084DDDB	FILE_OBJECT_FILE	EVENT_OPEN	1523030839026112204
94E18B0D-39B4-11E8-BF66-D9AA8AFF4A69	SUBJECT_PROCESS	17797A5B-A3BC-8450-BCA3-FD703084DDDB	FILE_OBJECT_FILE	EVENT_FCNTL	1523030839026112204
94ED0D0E-39B4-11E8-BF66-D9AA8AFF4A69	SUBJECT_PROCESS	17797A5B-A3BC-8450-BCA3-FD703084DDDB	FILE_OBJECT_FILE	EVENT_CLOSE	1523030839026112204
94ED0D0E-39B4-11E8-BF66-D9AA8AFF4A69	SUBJECT_PROCESS	17797A5B-A3BC-8450-BCA3-FD703084DDDB	FILE_OBJECT_FILE	EVENT_CLOSE	1523030839026112204
94ED0D0E-39B4-11E8-BF66-D9AA8AFF4A69	SUBJECT_PROCESS	506A2039-9585-C351-8595-820A01C3D5D9	FILE_OBJECT_FILE	EVENT_OPEN	1523030839026112204
94ED0D0E-39B4-11E8-BF66-D9AA8AFF4A69	SUBJECT_PROCESS	506A2039-9585-C351-8595-820A01C3D5D9	FILE_OBJECT_FILE	EVENT_CLOSE	1523030839026112204
94ED0D0E-39B4-11E8-BF66-D9AA8AFF4A69	SUBJECT_PROCESS	94ED0D0E-39B4-11E8-BF66-D9AA8AFF4A69	SUBJECT_PROCESS	EVENT_CHANGE_PRINCIPAL	1523030839026112204
94ED0D0E-39B4-11E8-BF66-D9AA8AFF4A69	SUBJECT_PROCESS	94ED0D0E-39B4-11E8-BF66-D9AA8AFF4A69	SUBJECT_PROCESS	EVENT_CHANGE_PRINCIPAL	1523030839026112204
94ED0D0E-39B4-11E8-BF66-D9AA8AFF4A69	SUBJECT_PROCESS	82491A72-211A-CD54-9A21-EB0524CD87FF	FILE_OBJECT_FILE	EVENT_OPEN	1523030839026112204
94ED0D0E-39B4-11E8-BF66-D9AA8AFF4A69	SUBJECT_PROCESS	82491A72-211A-CD54-9A21-EB0524CD87FF	FILE_OBJECT_FILE	EVENT_CLOSE	1523030839026112204
94ED0D0E-39B4-11E8-BF66-D9AA8AFF4A69	SUBJECT_PROCESS	9A717117-65ED-675C-AD65-38102C67C832	FILE_OBJECT_FILE	EVENT_OPEN	1523030839026112204
94ED0D0E-39B4-11E8-BF66-D9AA8AFF4A69	SUBJECT_PROCESS	9A717117-65ED-675C-AD65-38102C67C832	FILE_OBJECT_FILE	EVENT_CLOSE	1523030839026112204
94ED0D0E-39B4-11E8-BF66-D9AA8AFF4A69	SUBJECT_PROCESS	94ED0D0E-39B4-11E8-BF66-D9AA8AFF4A69	SUBJECT_PROCESS	EVENT_CHANGE_PRINCIPAL	1523030839026112204
94ED0D0E-39B4-11E8-BF66-D9AA8AFF4A69	SUBJECT_PROCESS	94ED0D0E-39B4-11E8-BF66-D9AA8AFF4A69	SUBJECT_PROCESS	EVENT_CHANGE_PRINCIPAL	1523030839026112204
94ED0D0E-39B4-11E8-BF66-D9AA8AFF4A69	SUBJECT_PROCESS	767C6D99-794C-2B59-8C79-4217D92B2389	FILE_OBJECT_FILE	EVENT_CLOSE	1523030839026112204
94ED0D0E-39B4-11E8-BF66-D9AA8AFF4A69	SUBJECT_PROCESS	94ED0D0E-39B4-11E8-BF66-D9AA8AFF4A69	SUBJECT_PROCESS	EVENT_MODIFY_PROCESS	1523030839026112204
94ED0D0E-39B4-11E8-BF66-D9AA8AFF4A69	SUBJECT_PROCESS	BBD8EFE8-D64E-A651-8ED6-037AB1A6F528	FILE_OBJECT_FILE	EVENT_MODIFY_PROCESS	1523030839026112204
94ED0D0E-39B4-11E8-BF66-D9AA8AFF4A69	SUBJECT_PROCESS	BCD81D8F-ED2A-D652-AAED-415912D66A14	FILE_OBJECT_FILE	EVENT_EXECUTE	1523030839036111455
94ED0D0E-39B4-11E8-BF66-D9AA8AFF4A69	SUBJECT_PROCESS	7A350F75-9945-425D-8599-15CEBD426F06	FILE_OBJECT_FILE	EVENT_EXECUTE	1523030839036111455
94ED0D0E-39B4-11E8-BF66-D9AA8AFF4A69	SUBJECT_PROCESS	51110606-D232-9652-B2D2-3A7242968F8A	FILE_OBJECT_FILE	EVENT_OPEN	1523030839036111455
94ED0D0E-39B4-11E8-BF66-D9AA8AFF4A69	SUBJECT_PROCESS	51110606-D232-9652-B2D2-3A7242968F8A	FILE_OBJECT_FILE	EVENT_READ	1523030839036111455
94ED0D0E-39B4-11E8-BF66-D9AA8AFF4A69	SUBJECT_PROCESS	51110606-D232-9652-B2D2-3A7242968F8A	FILE_OBJECT_FILE	EVENT_CLOSE	1523030839036111455
94ED0D0E-39B4-11E8-BF66-D9AA8AFF4A69	SUBJECT_PROCESS	8A44F292-648B-7854-8B64-00F954785A79	FILE_OBJECT_FILE	EVENT_OPEN	1523030839036111455
94ED0D0E-39B4-11E8-BF66-D9AA8AFF4A69	SUBJECT_PROCESS	8A44F292-648B-7854-8B64-00F954785A79	FILE_OBJECT_FILE	EVENT_READ	1523030839036111455
94ED0D0E-39B4-11E8-BF66-D9AA8AFF4A69	SUBJECT_PROCESS	8A44F292-648B-7854-8B64-00F954785A79	FILE_OBJECT_FILE	EVENT_READ	1523030839036111455
94ED0D0E-39B4-11E8-BF66-D9AA8AFF4A69	SUBJECT_PROCESS	8A44F292-648B-7854-8B64-00F954785A79	FILE_OBJECT_FILE	EVENT_CLOSE	1523030839036111455
94ED0D0E-39B4-11E8-BF66-D9AA8AFF4A69	SUBJECT_PROCESS	350E0A25-109F-4151-9F10-767D91419A8B	FILE_OBJECT_FILE	EVENT_OPEN	1523030839036111455
94ED0D0E-39B4-11E8-BF66-D9AA8AFF4A69	SUBJECT_PROCESS	350E0A25-109F-4151-9F10-767D91419A8B	FILE_OBJECT_FILE	EVENT_MMAP	1523030839036111455
94ED0D0E-39B4-11E8-BF66-D9AA8AFF4A69	SUBJECT_PROCESS	350E0A25-109F-4151-9F10-767D91419A8B	FILE_OBJECT_FILE	EVENT_MMAP	1523030839036111455
94ED0D0E-39B4-11E8-BF66-D9AA8AFF4A69	SUBJECT_PROCESS	350E0A25-109F-4151-9F10-767D91419A8B	FILE_OBJECT_FILE	EVENT_MMAP	1523030839036111455
94ED0D0E-39B4-11E8-BF66-D9AA8AFF4A69	SUBJECT_PROCESS	350E0A25-109F-4151-9F10-767D91419A8B	FILE_OBJECT_FILE	EVENT_MMAP	1523030839036111455
94ED0D0E-39B4-11E8-BF66-D9AA8AFF4A69	SUBJECT_PROCESS	350E0A25-109F-4151-9F10-767D91419A8B	FILE_OBJECT_FILE	EVENT_MMAP	1523030839036111455
94ED0D0E-39B4-11E8-BF66-D9AA8AFF4A69	SUBJECT_PROCESS	350E0A25-109F-4151-9F10-767D91419A8B	FILE_OBJECT_FILE	EVENT_MMAP	1523030839036111455
94ED0D0E-39B4-11E8-BF66-D9AA8AFF4A69	SUBJECT_PROCESS	350E0A25-109F-4151-9F10-767D91419A8B	FILE_OBJECT_FILE	EVENT_CLOSE	1523030839036111455
94ED0D0E-39B4-11E8-BF66-D9AA8AFF4A69	SUBJECT_PROCESS	70434EFC-9030-E251-B090-307CB1E2D224	FILE_OBJECT_FILE	EVENT_OPEN	1523030839036111455
94ED0D0E-39B4-11E8-BF66-D9AA8AFF4A69	SUBJECT_PROCESS	70434EFC-9030-E251-B090-307CB1E2D224	FILE_OBJECT_FILE	EVENT_MMAP	1523030839036111455
94ED0D0E-39B4-11E8-BF66-D9AA8AFF4A69	SUBJECT_PROCESS	70434EFC-9030-E251-B090-307CB1E2D224	FILE_OBJECT_FILE	EVENT_MMAP	1523030839036111455
94ED0D0E-39B4-11E8-BF66-D9AA8AFF4A69	SUBJECT_PROCESS	70434EFC-9030-E251-B090-307CB1E2D224	FILE_OBJECT_FILE	EVENT_MMAP	1523030839036111455
94ED0D0E-39B4-11E8-BF66-D9AA8AFF4A69	SUBJECT_PROCESS	70434EFC-9030-E251-B090-307CB1E2D224	FILE_OBJECT_FILE	EVENT_MMAP	1523030839036111455
94ED0D0E-39B4-11E8-BF66-D9AA8AFF4A69	SUBJECT_PROCESS	70434EFC-9030-E251-B090-307CB1E2D224	FILE_OBJECT_FILE	EVENT_MMAP	1523030839036111455
94ED0D0E-39B4-11E8-BF66-D9AA8AFF4A69	SUBJECT_PROCESS	70434EFC-9030-E251-B090-307CB1E2D224	FILE_OBJECT_FILE	EVENT_MMAP	1523030839036111455
94ED0D0E-39B4-11E8-BF66-D9AA8AFF4A69	SUBJECT_PROCESS	70434EFC-9030-E251-B090-307CB1E2D224	FILE_OBJECT_FILE	EVENT_CLOSE	1523030839036111455
94ED0D0E-39B4-11E8-BF66-D9AA8AFF4A69	SUBJECT_PROCESS	76A739B1-A13E-FD50-BEA1-B218A0FD0400	FILE_OBJECT_FILE	EVENT_OPEN	1523030839036111455
94ED0D0E-39B4-11E8-BF66-D9AA8AFF4A69	SUBJECT_PROCESS	76A739B1-A13E-FD50-BEA1-B218A0FD0400	FILE_OBJECT_FILE	EVENT_MMAP	1523030839036111455
94ED0D0E-39B4-11E8-BF66-D9AA8AFF4A69	SUBJECT_PROCESS	76A739B1-A13E-FD50-BEA1-B218A0FD0400	FILE_OBJECT_FILE	EVENT_MMAP	1523030839046112566
94ED0D0E-39B4-11E8-BF66-D9AA8AFF4A69	SUBJECT_PROCESS	76A739B1-A13E-FD50-BEA1-B218A0FD0400	FILE_OBJECT_FILE	EVENT_MMAP	1523030839046112566
94ED0D0E-39B4-11E8-BF66-D9AA8AFF4A69	SUBJECT_PROCESS	76A739B1-A13E-FD50-BEA1-B218A0FD0400	FILE_OBJECT_FILE	EVENT_MMAP	1523030839046112566
94ED0D0E-39B4-11E8-BF66-D9AA8AFF4A69	SUBJECT_PROCESS	76A739B1-A13E-FD50-BEA1-B218A0FD0400	FILE_OBJECT_FILE	EVENT_MMAP	1523030839046112566
94ED0D0E-39B4-11E8-BF66-D9AA8AFF4A69	SUBJECT_PROCESS	76A739B1-A13E-FD50-BEA1-B218A0FD0400	FILE_OBJECT_FILE	EVENT_MMAP	1523030839046112566
94ED0D0E-39B4-11E8-BF66-D9AA8AFF4A69	SUBJECT_PROCESS	76A739B1-A13E-FD50-BEA1-B218A0FD0400	FILE_OBJECT_FILE	EVENT_CLOSE	1523030839046112566
94ED0D0E-39B4-11E8-BF66-D9AA8AFF4A69	SUBJECT_PROCESS	F410BE96-4C0C-765E-8C4C-6F0E2E760020	FILE_OBJECT_FILE	EVENT_OPEN	1523030839046112566
94ED0D0E-39B4-11E8-BF66-D9AA8AFF4A69	SUBJECT_PROCESS	F410BE96-4C0C-765E-8C4C-6F0E2E760020	FILE_OBJECT_FILE	EVENT_MMAP	1523030839046112566
94ED0D0E-39B4-11E8-BF66-D9AA8AFF4A69	SUBJECT_PROCESS	F410BE96-4C0C-765E-8C4C-6F0E2E760020	FILE_OBJECT_FILE	EVENT_MMAP	1523030839046112566
94ED0D0E-39B4-11E8-BF66-D9AA8AFF4A69	SUBJECT_PROCESS	F410BE96-4C0C-765E-8C4C-6F0E2E760020	FILE_OBJECT_FILE	EVENT_CLOSE	1523030839046112566
94ED0D0E-39B4-11E8-BF66-D9AA8AFF4A69	SUBJECT_PROCESS	17797A5B-A3BC-8450-BCA3-FD703084DDDB	FILE_OBJECT_FILE	EVENT_OPEN	1523030839046112566
94ED0D0E-39B4-11E8-BF66-D9AA8AFF4A69	SUBJECT_PROCESS	17797A5B-A3BC-8450-BCA3-FD703084DDDB	FILE_OBJECT_FILE	EVENT_CLOSE	1523030839046112566
94ED0D0E-39B4-11E8-BF66-D9AA8AFF4A69	SUBJECT_PROCESS	BCDBE64D-1703-005A-8317-44DD6A00589D	FILE_OBJECT_FILE	EVENT_OPEN	1523030839046112566
94ED0D0E-39B4-11E8-BF66-D9AA8AFF4A69	SUBJECT_PROCESS	BCDBE64D-1703-005A-8317-44DD6A00589D	FILE_OBJECT_FILE	EVENT_READ	1523030839046112566
94ED0D0E-39B4-11E8-BF66-D9AA8AFF4A69	SUBJECT_PROCESS	BCDBE64D-1703-005A-8317-44DD6A00589D	FILE_OBJECT_FILE	EVENT_READ	1523030839046112566
94ED0D0E-39B4-11E8-BF66-D9AA8AFF4A69	SUBJECT_PROCESS	BCDBE64D-1703-005A-8317-44DD6A00589D	FILE_OBJECT_FILE	EVENT_CLOSE	1523030839046112566
94ED0D0E-39B4-11E8-BF66-D9AA8AFF4A69	SUBJECT_PROCESS	C53609B6-A912-B65B-92A9-B89E0BB6C2E1	FILE_OBJECT_FILE	EVENT_OPEN	1523030839046112566
94ED0D0E-39B4-11E8-BF66-D9AA8AFF4A69	SUBJECT_PROCESS	C53609B6-A912-B65B-92A9-B89E0BB6C2E1	FILE_OBJECT_FILE	EVENT_READ	1523030839046112566
94ED0D0E-39B4-11E8-BF66-D9AA8AFF4A69	SUBJECT_PROCESS	C53609B6-A912-B65B-92A9-B89E0BB6C2E1	FILE_OBJECT_FILE	EVENT_READ	1523030839046112566
94ED0D0E-39B4-11E8-BF66-D9AA8AFF4A69	SUBJECT_PROCESS	C53609B6-A912-B65B-92A9-B89E0BB6C2E1	FILE_OBJECT_FILE	EVENT_READ	1523030839046112566
94ED0D0E-39B4-11E8-BF66-D9AA8AFF4A69	SUBJECT_PROCESS	C53609B6-A912-B65B-92A9-B89E0BB6C2E1	FILE_OBJECT_FILE	EVENT_READ	1523030839046112566
94ED0D0E-39B4-11E8-BF66-D9AA8AFF4A69	SUBJECT_PROCESS	C53609B6-A912-B65B-92A9-B89E0BB6C2E1	FILE_OBJECT_FILE	EVENT_READ	1523030839046112566
94ED0D0E-39B4-11E8-BF66-D9AA8AFF4A69	SUBJECT_PROCESS	C53609B6-A912-B65B-92A9-B89E0BB6C2E1	FILE_OBJECT_FILE	EVENT_READ	1523030839056110957
94ED0D0E-39B4-11E8-BF66-D9AA8AFF4A69	SUBJECT_PROCESS	C53609B6-A912-B65B-92A9-B89E0BB6C2E1	FILE_OBJECT_FILE	EVENT_READ	1523030839056110957
94ED0D0E-39B4-11E8-BF66-D9AA8AFF4A69	SUBJECT_PROCESS	C53609B6-A912-B65B-92A9-B89E0BB6C2E1	FILE_OBJECT_FILE	EVENT_READ	1523030839056110957
94ED0D0E-39B4-11E8-BF66-D9AA8AFF4A69	SUBJECT_PROCESS	C53609B6-A912-B65B-92A9-B89E0BB6C2E1	FILE_OBJECT_FILE	EVENT_READ	1523030839056110957
94ED0D0E-39B4-11E8-BF66-D9AA8AFF4A69	SUBJECT_PROCESS	C53609B6-A912-B65B-92A9-B89E0BB6C2E1	FILE_OBJECT_FILE	EVENT_CLOSE	1523030839056110957
94ED0D0E-39B4-11E8-BF66-D9AA8AFF4A69	SUBJECT_PROCESS	17797A5B-A3BC-8450-BCA3-FD703084DDDB	FILE_OBJECT_FILE	EVENT_CLOSE	1523030839056110957
94ED0D0E-39B4-11E8-BF66-D9AA8AFF4A69	SUBJECT_PROCESS	9BC3FA4C-A5D8-8F53-98A5-6D74338FF32E	FILE_OBJECT_FILE	EVENT_OPEN	1523030839056110957
94ED0D0E-39B4-11E8-BF66-D9AA8AFF4A69	SUBJECT_PROCESS	9BC3FA4C-A5D8-8F53-98A5-6D74338FF32E	FILE_OBJECT_FILE	EVENT_READ	1523030839056110957
94ED0D0E-39B4-11E8-BF66-D9AA8AFF4A69	SUBJECT_PROCESS	9BC3FA4C-A5D8-8F53-98A5-6D74338FF32E	FILE_OBJECT_FILE	EVENT_CLOSE	1523030839056110957
94ED0D0E-39B4-11E8-BF66-D9AA8AFF4A69	SUBJECT_PROCESS	3616845C-B257-7150-97B2-F2111071B7CB	FILE_OBJECT_FILE	EVENT_OPEN	1523030839056110957
94ED0D0E-39B4-11E8-BF66-D9AA8AFF4A69	SUBJECT_PROCESS	3616845C-B257-7150-97B2-F2111071B7CB	FILE_OBJECT_FILE	EVENT_READ	1523030839056110957
94ED0D0E-39B4-11E8-BF66-D9AA8AFF4A69	SUBJECT_PROCESS	3616845C-B257-7150-97B2-F2111071B7CB	FILE_OBJECT_FILE	EVENT_CLOSE	1523030839056110957
94ED0D0E-39B4-11E8-BF66-D9AA8AFF4A69	SUBJECT_PROCESS	94F28B66-39B4-11E8-BF66-D9AA8AFF4A69	SUBJECT_PROCESS	EVENT_FORK	1523030839056110957
94F28B66-39B4-11E8-BF66-D9AA8AFF4A69	SUBJECT_PROCESS	0B77749C-9349-D951-8993-7D70E1D9DB4C	FILE_OBJECT_FILE	EVENT_EXECUTE	1523030839056110957
94F28B66-39B4-11E8-BF66-D9AA8AFF4A69	SUBJECT_PROCESS	7A350F75-9945-425D-8599-15CEBD426F06	FILE_OBJECT_FILE	EVENT_EXECUTE	1523030839056110957
94F28B66-39B4-11E8-BF66-D9AA8AFF4A69	SUBJECT_PROCESS	51110606-D232-9652-B2D2-3A7242968F8A	FILE_OBJECT_FILE	EVENT_OPEN	1523030839056110957
94F28B66-39B4-11E8-BF66-D9AA8AFF4A69	SUBJECT_PROCESS	51110606-D232-9652-B2D2-3A7242968F8A	FILE_OBJECT_FILE	EVENT_READ	1523030839056110957
94F28B66-39B4-11E8-BF66-D9AA8AFF4A69	SUBJECT_PROCESS	51110606-D232-9652-B2D2-3A7242968F8A	FILE_OBJECT_FILE	EVENT_CLOSE	1523030839056110957
94F28B66-39B4-11E8-BF66-D9AA8AFF4A69	SUBJECT_PROCESS	8A44F292-648B-7854-8B64-00F954785A79	FILE_OBJECT_FILE	EVENT_OPEN	1523030839056110957
94F28B66-39B4-11E8-BF66-D9AA8AFF4A69	SUBJECT_PROCESS	8A44F292-648B-7854-8B64-00F954785A79	FILE_OBJECT_FILE	EVENT_READ	1523030839056110957
94F28B66-39B4-11E8-BF66-D9AA8AFF4A69	SUBJECT_PROCESS	8A44F292-648B-7854-8B64-00F954785A79	FILE_OBJECT_FILE	EVENT_READ	1523030839056110957
94F28B66-39B4-11E8-BF66-D9AA8AFF4A69	SUBJECT_PROCESS	8A44F292-648B-7854-8B64-00F954785A79	FILE_OBJECT_FILE	EVENT_CLOSE	1523030839066110697
94F28B66-39B4-11E8-BF66-D9AA8AFF4A69	SUBJECT_PROCESS	76A739B1-A13E-FD50-BEA1-B218A0FD0400	FILE_OBJECT_FILE	EVENT_OPEN	1523030839066110697
94F28B66-39B4-11E8-BF66-D9AA8AFF4A69	SUBJECT_PROCESS	76A739B1-A13E-FD50-BEA1-B218A0FD0400	FILE_OBJECT_FILE	EVENT_MMAP	1523030839066110697
94F28B66-39B4-11E8-BF66-D9AA8AFF4A69	SUBJECT_PROCESS	76A739B1-A13E-FD50-BEA1-B218A0FD0400	FILE_OBJECT_FILE	EVENT_MMAP	1523030839066110697
94F28B66-39B4-11E8-BF66-D9AA8AFF4A69	SUBJECT_PROCESS	76A739B1-A13E-FD50-BEA1-B218A0FD0400	FILE_OBJECT_FILE	EVENT_MMAP	1523030839066110697
94F28B66-39B4-11E8-BF66-D9AA8AFF4A69	SUBJECT_PROCESS	76A739B1-A13E-FD50-BEA1-B218A0FD0400	FILE_OBJECT_FILE	EVENT_MMAP	1523030839066110697
94F28B66-39B4-11E8-BF66-D9AA8AFF4A69	SUBJECT_PROCESS	76A739B1-A13E-FD50-BEA1-B218A0FD0400	FILE_OBJECT_FILE	EVENT_MMAP	1523030839066110697
94F28B66-39B4-11E8-BF66-D9AA8AFF4A69	SUBJECT_PROCESS	76A739B1-A13E-FD50-BEA1-B218A0FD0400	FILE_OBJECT_FILE	EVENT_MMAP	1523030839066110697
94F28B66-39B4-11E8-BF66-D9AA8AFF4A69	SUBJECT_PROCESS	76A739B1-A13E-FD50-BEA1-B218A0FD0400	FILE_OBJECT_FILE	EVENT_CLOSE	1523030839066110697
94F28B66-39B4-11E8-BF66-D9AA8AFF4A69	SUBJECT_PROCESS	F410BE96-4C0C-765E-8C4C-6F0E2E760020	FILE_OBJECT_FILE	EVENT_OPEN	1523030839066110697
94F28B66-39B4-11E8-BF66-D9AA8AFF4A69	SUBJECT_PROCESS	F410BE96-4C0C-765E-8C4C-6F0E2E760020	FILE_OBJECT_FILE	EVENT_MMAP	1523030839066110697
94F28B66-39B4-11E8-BF66-D9AA8AFF4A69	SUBJECT_PROCESS	F410BE96-4C0C-765E-8C4C-6F0E2E760020	FILE_OBJECT_FILE	EVENT_MMAP	1523030839066110697
94F28B66-39B4-11E8-BF66-D9AA8AFF4A69	SUBJECT_PROCESS	F410BE96-4C0C-765E-8C4C-6F0E2E760020	FILE_OBJECT_FILE	EVENT_CLOSE	1523030839066110697
94F28B66-39B4-11E8-BF66-D9AA8AFF4A69	SUBJECT_PROCESS	17797A5B-A3BC-8450-BCA3-FD703084DDDB	FILE_OBJECT_FILE	EVENT_OPEN	1523030839066110697
94F28B66-39B4-11E8-BF66-D9AA8AFF4A69	SUBJECT_PROCESS	94F28B66-39B4-11E8-BF66-D9AA8AFF4A69	SUBJECT_PROCESS	EVENT_EXIT	1523030839066110697
94ED0D0E-39B4-11E8-BF66-D9AA8AFF4A69	SUBJECT_PROCESS	94F47B36-39B4-11E8-BF66-D9AA8AFF4A69	SUBJECT_PROCESS	EVENT_FORK	1523030839066110697
94F47B36-39B4-11E8-BF66-D9AA8AFF4A69	SUBJECT_PROCESS	B02C7AB1-1D5E-E250-9E1D-F19070E2AA0A	FILE_OBJECT_FILE	EVENT_EXECUTE	1523030839066110697
94F47B36-39B4-11E8-BF66-D9AA8AFF4A69	SUBJECT_PROCESS	7A350F75-9945-425D-8599-15CEBD426F06	FILE_OBJECT_FILE	EVENT_EXECUTE	1523030839066110697
94F47B36-39B4-11E8-BF66-D9AA8AFF4A69	SUBJECT_PROCESS	51110606-D232-9652-B2D2-3A7242968F8A	FILE_OBJECT_FILE	EVENT_OPEN	1523030839066110697
94F47B36-39B4-11E8-BF66-D9AA8AFF4A69	SUBJECT_PROCESS	51110606-D232-9652-B2D2-3A7242968F8A	FILE_OBJECT_FILE	EVENT_READ	1523030839066110697
94F47B36-39B4-11E8-BF66-D9AA8AFF4A69	SUBJECT_PROCESS	51110606-D232-9652-B2D2-3A7242968F8A	FILE_OBJECT_FILE	EVENT_CLOSE	1523030839076111848
94F47B36-39B4-11E8-BF66-D9AA8AFF4A69	SUBJECT_PROCESS	8A44F292-648B-7854-8B64-00F954785A79	FILE_OBJECT_FILE	EVENT_OPEN	1523030839076111848
94F47B36-39B4-11E8-BF66-D9AA8AFF4A69	SUBJECT_PROCESS	8A44F292-648B-7854-8B64-00F954785A79	FILE_OBJECT_FILE	EVENT_READ	1523030839076111848
94F47B36-39B4-11E8-BF66-D9AA8AFF4A69	SUBJECT_PROCESS	8A44F292-648B-7854-8B64-00F954785A79	FILE_OBJECT_FILE	EVENT_READ	1523030839076111848
94F47B36-39B4-11E8-BF66-D9AA8AFF4A69	SUBJECT_PROCESS	8A44F292-648B-7854-8B64-00F954785A79	FILE_OBJECT_FILE	EVENT_CLOSE	1523030839076111848
94F47B36-39B4-11E8-BF66-D9AA8AFF4A69	SUBJECT_PROCESS	76A739B1-A13E-FD50-BEA1-B218A0FD0400	FILE_OBJECT_FILE	EVENT_OPEN	1523030839076111848
94F47B36-39B4-11E8-BF66-D9AA8AFF4A69	SUBJECT_PROCESS	76A739B1-A13E-FD50-BEA1-B218A0FD0400	FILE_OBJECT_FILE	EVENT_MMAP	1523030839076111848
94F47B36-39B4-11E8-BF66-D9AA8AFF4A69	SUBJECT_PROCESS	76A739B1-A13E-FD50-BEA1-B218A0FD0400	FILE_OBJECT_FILE	EVENT_MMAP	1523030839076111848
94F47B36-39B4-11E8-BF66-D9AA8AFF4A69	SUBJECT_PROCESS	76A739B1-A13E-FD50-BEA1-B218A0FD0400	FILE_OBJECT_FILE	EVENT_MMAP	1523030839076111848
94F47B36-39B4-11E8-BF66-D9AA8AFF4A69	SUBJECT_PROCESS	76A739B1-A13E-FD50-BEA1-B218A0FD0400	FILE_OBJECT_FILE	EVENT_MMAP	1523030839076111848
94F47B36-39B4-11E8-BF66-D9AA8AFF4A69	SUBJECT_PROCESS	76A739B1-A13E-FD50-BEA1-B218A0FD0400	FILE_OBJECT_FILE	EVENT_MMAP	1523030839076111848
94F47B36-39B4-11E8-BF66-D9AA8AFF4A69	SUBJECT_PROCESS	76A739B1-A13E-FD50-BEA1-B218A0FD0400	FILE_OBJECT_FILE	EVENT_MMAP	1523030839076111848
94F47B36-39B4-11E8-BF66-D9AA8AFF4A69	SUBJECT_PROCESS	76A739B1-A13E-FD50-BEA1-B218A0FD0400	FILE_OBJECT_FILE	EVENT_CLOSE	1523030839076111848
94F47B36-39B4-11E8-BF66-D9AA8AFF4A69	SUBJECT_PROCESS	F410BE96-4C0C-765E-8C4C-6F0E2E760020	FILE_OBJECT_FILE	EVENT_OPEN	1523030839076111848
94F47B36-39B4-11E8-BF66-D9AA8AFF4A69	SUBJECT_PROCESS	F410BE96-4C0C-765E-8C4C-6F0E2E760020	FILE_OBJECT_FILE	EVENT_MMAP	1523030839076111848
94F47B36-39B4-11E8-BF66-D9AA8AFF4A69	SUBJECT_PROCESS	F410BE96-4C0C-765E-8C4C-6F0E2E760020	FILE_OBJECT_FILE	EVENT_MMAP	1523030839076111848
94F47B36-39B4-11E8-BF66-D9AA8AFF4A69	SUBJECT_PROCESS	F410BE96-4C0C-765E-8C4C-6F0E2E760020	FILE_OBJECT_FILE	EVENT_CLOSE	1523030839076111848
94F47B36-39B4-11E8-BF66-D9AA8AFF4A69	SUBJECT_PROCESS	93D8C3C8-44A8-905A-A844-6A1E1A90001F	FILE_OBJECT_FILE	EVENT_OPEN	1523030839076111848
94F47B36-39B4-11E8-BF66-D9AA8AFF4A69	SUBJECT_PROCESS	40434373-B8E8-2655-A8B8-26CB8526DE04	FILE_OBJECT_FILE	EVENT_OPEN	1523030839076111848
94F47B36-39B4-11E8-BF66-D9AA8AFF4A69	SUBJECT_PROCESS	40434373-B8E8-2655-A8B8-26CB8526DE04	FILE_OBJECT_FILE	EVENT_READ	1523030839076111848
94F47B36-39B4-11E8-BF66-D9AA8AFF4A69	SUBJECT_PROCESS	40434373-B8E8-2655-A8B8-26CB8526DE04	FILE_OBJECT_FILE	EVENT_CLOSE	1523030839076111848
94F47B36-39B4-11E8-BF66-D9AA8AFF4A69	SUBJECT_PROCESS	40434373-B8E8-2655-A8B8-26CB8526DE04	FILE_OBJECT_FILE	EVENT_OPEN	1523030839076111848
94F47B36-39B4-11E8-BF66-D9AA8AFF4A69	SUBJECT_PROCESS	40434373-B8E8-2655-A8B8-26CB8526DE04	FILE_OBJECT_FILE	EVENT_LSEEK	1523030839076111848
94F47B36-39B4-11E8-BF66-D9AA8AFF4A69	SUBJECT_PROCESS	40434373-B8E8-2655-A8B8-26CB8526DE04	FILE_OBJECT_FILE	EVENT_READ	1523030839076111848
94F47B36-39B4-11E8-BF66-D9AA8AFF4A69	SUBJECT_PROCESS	93D8C3C8-44A8-905A-A844-6A1E1A90001F	FILE_OBJECT_FILE	EVENT_LSEEK	1523030839076111848
94F47B36-39B4-11E8-BF66-D9AA8AFF4A69	SUBJECT_PROCESS	93D8C3C8-44A8-905A-A844-6A1E1A90001F	FILE_OBJECT_FILE	EVENT_LSEEK	1523030839076111848
94F47B36-39B4-11E8-BF66-D9AA8AFF4A69	SUBJECT_PROCESS	93D8C3C8-44A8-905A-A844-6A1E1A90001F	FILE_OBJECT_FILE	EVENT_READ	1523030839076111848
94F47B36-39B4-11E8-BF66-D9AA8AFF4A69	SUBJECT_PROCESS	17797A5B-A3BC-8450-BCA3-FD703084DDDB	FILE_OBJECT_FILE	EVENT_WRITE	1523030839086110169
94F47B36-39B4-11E8-BF66-D9AA8AFF4A69	SUBJECT_PROCESS	17797A5B-A3BC-8450-BCA3-FD703084DDDB	FILE_OBJECT_FILE	EVENT_WRITE	1523030839086110169
94F47B36-39B4-11E8-BF66-D9AA8AFF4A69	SUBJECT_PROCESS	17797A5B-A3BC-8450-BCA3-FD703084DDDB	FILE_OBJECT_FILE	EVENT_WRITE	1523030839086110169
94F47B36-39B4-11E8-BF66-D9AA8AFF4A69	SUBJECT_PROCESS	94F47B36-39B4-11E8-BF66-D9AA8AFF4A69	SUBJECT_PROCESS	EVENT_EXIT	1523030839086110169
94ED0D0E-39B4-11E8-BF66-D9AA8AFF4A69	SUBJECT_PROCESS	B041C492-8AC1-5B5A-818A-32B25A5BB001	FILE_OBJECT_FILE	EVENT_OPEN	1523030839086110169
94ED0D0E-39B4-11E8-BF66-D9AA8AFF4A69	SUBJECT_PROCESS	B041C492-8AC1-5B5A-818A-32B25A5BB001	FILE_OBJECT_FILE	EVENT_READ	1523030839086110169
94ED0D0E-39B4-11E8-BF66-D9AA8AFF4A69	SUBJECT_PROCESS	B041C492-8AC1-5B5A-818A-32B25A5BB001	FILE_OBJECT_FILE	EVENT_CLOSE	1523030839086110169
94ED0D0E-39B4-11E8-BF66-D9AA8AFF4A69	SUBJECT_PROCESS	B041C492-8AC1-5B5A-818A-32B25A5BB001	FILE_OBJECT_FILE	EVENT_MODIFY_FILE_ATTRIBUTES	1523030839086110169
94ED0D0E-39B4-11E8-BF66-D9AA8AFF4A69	SUBJECT_PROCESS	B041C492-8AC1-5B5A-818A-32B25A5BB001	FILE_OBJECT_FILE	EVENT_OPEN	1523030839086110169
94ED0D0E-39B4-11E8-BF66-D9AA8AFF4A69	SUBJECT_PROCESS	B041C492-8AC1-5B5A-818A-32B25A5BB001	FILE_OBJECT_FILE	EVENT_READ	1523030839086110169
94ED0D0E-39B4-11E8-BF66-D9AA8AFF4A69	SUBJECT_PROCESS	B041C492-8AC1-5B5A-818A-32B25A5BB001	FILE_OBJECT_FILE	EVENT_CLOSE	1523030839086110169
94ED0D0E-39B4-11E8-BF66-D9AA8AFF4A69	SUBJECT_PROCESS	D5D2F4F4-4EC5-6456-854E-5E2A46640650	FILE_OBJECT_FILE	EVENT_OPEN	1523030839086110169
94ED0D0E-39B4-11E8-BF66-D9AA8AFF4A69	SUBJECT_PROCESS	D5D2F4F4-4EC5-6456-854E-5E2A46640650	FILE_OBJECT_FILE	EVENT_READ	1523030839086110169
94ED0D0E-39B4-11E8-BF66-D9AA8AFF4A69	SUBJECT_PROCESS	D5D2F4F4-4EC5-6456-854E-5E2A46640650	FILE_OBJECT_FILE	EVENT_READ	1523030839086110169
94ED0D0E-39B4-11E8-BF66-D9AA8AFF4A69	SUBJECT_PROCESS	D5D2F4F4-4EC5-6456-854E-5E2A46640650	FILE_OBJECT_FILE	EVENT_READ	1523030839086110169
94ED0D0E-39B4-11E8-BF66-D9AA8AFF4A69	SUBJECT_PROCESS	D5D2F4F4-4EC5-6456-854E-5E2A46640650	FILE_OBJECT_FILE	EVENT_CLOSE	1523030839086110169
94ED0D0E-39B4-11E8-BF66-D9AA8AFF4A69	SUBJECT_PROCESS	17797A5B-A3BC-8450-BCA3-FD703084DDDB	FILE_OBJECT_FILE	EVENT_WRITE	1523030839096109420
72FB0406-3678-11E8-BF66-D9AA8AFF4A69	SUBJECT_PROCESS	94CBD003-39B4-11E8-BF66-D9AA8AFF4A69	FILE_OBJECT_UNIX_SOCKET	EVENT_CLOSE	1523030839806108526
72FB0406-3678-11E8-BF66-D9AA8AFF4A69	SUBJECT_PROCESS	94CBD06A-39B4-11E8-BF66-D9AA8AFF4A69	FILE_OBJECT_UNIX_SOCKET	EVENT_CLOSE	1523030839806108526
72FB0406-3678-11E8-BF66-D9AA8AFF4A69	SUBJECT_PROCESS	9564792D-39B4-11E8-BF66-D9AA8AFF4A69	FILE_OBJECT_UNIX_SOCKET	EVENT_CREATE_OBJECT	1523030839806108526
72FB0406-3678-11E8-BF66-D9AA8AFF4A69	SUBJECT_PROCESS	95647997-39B4-11E8-BF66-D9AA8AFF4A69	FILE_OBJECT_UNIX_SOCKET	EVENT_CREATE_OBJECT	1523030839806108526
94ED0D0E-39B4-11E8-BF66-D9AA8AFF4A69	SUBJECT_PROCESS	17797A5B-A3BC-8450-BCA3-FD703084DDDB	FILE_OBJECT_FILE	EVENT_READ	1523030839946110167
94ED0D0E-39B4-11E8-BF66-D9AA8AFF4A69	SUBJECT_PROCESS	17797A5B-A3BC-8450-BCA3-FD703084DDDB	FILE_OBJECT_FILE	EVENT_WRITE	1523030839946110167
94ED0D0E-39B4-11E8-BF66-D9AA8AFF4A69	SUBJECT_PROCESS	17797A5B-A3BC-8450-BCA3-FD703084DDDB	FILE_OBJECT_FILE	EVENT_READ	1523030840036108605
94ED0D0E-39B4-11E8-BF66-D9AA8AFF4A69	SUBJECT_PROCESS	17797A5B-A3BC-8450-BCA3-FD703084DDDB	FILE_OBJECT_FILE	EVENT_WRITE	1523030840036108605
94ED0D0E-39B4-11E8-BF66-D9AA8AFF4A69	SUBJECT_PROCESS	17797A5B-A3BC-8450-BCA3-FD703084DDDB	FILE_OBJECT_FILE	EVENT_READ	1523030840116108581
94ED0D0E-39B4-11E8-BF66-D9AA8AFF4A69	SUBJECT_PROCESS	17797A5B-A3BC-8450-BCA3-FD703084DDDB	FILE_OBJECT_FILE	EVENT_WRITE	1523030840116108581
94ED0D0E-39B4-11E8-BF66-D9AA8AFF4A69	SUBJECT_PROCESS	95943BFE-39B4-11E8-BF66-D9AA8AFF4A69	SUBJECT_PROCESS	EVENT_FORK	1523030840116108581
95943BFE-39B4-11E8-BF66-D9AA8AFF4A69	SUBJECT_PROCESS	4437AF3A-467E-435C-BE46-1F783C43A407	FILE_OBJECT_FILE	EVENT_EXECUTE	1523030840136109312
95943BFE-39B4-11E8-BF66-D9AA8AFF4A69	SUBJECT_PROCESS	7A350F75-9945-425D-8599-15CEBD426F06	FILE_OBJECT_FILE	EVENT_EXECUTE	1523030840136109312
95943BFE-39B4-11E8-BF66-D9AA8AFF4A69	SUBJECT_PROCESS	51110606-D232-9652-B2D2-3A7242968F8A	FILE_OBJECT_FILE	EVENT_OPEN	1523030840136109312
95943BFE-39B4-11E8-BF66-D9AA8AFF4A69	SUBJECT_PROCESS	51110606-D232-9652-B2D2-3A7242968F8A	FILE_OBJECT_FILE	EVENT_READ	1523030840136109312
95943BFE-39B4-11E8-BF66-D9AA8AFF4A69	SUBJECT_PROCESS	51110606-D232-9652-B2D2-3A7242968F8A	FILE_OBJECT_FILE	EVENT_CLOSE	1523030840146110673
95943BFE-39B4-11E8-BF66-D9AA8AFF4A69	SUBJECT_PROCESS	8A44F292-648B-7854-8B64-00F954785A79	FILE_OBJECT_FILE	EVENT_OPEN	1523030840146110673
95943BFE-39B4-11E8-BF66-D9AA8AFF4A69	SUBJECT_PROCESS	8A44F292-648B-7854-8B64-00F954785A79	FILE_OBJECT_FILE	EVENT_READ	1523030840146110673
95943BFE-39B4-11E8-BF66-D9AA8AFF4A69	SUBJECT_PROCESS	8A44F292-648B-7854-8B64-00F954785A79	FILE_OBJECT_FILE	EVENT_READ	1523030840146110673
95943BFE-39B4-11E8-BF66-D9AA8AFF4A69	SUBJECT_PROCESS	8A44F292-648B-7854-8B64-00F954785A79	FILE_OBJECT_FILE	EVENT_CLOSE	1523030840146110673
95943BFE-39B4-11E8-BF66-D9AA8AFF4A69	SUBJECT_PROCESS	0905A02C-D979-5D57-B9D9-F12D475D7A9B	FILE_OBJECT_FILE	EVENT_OPEN	1523030840146110673
95943BFE-39B4-11E8-BF66-D9AA8AFF4A69	SUBJECT_PROCESS	0905A02C-D979-5D57-B9D9-F12D475D7A9B	FILE_OBJECT_FILE	EVENT_MMAP	1523030840146110673
95943BFE-39B4-11E8-BF66-D9AA8AFF4A69	SUBJECT_PROCESS	0905A02C-D979-5D57-B9D9-F12D475D7A9B	FILE_OBJECT_FILE	EVENT_MMAP	1523030840146110673
95943BFE-39B4-11E8-BF66-D9AA8AFF4A69	SUBJECT_PROCESS	0905A02C-D979-5D57-B9D9-F12D475D7A9B	FILE_OBJECT_FILE	EVENT_MMAP	1523030840146110673
95943BFE-39B4-11E8-BF66-D9AA8AFF4A69	SUBJECT_PROCESS	0905A02C-D979-5D57-B9D9-F12D475D7A9B	FILE_OBJECT_FILE	EVENT_MMAP	1523030840146110673
95943BFE-39B4-11E8-BF66-D9AA8AFF4A69	SUBJECT_PROCESS	0905A02C-D979-5D57-B9D9-F12D475D7A9B	FILE_OBJECT_FILE	EVENT_MMAP	1523030840146110673
95943BFE-39B4-11E8-BF66-D9AA8AFF4A69	SUBJECT_PROCESS	0905A02C-D979-5D57-B9D9-F12D475D7A9B	FILE_OBJECT_FILE	EVENT_MMAP	1523030840146110673
95943BFE-39B4-11E8-BF66-D9AA8AFF4A69	SUBJECT_PROCESS	0905A02C-D979-5D57-B9D9-F12D475D7A9B	FILE_OBJECT_FILE	EVENT_CLOSE	1523030840146110673
95943BFE-39B4-11E8-BF66-D9AA8AFF4A69	SUBJECT_PROCESS	9FF334BB-9072-D756-B290-556656D73728	FILE_OBJECT_FILE	EVENT_OPEN	1523030840146110673
95943BFE-39B4-11E8-BF66-D9AA8AFF4A69	SUBJECT_PROCESS	9FF334BB-9072-D756-B290-556656D73728	FILE_OBJECT_FILE	EVENT_MMAP	1523030840146110673
95943BFE-39B4-11E8-BF66-D9AA8AFF4A69	SUBJECT_PROCESS	9FF334BB-9072-D756-B290-556656D73728	FILE_OBJECT_FILE	EVENT_MMAP	1523030840146110673
95943BFE-39B4-11E8-BF66-D9AA8AFF4A69	SUBJECT_PROCESS	9FF334BB-9072-D756-B290-556656D73728	FILE_OBJECT_FILE	EVENT_MMAP	1523030840146110673
95943BFE-39B4-11E8-BF66-D9AA8AFF4A69	SUBJECT_PROCESS	9FF334BB-9072-D756-B290-556656D73728	FILE_OBJECT_FILE	EVENT_MMAP	1523030840146110673
95943BFE-39B4-11E8-BF66-D9AA8AFF4A69	SUBJECT_PROCESS	9FF334BB-9072-D756-B290-556656D73728	FILE_OBJECT_FILE	EVENT_MMAP	1523030840146110673
95943BFE-39B4-11E8-BF66-D9AA8AFF4A69	SUBJECT_PROCESS	9FF334BB-9072-D756-B290-556656D73728	FILE_OBJECT_FILE	EVENT_MMAP	1523030840146110673
95943BFE-39B4-11E8-BF66-D9AA8AFF4A69	SUBJECT_PROCESS	9FF334BB-9072-D756-B290-556656D73728	FILE_OBJECT_FILE	EVENT_CLOSE	1523030840146110673
95943BFE-39B4-11E8-BF66-D9AA8AFF4A69	SUBJECT_PROCESS	7A1B4973-09E5-AA50-A509-1753C0AA87A1	FILE_OBJECT_FILE	EVENT_OPEN	1523030840156108004
95943BFE-39B4-11E8-BF66-D9AA8AFF4A69	SUBJECT_PROCESS	7A1B4973-09E5-AA50-A509-1753C0AA87A1	FILE_OBJECT_FILE	EVENT_MMAP	1523030840156108004
95943BFE-39B4-11E8-BF66-D9AA8AFF4A69	SUBJECT_PROCESS	7A1B4973-09E5-AA50-A509-1753C0AA87A1	FILE_OBJECT_FILE	EVENT_MMAP	1523030840156108004
95943BFE-39B4-11E8-BF66-D9AA8AFF4A69	SUBJECT_PROCESS	7A1B4973-09E5-AA50-A509-1753C0AA87A1	FILE_OBJECT_FILE	EVENT_MMAP	1523030840156108004
95943BFE-39B4-11E8-BF66-D9AA8AFF4A69	SUBJECT_PROCESS	7A1B4973-09E5-AA50-A509-1753C0AA87A1	FILE_OBJECT_FILE	EVENT_MMAP	1523030840156108004
95943BFE-39B4-11E8-BF66-D9AA8AFF4A69	SUBJECT_PROCESS	7A1B4973-09E5-AA50-A509-1753C0AA87A1	FILE_OBJECT_FILE	EVENT_MMAP	1523030840156108004
95943BFE-39B4-11E8-BF66-D9AA8AFF4A69	SUBJECT_PROCESS	7A1B4973-09E5-AA50-A509-1753C0AA87A1	FILE_OBJECT_FILE	EVENT_MMAP	1523030840156108004
95943BFE-39B4-11E8-BF66-D9AA8AFF4A69	SUBJECT_PROCESS	7A1B4973-09E5-AA50-A509-1753C0AA87A1	FILE_OBJECT_FILE	EVENT_CLOSE	1523030840156108004
95943BFE-39B4-11E8-BF66-D9AA8AFF4A69	SUBJECT_PROCESS	76A739B1-A13E-FD50-BEA1-B218A0FD0400	FILE_OBJECT_FILE	EVENT_OPEN	1523030840156108004
95943BFE-39B4-11E8-BF66-D9AA8AFF4A69	SUBJECT_PROCESS	76A739B1-A13E-FD50-BEA1-B218A0FD0400	FILE_OBJECT_FILE	EVENT_MMAP	1523030840156108004
95943BFE-39B4-11E8-BF66-D9AA8AFF4A69	SUBJECT_PROCESS	76A739B1-A13E-FD50-BEA1-B218A0FD0400	FILE_OBJECT_FILE	EVENT_MMAP	1523030840156108004
95943BFE-39B4-11E8-BF66-D9AA8AFF4A69	SUBJECT_PROCESS	76A739B1-A13E-FD50-BEA1-B218A0FD0400	FILE_OBJECT_FILE	EVENT_MMAP	1523030840156108004
95943BFE-39B4-11E8-BF66-D9AA8AFF4A69	SUBJECT_PROCESS	76A739B1-A13E-FD50-BEA1-B218A0FD0400	FILE_OBJECT_FILE	EVENT_MMAP	1523030840156108004
95943BFE-39B4-11E8-BF66-D9AA8AFF4A69	SUBJECT_PROCESS	76A739B1-A13E-FD50-BEA1-B218A0FD0400	FILE_OBJECT_FILE	EVENT_MMAP	1523030840156108004
95943BFE-39B4-11E8-BF66-D9AA8AFF4A69	SUBJECT_PROCESS	76A739B1-A13E-FD50-BEA1-B218A0FD0400	FILE_OBJECT_FILE	EVENT_MMAP	1523030840156108004
95943BFE-39B4-11E8-BF66-D9AA8AFF4A69	SUBJECT_PROCESS	76A739B1-A13E-FD50-BEA1-B218A0FD0400	FILE_OBJECT_FILE	EVENT_CLOSE	1523030840156108004
95943BFE-39B4-11E8-BF66-D9AA8AFF4A69	SUBJECT_PROCESS	F410BE96-4C0C-765E-8C4C-6F0E2E760020	FILE_OBJECT_FILE	EVENT_OPEN	1523030840156108004
95943BFE-39B4-11E8-BF66-D9AA8AFF4A69	SUBJECT_PROCESS	F410BE96-4C0C-765E-8C4C-6F0E2E760020	FILE_OBJECT_FILE	EVENT_MMAP	1523030840156108004
95943BFE-39B4-11E8-BF66-D9AA8AFF4A69	SUBJECT_PROCESS	F410BE96-4C0C-765E-8C4C-6F0E2E760020	FILE_OBJECT_FILE	EVENT_MMAP	1523030840156108004
95943BFE-39B4-11E8-BF66-D9AA8AFF4A69	SUBJECT_PROCESS	F410BE96-4C0C-765E-8C4C-6F0E2E760020	FILE_OBJECT_FILE	EVENT_CLOSE	1523030840166113585
95943BFE-39B4-11E8-BF66-D9AA8AFF4A69	SUBJECT_PROCESS	BBD8EFE8-D64E-A651-8ED6-037AB1A6F528	FILE_OBJECT_FILE	EVENT_OPEN	1523030840166113585
95943BFE-39B4-11E8-BF66-D9AA8AFF4A69	SUBJECT_PROCESS	95943BFE-39B4-11E8-BF66-D9AA8AFF4A69	SUBJECT_PROCESS	EVENT_MODIFY_PROCESS	1523030840166113585
95943BFE-39B4-11E8-BF66-D9AA8AFF4A69	SUBJECT_PROCESS	BBD8EFE8-D64E-A651-8ED6-037AB1A6F528	FILE_OBJECT_FILE	EVENT_MODIFY_PROCESS	1523030840166113585
95943BFE-39B4-11E8-BF66-D9AA8AFF4A69	SUBJECT_PROCESS	BBD8EFE8-D64E-A651-8ED6-037AB1A6F528	FILE_OBJECT_FILE	EVENT_OPEN	1523030840166113585
95943BFE-39B4-11E8-BF66-D9AA8AFF4A69	SUBJECT_PROCESS	BBD8EFE8-D64E-A651-8ED6-037AB1A6F528	FILE_OBJECT_FILE	EVENT_OPEN	1523030840166113585
95943BFE-39B4-11E8-BF66-D9AA8AFF4A69	SUBJECT_PROCESS	BBD8EFE8-D64E-A651-8ED6-037AB1A6F528	FILE_OBJECT_FILE	EVENT_CLOSE	1523030840166113585
95943BFE-39B4-11E8-BF66-D9AA8AFF4A69	SUBJECT_PROCESS	95943BFE-39B4-11E8-BF66-D9AA8AFF4A69	SUBJECT_PROCESS	EVENT_MODIFY_PROCESS	1523030840166113585
95943BFE-39B4-11E8-BF66-D9AA8AFF4A69	SUBJECT_PROCESS	BBD8EFE8-D64E-A651-8ED6-037AB1A6F528	FILE_OBJECT_FILE	EVENT_MODIFY_PROCESS	1523030840166113585
95943BFE-39B4-11E8-BF66-D9AA8AFF4A69	SUBJECT_PROCESS	BBD8EFE8-D64E-A651-8ED6-037AB1A6F528	FILE_OBJECT_FILE	EVENT_CLOSE	1523030840166113585
95943BFE-39B4-11E8-BF66-D9AA8AFF4A69	SUBJECT_PROCESS	17797A5B-A3BC-8450-BCA3-FD703084DDDB	FILE_OBJECT_FILE	EVENT_WRITE	1523030840166113585
95943BFE-39B4-11E8-BF66-D9AA8AFF4A69	SUBJECT_PROCESS	95943BFE-39B4-11E8-BF66-D9AA8AFF4A69	SUBJECT_PROCESS	EVENT_EXIT	1523030840166113585
94ED0D0E-39B4-11E8-BF66-D9AA8AFF4A69	SUBJECT_PROCESS	17797A5B-A3BC-8450-BCA3-FD703084DDDB	FILE_OBJECT_FILE	EVENT_WRITE	1523030840166113585
72FB0406-3678-11E8-BF66-D9AA8AFF4A69	SUBJECT_PROCESS	9564792D-39B4-11E8-BF66-D9AA8AFF4A69	FILE_OBJECT_UNIX_SOCKET	EVENT_CLOSE	1523030840836108088
72FB0406-3678-11E8-BF66-D9AA8AFF4A69	SUBJECT_PROCESS	95647997-39B4-11E8-BF66-D9AA8AFF4A69	FILE_OBJECT_UNIX_SOCKET	EVENT_CLOSE	1523030840836108088
72FB0406-3678-11E8-BF66-D9AA8AFF4A69	SUBJECT_PROCESS	9601AE5F-39B4-11E8-BF66-D9AA8AFF4A69	FILE_OBJECT_UNIX_SOCKET	EVENT_CREATE_OBJECT	1523030840836108088
72FB0406-3678-11E8-BF66-D9AA8AFF4A69	SUBJECT_PROCESS	9601AEC8-39B4-11E8-BF66-D9AA8AFF4A69	FILE_OBJECT_UNIX_SOCKET	EVENT_CREATE_OBJECT	1523030840836108088
94ED0D0E-39B4-11E8-BF66-D9AA8AFF4A69	SUBJECT_PROCESS	17797A5B-A3BC-8450-BCA3-FD703084DDDB	FILE_OBJECT_FILE	EVENT_READ	1523030841126108701
94ED0D0E-39B4-11E8-BF66-D9AA8AFF4A69	SUBJECT_PROCESS	17797A5B-A3BC-8450-BCA3-FD703084DDDB	FILE_OBJECT_FILE	EVENT_WRITE	1523030841126108701
94ED0D0E-39B4-11E8-BF66-D9AA8AFF4A69	SUBJECT_PROCESS	17797A5B-A3BC-8450-BCA3-FD703084DDDB	FILE_OBJECT_FILE	EVENT_READ	1523030841226109869
94ED0D0E-39B4-11E8-BF66-D9AA8AFF4A69	SUBJECT_PROCESS	17797A5B-A3BC-8450-BCA3-FD703084DDDB	FILE_OBJECT_FILE	EVENT_WRITE	1523030841226109869
94ED0D0E-39B4-11E8-BF66-D9AA8AFF4A69	SUBJECT_PROCESS	17797A5B-A3BC-8450-BCA3-FD703084DDDB	FILE_OBJECT_FILE	EVENT_READ	1523030841426108595
94ED0D0E-39B4-11E8-BF66-D9AA8AFF4A69	SUBJECT_PROCESS	17797A5B-A3BC-8450-BCA3-FD703084DDDB	FILE_OBJECT_FILE	EVENT_WRITE	1523030841426108595
72FB0406-3678-11E8-BF66-D9AA8AFF4A69	SUBJECT_PROCESS	9601AE5F-39B4-11E8-BF66-D9AA8AFF4A69	FILE_OBJECT_UNIX_SOCKET	EVENT_CLOSE	1523030841806109055
72FB0406-3678-11E8-BF66-D9AA8AFF4A69	SUBJECT_PROCESS	9601AEC8-39B4-11E8-BF66-D9AA8AFF4A69	FILE_OBJECT_UNIX_SOCKET	EVENT_CLOSE	1523030841806109055
72FB0406-3678-11E8-BF66-D9AA8AFF4A69	SUBJECT_PROCESS	9695A38F-39B4-11E8-BF66-D9AA8AFF4A69	FILE_OBJECT_UNIX_SOCKET	EVENT_CREATE_OBJECT	1523030841806109055
72FB0406-3678-11E8-BF66-D9AA8AFF4A69	SUBJECT_PROCESS	9695A3F6-39B4-11E8-BF66-D9AA8AFF4A69	FILE_OBJECT_UNIX_SOCKET	EVENT_CREATE_OBJECT	1523030841806109055
94ED0D0E-39B4-11E8-BF66-D9AA8AFF4A69	SUBJECT_PROCESS	17797A5B-A3BC-8450-BCA3-FD703084DDDB	FILE_OBJECT_FILE	EVENT_READ	1523030841936110046
94ED0D0E-39B4-11E8-BF66-D9AA8AFF4A69	SUBJECT_PROCESS	17797A5B-A3BC-8450-BCA3-FD703084DDDB	FILE_OBJECT_FILE	EVENT_WRITE	1523030841936110046
94ED0D0E-39B4-11E8-BF66-D9AA8AFF4A69	SUBJECT_PROCESS	96A9D4DA-39B4-11E8-BF66-D9AA8AFF4A69	SUBJECT_PROCESS	EVENT_FORK	1523030841936110046
96A9D4DA-39B4-11E8-BF66-D9AA8AFF4A69	SUBJECT_PROCESS	9D6CE3F1-AA37-D656-B7AA-BA6D46D61C69	FILE_OBJECT_FILE	EVENT_EXECUTE	1523030841936110046
96A9D4DA-39B4-11E8-BF66-D9AA8AFF4A69	SUBJECT_PROCESS	7A350F75-9945-425D-8599-15CEBD426F06	FILE_OBJECT_FILE	EVENT_EXECUTE	1523030841936110046
96A9D4DA-39B4-11E8-BF66-D9AA8AFF4A69	SUBJECT_PROCESS	51110606-D232-9652-B2D2-3A7242968F8A	FILE_OBJECT_FILE	EVENT_OPEN	1523030841936110046
96A9D4DA-39B4-11E8-BF66-D9AA8AFF4A69	SUBJECT_PROCESS	51110606-D232-9652-B2D2-3A7242968F8A	FILE_OBJECT_FILE	EVENT_READ	1523030841936110046
96A9D4DA-39B4-11E8-BF66-D9AA8AFF4A69	SUBJECT_PROCESS	51110606-D232-9652-B2D2-3A7242968F8A	FILE_OBJECT_FILE	EVENT_CLOSE	1523030841936110046
96A9D4DA-39B4-11E8-BF66-D9AA8AFF4A69	SUBJECT_PROCESS	8A44F292-648B-7854-8B64-00F954785A79	FILE_OBJECT_FILE	EVENT_OPEN	1523030841936110046
96A9D4DA-39B4-11E8-BF66-D9AA8AFF4A69	SUBJECT_PROCESS	8A44F292-648B-7854-8B64-00F954785A79	FILE_OBJECT_FILE	EVENT_READ	1523030841936110046
96A9D4DA-39B4-11E8-BF66-D9AA8AFF4A69	SUBJECT_PROCESS	8A44F292-648B-7854-8B64-00F954785A79	FILE_OBJECT_FILE	EVENT_READ	1523030841936110046
96A9D4DA-39B4-11E8-BF66-D9AA8AFF4A69	SUBJECT_PROCESS	8A44F292-648B-7854-8B64-00F954785A79	FILE_OBJECT_FILE	EVENT_CLOSE	1523030841936110046
96A9D4DA-39B4-11E8-BF66-D9AA8AFF4A69	SUBJECT_PROCESS	7A1B4973-09E5-AA50-A509-1753C0AA87A1	FILE_OBJECT_FILE	EVENT_OPEN	1523030841936110046
96A9D4DA-39B4-11E8-BF66-D9AA8AFF4A69	SUBJECT_PROCESS	7A1B4973-09E5-AA50-A509-1753C0AA87A1	FILE_OBJECT_FILE	EVENT_MMAP	1523030841936110046
96A9D4DA-39B4-11E8-BF66-D9AA8AFF4A69	SUBJECT_PROCESS	7A1B4973-09E5-AA50-A509-1753C0AA87A1	FILE_OBJECT_FILE	EVENT_MMAP	1523030841936110046
96A9D4DA-39B4-11E8-BF66-D9AA8AFF4A69	SUBJECT_PROCESS	7A1B4973-09E5-AA50-A509-1753C0AA87A1	FILE_OBJECT_FILE	EVENT_MMAP	1523030841936110046
96A9D4DA-39B4-11E8-BF66-D9AA8AFF4A69	SUBJECT_PROCESS	7A1B4973-09E5-AA50-A509-1753C0AA87A1	FILE_OBJECT_FILE	EVENT_MMAP	1523030841936110046
96A9D4DA-39B4-11E8-BF66-D9AA8AFF4A69	SUBJECT_PROCESS	7A1B4973-09E5-AA50-A509-1753C0AA87A1	FILE_OBJECT_FILE	EVENT_MMAP	1523030841936110046
96A9D4DA-39B4-11E8-BF66-D9AA8AFF4A69	SUBJECT_PROCESS	7A1B4973-09E5-AA50-A509-1753C0AA87A1	FILE_OBJECT_FILE	EVENT_MMAP	1523030841936110046
96A9D4DA-39B4-11E8-BF66-D9AA8AFF4A69	SUBJECT_PROCESS	7A1B4973-09E5-AA50-A509-1753C0AA87A1	FILE_OBJECT_FILE	EVENT_CLOSE	1523030841946109686
96A9D4DA-39B4-11E8-BF66-D9AA8AFF4A69	SUBJECT_PROCESS	D57B2A07-B373-B75A-B3B3-93790AB76535	FILE_OBJECT_FILE	EVENT_OPEN	1523030841946109686
96A9D4DA-39B4-11E8-BF66-D9AA8AFF4A69	SUBJECT_PROCESS	D57B2A07-B373-B75A-B3B3-93790AB76535	FILE_OBJECT_FILE	EVENT_MMAP	1523030841946109686
96A9D4DA-39B4-11E8-BF66-D9AA8AFF4A69	SUBJECT_PROCESS	D57B2A07-B373-B75A-B3B3-93790AB76535	FILE_OBJECT_FILE	EVENT_MMAP	1523030841946109686
96A9D4DA-39B4-11E8-BF66-D9AA8AFF4A69	SUBJECT_PROCESS	D57B2A07-B373-B75A-B3B3-93790AB76535	FILE_OBJECT_FILE	EVENT_MMAP	1523030841946109686
96A9D4DA-39B4-11E8-BF66-D9AA8AFF4A69	SUBJECT_PROCESS	D57B2A07-B373-B75A-B3B3-93790AB76535	FILE_OBJECT_FILE	EVENT_MMAP	1523030841946109686
96A9D4DA-39B4-11E8-BF66-D9AA8AFF4A69	SUBJECT_PROCESS	D57B2A07-B373-B75A-B3B3-93790AB76535	FILE_OBJECT_FILE	EVENT_MMAP	1523030841946109686
96A9D4DA-39B4-11E8-BF66-D9AA8AFF4A69	SUBJECT_PROCESS	D57B2A07-B373-B75A-B3B3-93790AB76535	FILE_OBJECT_FILE	EVENT_MMAP	1523030841946109686
96A9D4DA-39B4-11E8-BF66-D9AA8AFF4A69	SUBJECT_PROCESS	D57B2A07-B373-B75A-B3B3-93790AB76535	FILE_OBJECT_FILE	EVENT_CLOSE	1523030841946109686
96A9D4DA-39B4-11E8-BF66-D9AA8AFF4A69	SUBJECT_PROCESS	718F288D-A702-1B5D-82A7-80807D1BB326	FILE_OBJECT_FILE	EVENT_OPEN	1523030841946109686
96A9D4DA-39B4-11E8-BF66-D9AA8AFF4A69	SUBJECT_PROCESS	718F288D-A702-1B5D-82A7-80807D1BB326	FILE_OBJECT_FILE	EVENT_MMAP	1523030841946109686
96A9D4DA-39B4-11E8-BF66-D9AA8AFF4A69	SUBJECT_PROCESS	718F288D-A702-1B5D-82A7-80807D1BB326	FILE_OBJECT_FILE	EVENT_MMAP	1523030841946109686
96A9D4DA-39B4-11E8-BF66-D9AA8AFF4A69	SUBJECT_PROCESS	718F288D-A702-1B5D-82A7-80807D1BB326	FILE_OBJECT_FILE	EVENT_MMAP	1523030841946109686
96A9D4DA-39B4-11E8-BF66-D9AA8AFF4A69	SUBJECT_PROCESS	718F288D-A702-1B5D-82A7-80807D1BB326	FILE_OBJECT_FILE	EVENT_MMAP	1523030841946109686
96A9D4DA-39B4-11E8-BF66-D9AA8AFF4A69	SUBJECT_PROCESS	718F288D-A702-1B5D-82A7-80807D1BB326	FILE_OBJECT_FILE	EVENT_MMAP	1523030841946109686
96A9D4DA-39B4-11E8-BF66-D9AA8AFF4A69	SUBJECT_PROCESS	718F288D-A702-1B5D-82A7-80807D1BB326	FILE_OBJECT_FILE	EVENT_MMAP	1523030841946109686
96A9D4DA-39B4-11E8-BF66-D9AA8AFF4A69	SUBJECT_PROCESS	718F288D-A702-1B5D-82A7-80807D1BB326	FILE_OBJECT_FILE	EVENT_CLOSE	1523030841946109686
96A9D4DA-39B4-11E8-BF66-D9AA8AFF4A69	SUBJECT_PROCESS	D3F11983-FFD7-8A58-97FF-D38E388A1453	FILE_OBJECT_FILE	EVENT_OPEN	1523030841946109686
96A9D4DA-39B4-11E8-BF66-D9AA8AFF4A69	SUBJECT_PROCESS	D3F11983-FFD7-8A58-97FF-D38E388A1453	FILE_OBJECT_FILE	EVENT_MMAP	1523030841946109686
96A9D4DA-39B4-11E8-BF66-D9AA8AFF4A69	SUBJECT_PROCESS	D3F11983-FFD7-8A58-97FF-D38E388A1453	FILE_OBJECT_FILE	EVENT_MMAP	1523030841946109686
96A9D4DA-39B4-11E8-BF66-D9AA8AFF4A69	SUBJECT_PROCESS	D3F11983-FFD7-8A58-97FF-D38E388A1453	FILE_OBJECT_FILE	EVENT_MMAP	1523030841946109686
96A9D4DA-39B4-11E8-BF66-D9AA8AFF4A69	SUBJECT_PROCESS	D3F11983-FFD7-8A58-97FF-D38E388A1453	FILE_OBJECT_FILE	EVENT_MMAP	1523030841946109686
96A9D4DA-39B4-11E8-BF66-D9AA8AFF4A69	SUBJECT_PROCESS	D3F11983-FFD7-8A58-97FF-D38E388A1453	FILE_OBJECT_FILE	EVENT_MMAP	1523030841946109686
96A9D4DA-39B4-11E8-BF66-D9AA8AFF4A69	SUBJECT_PROCESS	D3F11983-FFD7-8A58-97FF-D38E388A1453	FILE_OBJECT_FILE	EVENT_MMAP	1523030841946109686
96A9D4DA-39B4-11E8-BF66-D9AA8AFF4A69	SUBJECT_PROCESS	D3F11983-FFD7-8A58-97FF-D38E388A1453	FILE_OBJECT_FILE	EVENT_CLOSE	1523030841946109686
96A9D4DA-39B4-11E8-BF66-D9AA8AFF4A69	SUBJECT_PROCESS	76A739B1-A13E-FD50-BEA1-B218A0FD0400	FILE_OBJECT_FILE	EVENT_OPEN	1523030841946109686
96A9D4DA-39B4-11E8-BF66-D9AA8AFF4A69	SUBJECT_PROCESS	76A739B1-A13E-FD50-BEA1-B218A0FD0400	FILE_OBJECT_FILE	EVENT_MMAP	1523030841946109686
96A9D4DA-39B4-11E8-BF66-D9AA8AFF4A69	SUBJECT_PROCESS	76A739B1-A13E-FD50-BEA1-B218A0FD0400	FILE_OBJECT_FILE	EVENT_MMAP	1523030841946109686
96A9D4DA-39B4-11E8-BF66-D9AA8AFF4A69	SUBJECT_PROCESS	76A739B1-A13E-FD50-BEA1-B218A0FD0400	FILE_OBJECT_FILE	EVENT_MMAP	1523030841946109686
96A9D4DA-39B4-11E8-BF66-D9AA8AFF4A69	SUBJECT_PROCESS	76A739B1-A13E-FD50-BEA1-B218A0FD0400	FILE_OBJECT_FILE	EVENT_MMAP	1523030841946109686
96A9D4DA-39B4-11E8-BF66-D9AA8AFF4A69	SUBJECT_PROCESS	76A739B1-A13E-FD50-BEA1-B218A0FD0400	FILE_OBJECT_FILE	EVENT_MMAP	1523030841946109686
96A9D4DA-39B4-11E8-BF66-D9AA8AFF4A69	SUBJECT_PROCESS	76A739B1-A13E-FD50-BEA1-B218A0FD0400	FILE_OBJECT_FILE	EVENT_MMAP	1523030841946109686
96A9D4DA-39B4-11E8-BF66-D9AA8AFF4A69	SUBJECT_PROCESS	76A739B1-A13E-FD50-BEA1-B218A0FD0400	FILE_OBJECT_FILE	EVENT_CLOSE	1523030841956111257
96A9D4DA-39B4-11E8-BF66-D9AA8AFF4A69	SUBJECT_PROCESS	F29977F6-07A2-935B-A207-C4871B93FE07	FILE_OBJECT_FILE	EVENT_OPEN	1523030841956111257
96A9D4DA-39B4-11E8-BF66-D9AA8AFF4A69	SUBJECT_PROCESS	F29977F6-07A2-935B-A207-C4871B93FE07	FILE_OBJECT_FILE	EVENT_MMAP	1523030841956111257
96A9D4DA-39B4-11E8-BF66-D9AA8AFF4A69	SUBJECT_PROCESS	F29977F6-07A2-935B-A207-C4871B93FE07	FILE_OBJECT_FILE	EVENT_MMAP	1523030841956111257
96A9D4DA-39B4-11E8-BF66-D9AA8AFF4A69	SUBJECT_PROCESS	F29977F6-07A2-935B-A207-C4871B93FE07	FILE_OBJECT_FILE	EVENT_MMAP	1523030841956111257
96A9D4DA-39B4-11E8-BF66-D9AA8AFF4A69	SUBJECT_PROCESS	F29977F6-07A2-935B-A207-C4871B93FE07	FILE_OBJECT_FILE	EVENT_MMAP	1523030841956111257
96A9D4DA-39B4-11E8-BF66-D9AA8AFF4A69	SUBJECT_PROCESS	F29977F6-07A2-935B-A207-C4871B93FE07	FILE_OBJECT_FILE	EVENT_MMAP	1523030841956111257
96A9D4DA-39B4-11E8-BF66-D9AA8AFF4A69	SUBJECT_PROCESS	F29977F6-07A2-935B-A207-C4871B93FE07	FILE_OBJECT_FILE	EVENT_MMAP	1523030841956111257
96A9D4DA-39B4-11E8-BF66-D9AA8AFF4A69	SUBJECT_PROCESS	F29977F6-07A2-935B-A207-C4871B93FE07	FILE_OBJECT_FILE	EVENT_CLOSE	1523030841956111257
96A9D4DA-39B4-11E8-BF66-D9AA8AFF4A69	SUBJECT_PROCESS	F410BE96-4C0C-765E-8C4C-6F0E2E760020	FILE_OBJECT_FILE	EVENT_OPEN	1523030841956111257
96A9D4DA-39B4-11E8-BF66-D9AA8AFF4A69	SUBJECT_PROCESS	F410BE96-4C0C-765E-8C4C-6F0E2E760020	FILE_OBJECT_FILE	EVENT_MMAP	1523030841956111257
96A9D4DA-39B4-11E8-BF66-D9AA8AFF4A69	SUBJECT_PROCESS	F410BE96-4C0C-765E-8C4C-6F0E2E760020	FILE_OBJECT_FILE	EVENT_MMAP	1523030841956111257
96A9D4DA-39B4-11E8-BF66-D9AA8AFF4A69	SUBJECT_PROCESS	F410BE96-4C0C-765E-8C4C-6F0E2E760020	FILE_OBJECT_FILE	EVENT_CLOSE	1523030841956111257
96A9D4DA-39B4-11E8-BF66-D9AA8AFF4A69	SUBJECT_PROCESS	BCDBE64D-1703-005A-8317-44DD6A00589D	FILE_OBJECT_FILE	EVENT_OPEN	1523030841956111257
96A9D4DA-39B4-11E8-BF66-D9AA8AFF4A69	SUBJECT_PROCESS	BCDBE64D-1703-005A-8317-44DD6A00589D	FILE_OBJECT_FILE	EVENT_READ	1523030841956111257
96A9D4DA-39B4-11E8-BF66-D9AA8AFF4A69	SUBJECT_PROCESS	BCDBE64D-1703-005A-8317-44DD6A00589D	FILE_OBJECT_FILE	EVENT_READ	1523030841956111257
96A9D4DA-39B4-11E8-BF66-D9AA8AFF4A69	SUBJECT_PROCESS	BCDBE64D-1703-005A-8317-44DD6A00589D	FILE_OBJECT_FILE	EVENT_CLOSE	1523030841956111257
96A9D4DA-39B4-11E8-BF66-D9AA8AFF4A69	SUBJECT_PROCESS	C53609B6-A912-B65B-92A9-B89E0BB6C2E1	FILE_OBJECT_FILE	EVENT_OPEN	1523030841956111257
96A9D4DA-39B4-11E8-BF66-D9AA8AFF4A69	SUBJECT_PROCESS	C53609B6-A912-B65B-92A9-B89E0BB6C2E1	FILE_OBJECT_FILE	EVENT_READ	1523030841956111257
96A9D4DA-39B4-11E8-BF66-D9AA8AFF4A69	SUBJECT_PROCESS	C53609B6-A912-B65B-92A9-B89E0BB6C2E1	FILE_OBJECT_FILE	EVENT_READ	1523030841956111257
96A9D4DA-39B4-11E8-BF66-D9AA8AFF4A69	SUBJECT_PROCESS	C53609B6-A912-B65B-92A9-B89E0BB6C2E1	FILE_OBJECT_FILE	EVENT_READ	1523030841956111257
96A9D4DA-39B4-11E8-BF66-D9AA8AFF4A69	SUBJECT_PROCESS	C53609B6-A912-B65B-92A9-B89E0BB6C2E1	FILE_OBJECT_FILE	EVENT_READ	1523030841966115128
96A9D4DA-39B4-11E8-BF66-D9AA8AFF4A69	SUBJECT_PROCESS	C53609B6-A912-B65B-92A9-B89E0BB6C2E1	FILE_OBJECT_FILE	EVENT_READ	1523030841966115128
96A9D4DA-39B4-11E8-BF66-D9AA8AFF4A69	SUBJECT_PROCESS	C53609B6-A912-B65B-92A9-B89E0BB6C2E1	FILE_OBJECT_FILE	EVENT_READ	1523030841966115128
96A9D4DA-39B4-11E8-BF66-D9AA8AFF4A69	SUBJECT_PROCESS	C53609B6-A912-B65B-92A9-B89E0BB6C2E1	FILE_OBJECT_FILE	EVENT_READ	1523030841966115128
96A9D4DA-39B4-11E8-BF66-D9AA8AFF4A69	SUBJECT_PROCESS	C53609B6-A912-B65B-92A9-B89E0BB6C2E1	FILE_OBJECT_FILE	EVENT_READ	1523030841966115128
96A9D4DA-39B4-11E8-BF66-D9AA8AFF4A69	SUBJECT_PROCESS	C53609B6-A912-B65B-92A9-B89E0BB6C2E1	FILE_OBJECT_FILE	EVENT_READ	1523030841966115128
96A9D4DA-39B4-11E8-BF66-D9AA8AFF4A69	SUBJECT_PROCESS	1633500B-D34B-8058-8BD3-ABB7D880915E	FILE_OBJECT_FILE	EVENT_OPEN	1523030841966115128
96A9D4DA-39B4-11E8-BF66-D9AA8AFF4A69	SUBJECT_PROCESS	1633500B-D34B-8058-8BD3-ABB7D880915E	FILE_OBJECT_FILE	EVENT_OPEN	1523030841966115128
96A9D4DA-39B4-11E8-BF66-D9AA8AFF4A69	SUBJECT_PROCESS	D5D2F4F4-4EC5-6456-854E-5E2A46640650	FILE_OBJECT_FILE	EVENT_OPEN	1523030841966115128
96A9D4DA-39B4-11E8-BF66-D9AA8AFF4A69	SUBJECT_PROCESS	D5D2F4F4-4EC5-6456-854E-5E2A46640650	FILE_OBJECT_FILE	EVENT_READ	1523030841966115128
96A9D4DA-39B4-11E8-BF66-D9AA8AFF4A69	SUBJECT_PROCESS	D5D2F4F4-4EC5-6456-854E-5E2A46640650	FILE_OBJECT_FILE	EVENT_READ	1523030841966115128
96A9D4DA-39B4-11E8-BF66-D9AA8AFF4A69	SUBJECT_PROCESS	D5D2F4F4-4EC5-6456-854E-5E2A46640650	FILE_OBJECT_FILE	EVENT_READ	1523030841966115128
96A9D4DA-39B4-11E8-BF66-D9AA8AFF4A69	SUBJECT_PROCESS	D5D2F4F4-4EC5-6456-854E-5E2A46640650	FILE_OBJECT_FILE	EVENT_CLOSE	1523030841966115128
96A9D4DA-39B4-11E8-BF66-D9AA8AFF4A69	SUBJECT_PROCESS	AE441C70-DEC0-BD5F-80DE-3DE4DFBDF253	FILE_OBJECT_FILE	EVENT_OPEN	1523030841966115128
96A9D4DA-39B4-11E8-BF66-D9AA8AFF4A69	SUBJECT_PROCESS	AE441C70-DEC0-BD5F-80DE-3DE4DFBDF253	FILE_OBJECT_FILE	EVENT_READ	1523030841966115128
96A9D4DA-39B4-11E8-BF66-D9AA8AFF4A69	SUBJECT_PROCESS	AE441C70-DEC0-BD5F-80DE-3DE4DFBDF253	FILE_OBJECT_FILE	EVENT_CLOSE	1523030841966115128
96A9D4DA-39B4-11E8-BF66-D9AA8AFF4A69	SUBJECT_PROCESS	104A8C35-2200-3156-8022-4129E631EA52	FILE_OBJECT_FILE	EVENT_OPEN	1523030841966115128
96A9D4DA-39B4-11E8-BF66-D9AA8AFF4A69	SUBJECT_PROCESS	104A8C35-2200-3156-8022-4129E631EA52	FILE_OBJECT_FILE	EVENT_READ	1523030841966115128
96A9D4DA-39B4-11E8-BF66-D9AA8AFF4A69	SUBJECT_PROCESS	104A8C35-2200-3156-8022-4129E631EA52	FILE_OBJECT_FILE	EVENT_CLOSE	1523030841966115128
96A9D4DA-39B4-11E8-BF66-D9AA8AFF4A69	SUBJECT_PROCESS	C53609B6-A912-B65B-92A9-B89E0BB6C2E1	FILE_OBJECT_FILE	EVENT_CLOSE	1523030841966115128
96A9D4DA-39B4-11E8-BF66-D9AA8AFF4A69	SUBJECT_PROCESS	C53609B6-A912-B65B-92A9-B89E0BB6C2E1	FILE_OBJECT_FILE	EVENT_OPEN	1523030841966115128
96A9D4DA-39B4-11E8-BF66-D9AA8AFF4A69	SUBJECT_PROCESS	C53609B6-A912-B65B-92A9-B89E0BB6C2E1	FILE_OBJECT_FILE	EVENT_READ	1523030841966115128
96A9D4DA-39B4-11E8-BF66-D9AA8AFF4A69	SUBJECT_PROCESS	C53609B6-A912-B65B-92A9-B89E0BB6C2E1	FILE_OBJECT_FILE	EVENT_READ	1523030841966115128
96A9D4DA-39B4-11E8-BF66-D9AA8AFF4A69	SUBJECT_PROCESS	C53609B6-A912-B65B-92A9-B89E0BB6C2E1	FILE_OBJECT_FILE	EVENT_READ	1523030841966115128
96A9D4DA-39B4-11E8-BF66-D9AA8AFF4A69	SUBJECT_PROCESS	C53609B6-A912-B65B-92A9-B89E0BB6C2E1	FILE_OBJECT_FILE	EVENT_READ	1523030841976110759
96A9D4DA-39B4-11E8-BF66-D9AA8AFF4A69	SUBJECT_PROCESS	C53609B6-A912-B65B-92A9-B89E0BB6C2E1	FILE_OBJECT_FILE	EVENT_READ	1523030841976110759
96A9D4DA-39B4-11E8-BF66-D9AA8AFF4A69	SUBJECT_PROCESS	C53609B6-A912-B65B-92A9-B89E0BB6C2E1	FILE_OBJECT_FILE	EVENT_READ	1523030841976110759
96A9D4DA-39B4-11E8-BF66-D9AA8AFF4A69	SUBJECT_PROCESS	C53609B6-A912-B65B-92A9-B89E0BB6C2E1	FILE_OBJECT_FILE	EVENT_READ	1523030841976110759
96A9D4DA-39B4-11E8-BF66-D9AA8AFF4A69	SUBJECT_PROCESS	C53609B6-A912-B65B-92A9-B89E0BB6C2E1	FILE_OBJECT_FILE	EVENT_READ	1523030841976110759
96A9D4DA-39B4-11E8-BF66-D9AA8AFF4A69	SUBJECT_PROCESS	C53609B6-A912-B65B-92A9-B89E0BB6C2E1	FILE_OBJECT_FILE	EVENT_READ	1523030841976110759
96A9D4DA-39B4-11E8-BF66-D9AA8AFF4A69	SUBJECT_PROCESS	C53609B6-A912-B65B-92A9-B89E0BB6C2E1	FILE_OBJECT_FILE	EVENT_CLOSE	1523030841976110759
96A9D4DA-39B4-11E8-BF66-D9AA8AFF4A69	SUBJECT_PROCESS	C53609B6-A912-B65B-92A9-B89E0BB6C2E1	FILE_OBJECT_FILE	EVENT_OPEN	1523030841976110759
96A9D4DA-39B4-11E8-BF66-D9AA8AFF4A69	SUBJECT_PROCESS	C53609B6-A912-B65B-92A9-B89E0BB6C2E1	FILE_OBJECT_FILE	EVENT_READ	1523030841976110759
96A9D4DA-39B4-11E8-BF66-D9AA8AFF4A69	SUBJECT_PROCESS	C53609B6-A912-B65B-92A9-B89E0BB6C2E1	FILE_OBJECT_FILE	EVENT_READ	1523030841976110759
96A9D4DA-39B4-11E8-BF66-D9AA8AFF4A69	SUBJECT_PROCESS	C53609B6-A912-B65B-92A9-B89E0BB6C2E1	FILE_OBJECT_FILE	EVENT_READ	1523030841976110759
96A9D4DA-39B4-11E8-BF66-D9AA8AFF4A69	SUBJECT_PROCESS	C53609B6-A912-B65B-92A9-B89E0BB6C2E1	FILE_OBJECT_FILE	EVENT_READ	1523030841976110759
96A9D4DA-39B4-11E8-BF66-D9AA8AFF4A69	SUBJECT_PROCESS	C53609B6-A912-B65B-92A9-B89E0BB6C2E1	FILE_OBJECT_FILE	EVENT_READ	1523030841976110759
96A9D4DA-39B4-11E8-BF66-D9AA8AFF4A69	SUBJECT_PROCESS	C53609B6-A912-B65B-92A9-B89E0BB6C2E1	FILE_OBJECT_FILE	EVENT_READ	1523030841976110759
96A9D4DA-39B4-11E8-BF66-D9AA8AFF4A69	SUBJECT_PROCESS	C53609B6-A912-B65B-92A9-B89E0BB6C2E1	FILE_OBJECT_FILE	EVENT_READ	1523030841976110759
96A9D4DA-39B4-11E8-BF66-D9AA8AFF4A69	SUBJECT_PROCESS	C53609B6-A912-B65B-92A9-B89E0BB6C2E1	FILE_OBJECT_FILE	EVENT_READ	1523030841976110759
96A9D4DA-39B4-11E8-BF66-D9AA8AFF4A69	SUBJECT_PROCESS	C53609B6-A912-B65B-92A9-B89E0BB6C2E1	FILE_OBJECT_FILE	EVENT_READ	1523030841976110759
96A9D4DA-39B4-11E8-BF66-D9AA8AFF4A69	SUBJECT_PROCESS	C53609B6-A912-B65B-92A9-B89E0BB6C2E1	FILE_OBJECT_FILE	EVENT_CLOSE	1523030841976110759
96A9D4DA-39B4-11E8-BF66-D9AA8AFF4A69	SUBJECT_PROCESS	C53609B6-A912-B65B-92A9-B89E0BB6C2E1	FILE_OBJECT_FILE	EVENT_OPEN	1523030841976110759
96A9D4DA-39B4-11E8-BF66-D9AA8AFF4A69	SUBJECT_PROCESS	C53609B6-A912-B65B-92A9-B89E0BB6C2E1	FILE_OBJECT_FILE	EVENT_READ	1523030841976110759
96A9D4DA-39B4-11E8-BF66-D9AA8AFF4A69	SUBJECT_PROCESS	C53609B6-A912-B65B-92A9-B89E0BB6C2E1	FILE_OBJECT_FILE	EVENT_READ	1523030841976110759
96A9D4DA-39B4-11E8-BF66-D9AA8AFF4A69	SUBJECT_PROCESS	C53609B6-A912-B65B-92A9-B89E0BB6C2E1	FILE_OBJECT_FILE	EVENT_READ	1523030841976110759
96A9D4DA-39B4-11E8-BF66-D9AA8AFF4A69	SUBJECT_PROCESS	C53609B6-A912-B65B-92A9-B89E0BB6C2E1	FILE_OBJECT_FILE	EVENT_READ	1523030841976110759
96A9D4DA-39B4-11E8-BF66-D9AA8AFF4A69	SUBJECT_PROCESS	C53609B6-A912-B65B-92A9-B89E0BB6C2E1	FILE_OBJECT_FILE	EVENT_READ	1523030841976110759
96A9D4DA-39B4-11E8-BF66-D9AA8AFF4A69	SUBJECT_PROCESS	C53609B6-A912-B65B-92A9-B89E0BB6C2E1	FILE_OBJECT_FILE	EVENT_READ	1523030841976110759
96A9D4DA-39B4-11E8-BF66-D9AA8AFF4A69	SUBJECT_PROCESS	C53609B6-A912-B65B-92A9-B89E0BB6C2E1	FILE_OBJECT_FILE	EVENT_READ	1523030841976110759
96A9D4DA-39B4-11E8-BF66-D9AA8AFF4A69	SUBJECT_PROCESS	C53609B6-A912-B65B-92A9-B89E0BB6C2E1	FILE_OBJECT_FILE	EVENT_READ	1523030841976110759
96A9D4DA-39B4-11E8-BF66-D9AA8AFF4A69	SUBJECT_PROCESS	C53609B6-A912-B65B-92A9-B89E0BB6C2E1	FILE_OBJECT_FILE	EVENT_READ	1523030841976110759
96A9D4DA-39B4-11E8-BF66-D9AA8AFF4A69	SUBJECT_PROCESS	C53609B6-A912-B65B-92A9-B89E0BB6C2E1	FILE_OBJECT_FILE	EVENT_CLOSE	1523030841976110759
96A9D4DA-39B4-11E8-BF66-D9AA8AFF4A69	SUBJECT_PROCESS	C53609B6-A912-B65B-92A9-B89E0BB6C2E1	FILE_OBJECT_FILE	EVENT_OPEN	1523030841976110759
96A9D4DA-39B4-11E8-BF66-D9AA8AFF4A69	SUBJECT_PROCESS	C53609B6-A912-B65B-92A9-B89E0BB6C2E1	FILE_OBJECT_FILE	EVENT_READ	1523030841976110759
96A9D4DA-39B4-11E8-BF66-D9AA8AFF4A69	SUBJECT_PROCESS	C53609B6-A912-B65B-92A9-B89E0BB6C2E1	FILE_OBJECT_FILE	EVENT_READ	1523030841986111110
96A9D4DA-39B4-11E8-BF66-D9AA8AFF4A69	SUBJECT_PROCESS	C53609B6-A912-B65B-92A9-B89E0BB6C2E1	FILE_OBJECT_FILE	EVENT_READ	1523030841986111110
96A9D4DA-39B4-11E8-BF66-D9AA8AFF4A69	SUBJECT_PROCESS	C53609B6-A912-B65B-92A9-B89E0BB6C2E1	FILE_OBJECT_FILE	EVENT_READ	1523030841986111110
96A9D4DA-39B4-11E8-BF66-D9AA8AFF4A69	SUBJECT_PROCESS	C53609B6-A912-B65B-92A9-B89E0BB6C2E1	FILE_OBJECT_FILE	EVENT_READ	1523030841986111110
96A9D4DA-39B4-11E8-BF66-D9AA8AFF4A69	SUBJECT_PROCESS	C53609B6-A912-B65B-92A9-B89E0BB6C2E1	FILE_OBJECT_FILE	EVENT_READ	1523030841986111110
96A9D4DA-39B4-11E8-BF66-D9AA8AFF4A69	SUBJECT_PROCESS	C53609B6-A912-B65B-92A9-B89E0BB6C2E1	FILE_OBJECT_FILE	EVENT_READ	1523030841986111110
96A9D4DA-39B4-11E8-BF66-D9AA8AFF4A69	SUBJECT_PROCESS	C53609B6-A912-B65B-92A9-B89E0BB6C2E1	FILE_OBJECT_FILE	EVENT_READ	1523030841986111110
96A9D4DA-39B4-11E8-BF66-D9AA8AFF4A69	SUBJECT_PROCESS	C53609B6-A912-B65B-92A9-B89E0BB6C2E1	FILE_OBJECT_FILE	EVENT_READ	1523030841986111110
96A9D4DA-39B4-11E8-BF66-D9AA8AFF4A69	SUBJECT_PROCESS	C53609B6-A912-B65B-92A9-B89E0BB6C2E1	FILE_OBJECT_FILE	EVENT_CLOSE	1523030841986111110
96A9D4DA-39B4-11E8-BF66-D9AA8AFF4A69	SUBJECT_PROCESS	C53609B6-A912-B65B-92A9-B89E0BB6C2E1	FILE_OBJECT_FILE	EVENT_OPEN	1523030841986111110
96A9D4DA-39B4-11E8-BF66-D9AA8AFF4A69	SUBJECT_PROCESS	C53609B6-A912-B65B-92A9-B89E0BB6C2E1	FILE_OBJECT_FILE	EVENT_READ	1523030841986111110
96A9D4DA-39B4-11E8-BF66-D9AA8AFF4A69	SUBJECT_PROCESS	C53609B6-A912-B65B-92A9-B89E0BB6C2E1	FILE_OBJECT_FILE	EVENT_READ	1523030841986111110
96A9D4DA-39B4-11E8-BF66-D9AA8AFF4A69	SUBJECT_PROCESS	C53609B6-A912-B65B-92A9-B89E0BB6C2E1	FILE_OBJECT_FILE	EVENT_READ	1523030841986111110
96A9D4DA-39B4-11E8-BF66-D9AA8AFF4A69	SUBJECT_PROCESS	C53609B6-A912-B65B-92A9-B89E0BB6C2E1	FILE_OBJECT_FILE	EVENT_READ	1523030841986111110
96A9D4DA-39B4-11E8-BF66-D9AA8AFF4A69	SUBJECT_PROCESS	C53609B6-A912-B65B-92A9-B89E0BB6C2E1	FILE_OBJECT_FILE	EVENT_READ	1523030841986111110
96A9D4DA-39B4-11E8-BF66-D9AA8AFF4A69	SUBJECT_PROCESS	C53609B6-A912-B65B-92A9-B89E0BB6C2E1	FILE_OBJECT_FILE	EVENT_READ	1523030841986111110
96A9D4DA-39B4-11E8-BF66-D9AA8AFF4A69	SUBJECT_PROCESS	C53609B6-A912-B65B-92A9-B89E0BB6C2E1	FILE_OBJECT_FILE	EVENT_READ	1523030841986111110
96A9D4DA-39B4-11E8-BF66-D9AA8AFF4A69	SUBJECT_PROCESS	C53609B6-A912-B65B-92A9-B89E0BB6C2E1	FILE_OBJECT_FILE	EVENT_READ	1523030841986111110
96A9D4DA-39B4-11E8-BF66-D9AA8AFF4A69	SUBJECT_PROCESS	C53609B6-A912-B65B-92A9-B89E0BB6C2E1	FILE_OBJECT_FILE	EVENT_READ	1523030841986111110
96A9D4DA-39B4-11E8-BF66-D9AA8AFF4A69	SUBJECT_PROCESS	C53609B6-A912-B65B-92A9-B89E0BB6C2E1	FILE_OBJECT_FILE	EVENT_CLOSE	1523030841986111110
96A9D4DA-39B4-11E8-BF66-D9AA8AFF4A69	SUBJECT_PROCESS	C53609B6-A912-B65B-92A9-B89E0BB6C2E1	FILE_OBJECT_FILE	EVENT_OPEN	1523030841986111110
96A9D4DA-39B4-11E8-BF66-D9AA8AFF4A69	SUBJECT_PROCESS	C53609B6-A912-B65B-92A9-B89E0BB6C2E1	FILE_OBJECT_FILE	EVENT_READ	1523030841986111110
96A9D4DA-39B4-11E8-BF66-D9AA8AFF4A69	SUBJECT_PROCESS	C53609B6-A912-B65B-92A9-B89E0BB6C2E1	FILE_OBJECT_FILE	EVENT_READ	1523030841986111110
96A9D4DA-39B4-11E8-BF66-D9AA8AFF4A69	SUBJECT_PROCESS	C53609B6-A912-B65B-92A9-B89E0BB6C2E1	FILE_OBJECT_FILE	EVENT_READ	1523030841986111110
96A9D4DA-39B4-11E8-BF66-D9AA8AFF4A69	SUBJECT_PROCESS	C53609B6-A912-B65B-92A9-B89E0BB6C2E1	FILE_OBJECT_FILE	EVENT_READ	1523030841986111110
96A9D4DA-39B4-11E8-BF66-D9AA8AFF4A69	SUBJECT_PROCESS	C53609B6-A912-B65B-92A9-B89E0BB6C2E1	FILE_OBJECT_FILE	EVENT_READ	1523030841986111110
96A9D4DA-39B4-11E8-BF66-D9AA8AFF4A69	SUBJECT_PROCESS	C53609B6-A912-B65B-92A9-B89E0BB6C2E1	FILE_OBJECT_FILE	EVENT_READ	1523030841986111110
96A9D4DA-39B4-11E8-BF66-D9AA8AFF4A69	SUBJECT_PROCESS	C53609B6-A912-B65B-92A9-B89E0BB6C2E1	FILE_OBJECT_FILE	EVENT_READ	1523030841986111110
96A9D4DA-39B4-11E8-BF66-D9AA8AFF4A69	SUBJECT_PROCESS	C53609B6-A912-B65B-92A9-B89E0BB6C2E1	FILE_OBJECT_FILE	EVENT_READ	1523030841986111110
96A9D4DA-39B4-11E8-BF66-D9AA8AFF4A69	SUBJECT_PROCESS	C53609B6-A912-B65B-92A9-B89E0BB6C2E1	FILE_OBJECT_FILE	EVENT_READ	1523030841986111110
96A9D4DA-39B4-11E8-BF66-D9AA8AFF4A69	SUBJECT_PROCESS	C53609B6-A912-B65B-92A9-B89E0BB6C2E1	FILE_OBJECT_FILE	EVENT_CLOSE	1523030841986111110
96A9D4DA-39B4-11E8-BF66-D9AA8AFF4A69	SUBJECT_PROCESS	C53609B6-A912-B65B-92A9-B89E0BB6C2E1	FILE_OBJECT_FILE	EVENT_OPEN	1523030841996110060
96A9D4DA-39B4-11E8-BF66-D9AA8AFF4A69	SUBJECT_PROCESS	C53609B6-A912-B65B-92A9-B89E0BB6C2E1	FILE_OBJECT_FILE	EVENT_READ	1523030841996110060
96A9D4DA-39B4-11E8-BF66-D9AA8AFF4A69	SUBJECT_PROCESS	C53609B6-A912-B65B-92A9-B89E0BB6C2E1	FILE_OBJECT_FILE	EVENT_READ	1523030841996110060
96A9D4DA-39B4-11E8-BF66-D9AA8AFF4A69	SUBJECT_PROCESS	C53609B6-A912-B65B-92A9-B89E0BB6C2E1	FILE_OBJECT_FILE	EVENT_READ	1523030841996110060
96A9D4DA-39B4-11E8-BF66-D9AA8AFF4A69	SUBJECT_PROCESS	C53609B6-A912-B65B-92A9-B89E0BB6C2E1	FILE_OBJECT_FILE	EVENT_READ	1523030841996110060
96A9D4DA-39B4-11E8-BF66-D9AA8AFF4A69	SUBJECT_PROCESS	C53609B6-A912-B65B-92A9-B89E0BB6C2E1	FILE_OBJECT_FILE	EVENT_READ	1523030841996110060
96A9D4DA-39B4-11E8-BF66-D9AA8AFF4A69	SUBJECT_PROCESS	C53609B6-A912-B65B-92A9-B89E0BB6C2E1	FILE_OBJECT_FILE	EVENT_READ	1523030841996110060
96A9D4DA-39B4-11E8-BF66-D9AA8AFF4A69	SUBJECT_PROCESS	C53609B6-A912-B65B-92A9-B89E0BB6C2E1	FILE_OBJECT_FILE	EVENT_READ	1523030841996110060
96A9D4DA-39B4-11E8-BF66-D9AA8AFF4A69	SUBJECT_PROCESS	C53609B6-A912-B65B-92A9-B89E0BB6C2E1	FILE_OBJECT_FILE	EVENT_READ	1523030841996110060
96A9D4DA-39B4-11E8-BF66-D9AA8AFF4A69	SUBJECT_PROCESS	C53609B6-A912-B65B-92A9-B89E0BB6C2E1	FILE_OBJECT_FILE	EVENT_READ	1523030841996110060
96A9D4DA-39B4-11E8-BF66-D9AA8AFF4A69	SUBJECT_PROCESS	C53609B6-A912-B65B-92A9-B89E0BB6C2E1	FILE_OBJECT_FILE	EVENT_CLOSE	1523030841996110060
96A9D4DA-39B4-11E8-BF66-D9AA8AFF4A69	SUBJECT_PROCESS	17797A5B-A3BC-8450-BCA3-FD703084DDDB	FILE_OBJECT_FILE	EVENT_WRITE	1523030841996110060
96A9D4DA-39B4-11E8-BF66-D9AA8AFF4A69	SUBJECT_PROCESS	C53609B6-A912-B65B-92A9-B89E0BB6C2E1	FILE_OBJECT_FILE	EVENT_OPEN	1523030841996110060
96A9D4DA-39B4-11E8-BF66-D9AA8AFF4A69	SUBJECT_PROCESS	C53609B6-A912-B65B-92A9-B89E0BB6C2E1	FILE_OBJECT_FILE	EVENT_READ	1523030841996110060
96A9D4DA-39B4-11E8-BF66-D9AA8AFF4A69	SUBJECT_PROCESS	C53609B6-A912-B65B-92A9-B89E0BB6C2E1	FILE_OBJECT_FILE	EVENT_READ	1523030841996110060
96A9D4DA-39B4-11E8-BF66-D9AA8AFF4A69	SUBJECT_PROCESS	C53609B6-A912-B65B-92A9-B89E0BB6C2E1	FILE_OBJECT_FILE	EVENT_READ	1523030841996110060
96A9D4DA-39B4-11E8-BF66-D9AA8AFF4A69	SUBJECT_PROCESS	C53609B6-A912-B65B-92A9-B89E0BB6C2E1	FILE_OBJECT_FILE	EVENT_READ	1523030841996110060
96A9D4DA-39B4-11E8-BF66-D9AA8AFF4A69	SUBJECT_PROCESS	C53609B6-A912-B65B-92A9-B89E0BB6C2E1	FILE_OBJECT_FILE	EVENT_READ	1523030841996110060
96A9D4DA-39B4-11E8-BF66-D9AA8AFF4A69	SUBJECT_PROCESS	C53609B6-A912-B65B-92A9-B89E0BB6C2E1	FILE_OBJECT_FILE	EVENT_READ	1523030841996110060
96A9D4DA-39B4-11E8-BF66-D9AA8AFF4A69	SUBJECT_PROCESS	C53609B6-A912-B65B-92A9-B89E0BB6C2E1	FILE_OBJECT_FILE	EVENT_READ	1523030841996110060
96A9D4DA-39B4-11E8-BF66-D9AA8AFF4A69	SUBJECT_PROCESS	C53609B6-A912-B65B-92A9-B89E0BB6C2E1	FILE_OBJECT_FILE	EVENT_READ	1523030841996110060
96A9D4DA-39B4-11E8-BF66-D9AA8AFF4A69	SUBJECT_PROCESS	C53609B6-A912-B65B-92A9-B89E0BB6C2E1	FILE_OBJECT_FILE	EVENT_READ	1523030841996110060
96A9D4DA-39B4-11E8-BF66-D9AA8AFF4A69	SUBJECT_PROCESS	C53609B6-A912-B65B-92A9-B89E0BB6C2E1	FILE_OBJECT_FILE	EVENT_CLOSE	1523030841996110060
96A9D4DA-39B4-11E8-BF66-D9AA8AFF4A69	SUBJECT_PROCESS	C53609B6-A912-B65B-92A9-B89E0BB6C2E1	FILE_OBJECT_FILE	EVENT_OPEN	1523030841996110060
96A9D4DA-39B4-11E8-BF66-D9AA8AFF4A69	SUBJECT_PROCESS	C53609B6-A912-B65B-92A9-B89E0BB6C2E1	FILE_OBJECT_FILE	EVENT_READ	1523030841996110060
96A9D4DA-39B4-11E8-BF66-D9AA8AFF4A69	SUBJECT_PROCESS	C53609B6-A912-B65B-92A9-B89E0BB6C2E1	FILE_OBJECT_FILE	EVENT_READ	1523030841996110060
96A9D4DA-39B4-11E8-BF66-D9AA8AFF4A69	SUBJECT_PROCESS	C53609B6-A912-B65B-92A9-B89E0BB6C2E1	FILE_OBJECT_FILE	EVENT_READ	1523030841996110060
96A9D4DA-39B4-11E8-BF66-D9AA8AFF4A69	SUBJECT_PROCESS	C53609B6-A912-B65B-92A9-B89E0BB6C2E1	FILE_OBJECT_FILE	EVENT_READ	1523030841996110060
96A9D4DA-39B4-11E8-BF66-D9AA8AFF4A69	SUBJECT_PROCESS	C53609B6-A912-B65B-92A9-B89E0BB6C2E1	FILE_OBJECT_FILE	EVENT_READ	1523030841996110060
96A9D4DA-39B4-11E8-BF66-D9AA8AFF4A69	SUBJECT_PROCESS	C53609B6-A912-B65B-92A9-B89E0BB6C2E1	FILE_OBJECT_FILE	EVENT_READ	1523030841996110060
96A9D4DA-39B4-11E8-BF66-D9AA8AFF4A69	SUBJECT_PROCESS	C53609B6-A912-B65B-92A9-B89E0BB6C2E1	FILE_OBJECT_FILE	EVENT_READ	1523030842006111151
96A9D4DA-39B4-11E8-BF66-D9AA8AFF4A69	SUBJECT_PROCESS	C53609B6-A912-B65B-92A9-B89E0BB6C2E1	FILE_OBJECT_FILE	EVENT_READ	1523030842006111151
96A9D4DA-39B4-11E8-BF66-D9AA8AFF4A69	SUBJECT_PROCESS	C53609B6-A912-B65B-92A9-B89E0BB6C2E1	FILE_OBJECT_FILE	EVENT_READ	1523030842006111151
96A9D4DA-39B4-11E8-BF66-D9AA8AFF4A69	SUBJECT_PROCESS	C53609B6-A912-B65B-92A9-B89E0BB6C2E1	FILE_OBJECT_FILE	EVENT_CLOSE	1523030842006111151
96A9D4DA-39B4-11E8-BF66-D9AA8AFF4A69	SUBJECT_PROCESS	17797A5B-A3BC-8450-BCA3-FD703084DDDB	FILE_OBJECT_FILE	EVENT_WRITE	1523030842006111151
96A9D4DA-39B4-11E8-BF66-D9AA8AFF4A69	SUBJECT_PROCESS	17797A5B-A3BC-8450-BCA3-FD703084DDDB	FILE_OBJECT_FILE	EVENT_WRITE	1523030842006111151
72FB0406-3678-11E8-BF66-D9AA8AFF4A69	SUBJECT_PROCESS	9695A38F-39B4-11E8-BF66-D9AA8AFF4A69	FILE_OBJECT_UNIX_SOCKET	EVENT_CLOSE	1523030842806110535
72FB0406-3678-11E8-BF66-D9AA8AFF4A69	SUBJECT_PROCESS	9695A3F6-39B4-11E8-BF66-D9AA8AFF4A69	FILE_OBJECT_UNIX_SOCKET	EVENT_CLOSE	1523030842806110535
72FB0406-3678-11E8-BF66-D9AA8AFF4A69	SUBJECT_PROCESS	972E3AC1-39B4-11E8-BF66-D9AA8AFF4A69	FILE_OBJECT_UNIX_SOCKET	EVENT_CREATE_OBJECT	1523030842806110535
72FB0406-3678-11E8-BF66-D9AA8AFF4A69	SUBJECT_PROCESS	972E3B29-39B4-11E8-BF66-D9AA8AFF4A69	FILE_OBJECT_UNIX_SOCKET	EVENT_CREATE_OBJECT	1523030842806110535
72FB0406-3678-11E8-BF66-D9AA8AFF4A69	SUBJECT_PROCESS	972E3AC1-39B4-11E8-BF66-D9AA8AFF4A69	FILE_OBJECT_UNIX_SOCKET	EVENT_CLOSE	1523030843816111635
72FB0406-3678-11E8-BF66-D9AA8AFF4A69	SUBJECT_PROCESS	972E3B29-39B4-11E8-BF66-D9AA8AFF4A69	FILE_OBJECT_UNIX_SOCKET	EVENT_CLOSE	1523030843816111635
72FB0406-3678-11E8-BF66-D9AA8AFF4A69	SUBJECT_PROCESS	97C85D0D-39B4-11E8-BF66-D9AA8AFF4A69	FILE_OBJECT_UNIX_SOCKET	EVENT_CREATE_OBJECT	1523030843816111635
72FB0406-3678-11E8-BF66-D9AA8AFF4A69	SUBJECT_PROCESS	97C85D76-39B4-11E8-BF66-D9AA8AFF4A69	FILE_OBJECT_UNIX_SOCKET	EVENT_CREATE_OBJECT	1523030843816111635
96A9D4DA-39B4-11E8-BF66-D9AA8AFF4A69	SUBJECT_PROCESS	17797A5B-A3BC-8450-BCA3-FD703084DDDB	FILE_OBJECT_FILE	EVENT_READ	1523030843916109923
96A9D4DA-39B4-11E8-BF66-D9AA8AFF4A69	SUBJECT_PROCESS	17797A5B-A3BC-8450-BCA3-FD703084DDDB	FILE_OBJECT_FILE	EVENT_WRITE	1523030843916109923
72FB0406-3678-11E8-BF66-D9AA8AFF4A69	SUBJECT_PROCESS	97C85D0D-39B4-11E8-BF66-D9AA8AFF4A69	FILE_OBJECT_UNIX_SOCKET	EVENT_CLOSE	1523030844806109734
72FB0406-3678-11E8-BF66-D9AA8AFF4A69	SUBJECT_PROCESS	97C85D76-39B4-11E8-BF66-D9AA8AFF4A69	FILE_OBJECT_UNIX_SOCKET	EVENT_CLOSE	1523030844806109734
72FB0406-3678-11E8-BF66-D9AA8AFF4A69	SUBJECT_PROCESS	985F7FAB-39B4-11E8-BF66-D9AA8AFF4A69	FILE_OBJECT_UNIX_SOCKET	EVENT_CREATE_OBJECT	1523030844806109734
72FB0406-3678-11E8-BF66-D9AA8AFF4A69	SUBJECT_PROCESS	985F8052-39B4-11E8-BF66-D9AA8AFF4A69	FILE_OBJECT_UNIX_SOCKET	EVENT_CREATE_OBJECT	1523030844806109734
72FB0406-3678-11E8-BF66-D9AA8AFF4A69	SUBJECT_PROCESS	985F7FAB-39B4-11E8-BF66-D9AA8AFF4A69	FILE_OBJECT_UNIX_SOCKET	EVENT_CLOSE	1523030845816108464
72FB0406-3678-11E8-BF66-D9AA8AFF4A69	SUBJECT_PROCESS	985F8052-39B4-11E8-BF66-D9AA8AFF4A69	FILE_OBJECT_UNIX_SOCKET	EVENT_CLOSE	1523030845816108464
72FB0406-3678-11E8-BF66-D9AA8AFF4A69	SUBJECT_PROCESS	98F98E4A-39B4-11E8-BF66-D9AA8AFF4A69	FILE_OBJECT_UNIX_SOCKET	EVENT_CREATE_OBJECT	1523030845816108464
72FB0406-3678-11E8-BF66-D9AA8AFF4A69	SUBJECT_PROCESS	98F98EB1-39B4-11E8-BF66-D9AA8AFF4A69	FILE_OBJECT_UNIX_SOCKET	EVENT_CREATE_OBJECT	1523030845816108464
72FB0406-3678-11E8-BF66-D9AA8AFF4A69	SUBJECT_PROCESS	98F98E4A-39B4-11E8-BF66-D9AA8AFF4A69	FILE_OBJECT_UNIX_SOCKET	EVENT_CLOSE	1523030846806112683
72FB0406-3678-11E8-BF66-D9AA8AFF4A69	SUBJECT_PROCESS	98F98EB1-39B4-11E8-BF66-D9AA8AFF4A69	FILE_OBJECT_UNIX_SOCKET	EVENT_CLOSE	1523030846806112683
72FB0406-3678-11E8-BF66-D9AA8AFF4A69	SUBJECT_PROCESS	9990945F-39B4-11E8-BF66-D9AA8AFF4A69	FILE_OBJECT_UNIX_SOCKET	EVENT_CREATE_OBJECT	1523030846806112683
72FB0406-3678-11E8-BF66-D9AA8AFF4A69	SUBJECT_PROCESS	999094CA-39B4-11E8-BF66-D9AA8AFF4A69	FILE_OBJECT_UNIX_SOCKET	EVENT_CREATE_OBJECT	1523030846806112683
96A9D4DA-39B4-11E8-BF66-D9AA8AFF4A69	SUBJECT_PROCESS	17797A5B-A3BC-8450-BCA3-FD703084DDDB	FILE_OBJECT_FILE	EVENT_READ	1523030847606109326
96A9D4DA-39B4-11E8-BF66-D9AA8AFF4A69	SUBJECT_PROCESS	17797A5B-A3BC-8450-BCA3-FD703084DDDB	FILE_OBJECT_FILE	EVENT_WRITE	1523030847606109326
72FB0406-3678-11E8-BF66-D9AA8AFF4A69	SUBJECT_PROCESS	9990945F-39B4-11E8-BF66-D9AA8AFF4A69	FILE_OBJECT_UNIX_SOCKET	EVENT_CLOSE	1523030847806109042
72FB0406-3678-11E8-BF66-D9AA8AFF4A69	SUBJECT_PROCESS	999094CA-39B4-11E8-BF66-D9AA8AFF4A69	FILE_OBJECT_UNIX_SOCKET	EVENT_CLOSE	1523030847806109042
72FB0406-3678-11E8-BF66-D9AA8AFF4A69	SUBJECT_PROCESS	9A291236-39B4-11E8-BF66-D9AA8AFF4A69	FILE_OBJECT_UNIX_SOCKET	EVENT_CREATE_OBJECT	1523030847806109042
72FB0406-3678-11E8-BF66-D9AA8AFF4A69	SUBJECT_PROCESS	9A29129C-39B4-11E8-BF66-D9AA8AFF4A69	FILE_OBJECT_UNIX_SOCKET	EVENT_CREATE_OBJECT	1523030847806109042
96A9D4DA-39B4-11E8-BF66-D9AA8AFF4A69	SUBJECT_PROCESS	17797A5B-A3BC-8450-BCA3-FD703084DDDB	FILE_OBJECT_FILE	EVENT_READ	1523030848316108113
96A9D4DA-39B4-11E8-BF66-D9AA8AFF4A69	SUBJECT_PROCESS	17797A5B-A3BC-8450-BCA3-FD703084DDDB	FILE_OBJECT_FILE	EVENT_WRITE	1523030848316108113
52C2356B-39B4-11E8-BF66-D9AA8AFF4A69	SUBJECT_PROCESS	52C215DE-39B4-11E8-BF66-D9AA8AFF4A69	NetFlowObject	EVENT_WRITE	1523030848356111576
52C2356B-39B4-11E8-BF66-D9AA8AFF4A69	SUBJECT_PROCESS	52C215DE-39B4-11E8-BF66-D9AA8AFF4A69	NetFlowObject	EVENT_READ	1523030848356111576
52C2356B-39B4-11E8-BF66-D9AA8AFF4A69	SUBJECT_PROCESS	52C215DE-39B4-11E8-BF66-D9AA8AFF4A69	NetFlowObject	EVENT_WRITE	1523030848356111576
52C2356B-39B4-11E8-BF66-D9AA8AFF4A69	SUBJECT_PROCESS	52C215DE-39B4-11E8-BF66-D9AA8AFF4A69	NetFlowObject	EVENT_READ	1523030848356111576
52C2356B-39B4-11E8-BF66-D9AA8AFF4A69	SUBJECT_PROCESS	52C215DE-39B4-11E8-BF66-D9AA8AFF4A69	NetFlowObject	EVENT_WRITE	1523030848356111576
52C2356B-39B4-11E8-BF66-D9AA8AFF4A69	SUBJECT_PROCESS	52C215DE-39B4-11E8-BF66-D9AA8AFF4A69	NetFlowObject	EVENT_READ	1523030848356111576
52C2356B-39B4-11E8-BF66-D9AA8AFF4A69	SUBJECT_PROCESS	52C215DE-39B4-11E8-BF66-D9AA8AFF4A69	NetFlowObject	EVENT_WRITE	1523030848366125817
52C2356B-39B4-11E8-BF66-D9AA8AFF4A69	SUBJECT_PROCESS	52C215DE-39B4-11E8-BF66-D9AA8AFF4A69	NetFlowObject	EVENT_READ	1523030848366125817
52C2356B-39B4-11E8-BF66-D9AA8AFF4A69	SUBJECT_PROCESS	52C215DE-39B4-11E8-BF66-D9AA8AFF4A69	NetFlowObject	EVENT_WRITE	1523030848366125817
72FB0406-3678-11E8-BF66-D9AA8AFF4A69	SUBJECT_PROCESS	9A291236-39B4-11E8-BF66-D9AA8AFF4A69	FILE_OBJECT_UNIX_SOCKET	EVENT_CLOSE	1523030848806155152
72FB0406-3678-11E8-BF66-D9AA8AFF4A69	SUBJECT_PROCESS	9A29129C-39B4-11E8-BF66-D9AA8AFF4A69	FILE_OBJECT_UNIX_SOCKET	EVENT_CLOSE	1523030848806155152
72FB0406-3678-11E8-BF66-D9AA8AFF4A69	SUBJECT_PROCESS	9AC1AB09-39B4-11E8-BF66-D9AA8AFF4A69	FILE_OBJECT_UNIX_SOCKET	EVENT_CREATE_OBJECT	1523030848806155152
72FB0406-3678-11E8-BF66-D9AA8AFF4A69	SUBJECT_PROCESS	9AC1AB77-39B4-11E8-BF66-D9AA8AFF4A69	FILE_OBJECT_UNIX_SOCKET	EVENT_CREATE_OBJECT	1523030848806155152
96A9D4DA-39B4-11E8-BF66-D9AA8AFF4A69	SUBJECT_PROCESS	17797A5B-A3BC-8450-BCA3-FD703084DDDB	FILE_OBJECT_FILE	EVENT_READ	1523030848936112012
96A9D4DA-39B4-11E8-BF66-D9AA8AFF4A69	SUBJECT_PROCESS	17797A5B-A3BC-8450-BCA3-FD703084DDDB	FILE_OBJECT_FILE	EVENT_WRITE	1523030848936112012
96A9D4DA-39B4-11E8-BF66-D9AA8AFF4A69	SUBJECT_PROCESS	17797A5B-A3BC-8450-BCA3-FD703084DDDB	FILE_OBJECT_FILE	EVENT_WRITE	1523030848936112012
96A9D4DA-39B4-11E8-BF66-D9AA8AFF4A69	SUBJECT_PROCESS	17797A5B-A3BC-8450-BCA3-FD703084DDDB	FILE_OBJECT_FILE	EVENT_WRITE	1523030848936112012
96A9D4DA-39B4-11E8-BF66-D9AA8AFF4A69	SUBJECT_PROCESS	17797A5B-A3BC-8450-BCA3-FD703084DDDB	FILE_OBJECT_FILE	EVENT_READ	1523030849716107294
96A9D4DA-39B4-11E8-BF66-D9AA8AFF4A69	SUBJECT_PROCESS	17797A5B-A3BC-8450-BCA3-FD703084DDDB	FILE_OBJECT_FILE	EVENT_WRITE	1523030849716107294
96A9D4DA-39B4-11E8-BF66-D9AA8AFF4A69	SUBJECT_PROCESS	96A9D4DA-39B4-11E8-BF66-D9AA8AFF4A69	SUBJECT_PROCESS	EVENT_EXIT	1523030849716107294
94ED0D0E-39B4-11E8-BF66-D9AA8AFF4A69	SUBJECT_PROCESS	17797A5B-A3BC-8450-BCA3-FD703084DDDB	FILE_OBJECT_FILE	EVENT_WRITE	1523030849716107294
72FB0406-3678-11E8-BF66-D9AA8AFF4A69	SUBJECT_PROCESS	9AC1AB09-39B4-11E8-BF66-D9AA8AFF4A69	FILE_OBJECT_UNIX_SOCKET	EVENT_CLOSE	1523030849846107795
72FB0406-3678-11E8-BF66-D9AA8AFF4A69	SUBJECT_PROCESS	9AC1AB77-39B4-11E8-BF66-D9AA8AFF4A69	FILE_OBJECT_UNIX_SOCKET	EVENT_CLOSE	1523030849846107795
72FB0406-3678-11E8-BF66-D9AA8AFF4A69	SUBJECT_PROCESS	9B607C63-39B4-11E8-BF66-D9AA8AFF4A69	FILE_OBJECT_UNIX_SOCKET	EVENT_CREATE_OBJECT	1523030849846107795
72FB0406-3678-11E8-BF66-D9AA8AFF4A69	SUBJECT_PROCESS	9B607CCC-39B4-11E8-BF66-D9AA8AFF4A69	FILE_OBJECT_UNIX_SOCKET	EVENT_CREATE_OBJECT	1523030849846107795
72FB0406-3678-11E8-BF66-D9AA8AFF4A69	SUBJECT_PROCESS	9B607C63-39B4-11E8-BF66-D9AA8AFF4A69	FILE_OBJECT_UNIX_SOCKET	EVENT_CLOSE	1523030850816110502
72FB0406-3678-11E8-BF66-D9AA8AFF4A69	SUBJECT_PROCESS	9B607CCC-39B4-11E8-BF66-D9AA8AFF4A69	FILE_OBJECT_UNIX_SOCKET	EVENT_CLOSE	1523030850816110502
72FB0406-3678-11E8-BF66-D9AA8AFF4A69	SUBJECT_PROCESS	9BF476C4-39B4-11E8-BF66-D9AA8AFF4A69	FILE_OBJECT_UNIX_SOCKET	EVENT_CREATE_OBJECT	1523030850816110502
72FB0406-3678-11E8-BF66-D9AA8AFF4A69	SUBJECT_PROCESS	9BF4772C-39B4-11E8-BF66-D9AA8AFF4A69	FILE_OBJECT_UNIX_SOCKET	EVENT_CREATE_OBJECT	1523030850816110502
94ED0D0E-39B4-11E8-BF66-D9AA8AFF4A69	SUBJECT_PROCESS	17797A5B-A3BC-8450-BCA3-FD703084DDDB	FILE_OBJECT_FILE	EVENT_READ	1523030851456107963
94ED0D0E-39B4-11E8-BF66-D9AA8AFF4A69	SUBJECT_PROCESS	17797A5B-A3BC-8450-BCA3-FD703084DDDB	FILE_OBJECT_FILE	EVENT_WRITE	1523030851466108623
94ED0D0E-39B4-11E8-BF66-D9AA8AFF4A69	SUBJECT_PROCESS	17797A5B-A3BC-8450-BCA3-FD703084DDDB	FILE_OBJECT_FILE	EVENT_READ	1523030851526116368
94ED0D0E-39B4-11E8-BF66-D9AA8AFF4A69	SUBJECT_PROCESS	17797A5B-A3BC-8450-BCA3-FD703084DDDB	FILE_OBJECT_FILE	EVENT_WRITE	1523030851526116368
94ED0D0E-39B4-11E8-BF66-D9AA8AFF4A69	SUBJECT_PROCESS	17797A5B-A3BC-8450-BCA3-FD703084DDDB	FILE_OBJECT_FILE	EVENT_READ	1523030851636110077
94ED0D0E-39B4-11E8-BF66-D9AA8AFF4A69	SUBJECT_PROCESS	17797A5B-A3BC-8450-BCA3-FD703084DDDB	FILE_OBJECT_FILE	EVENT_WRITE	1523030851636110077
72FB0406-3678-11E8-BF66-D9AA8AFF4A69	SUBJECT_PROCESS	9BF476C4-39B4-11E8-BF66-D9AA8AFF4A69	FILE_OBJECT_UNIX_SOCKET	EVENT_CLOSE	1523030851806108420
72FB0406-3678-11E8-BF66-D9AA8AFF4A69	SUBJECT_PROCESS	9BF4772C-39B4-11E8-BF66-D9AA8AFF4A69	FILE_OBJECT_UNIX_SOCKET	EVENT_CLOSE	1523030851806108420
72FB0406-3678-11E8-BF66-D9AA8AFF4A69	SUBJECT_PROCESS	9C8B9897-39B4-11E8-BF66-D9AA8AFF4A69	FILE_OBJECT_UNIX_SOCKET	EVENT_CREATE_OBJECT	1523030851806108420
72FB0406-3678-11E8-BF66-D9AA8AFF4A69	SUBJECT_PROCESS	9C8B992B-39B4-11E8-BF66-D9AA8AFF4A69	FILE_OBJECT_UNIX_SOCKET	EVENT_CREATE_OBJECT	1523030851806108420
94ED0D0E-39B4-11E8-BF66-D9AA8AFF4A69	SUBJECT_PROCESS	17797A5B-A3BC-8450-BCA3-FD703084DDDB	FILE_OBJECT_FILE	EVENT_READ	1523030851906109718
94ED0D0E-39B4-11E8-BF66-D9AA8AFF4A69	SUBJECT_PROCESS	17797A5B-A3BC-8450-BCA3-FD703084DDDB	FILE_OBJECT_FILE	EVENT_WRITE	1523030851906109718
94ED0D0E-39B4-11E8-BF66-D9AA8AFF4A69	SUBJECT_PROCESS	17797A5B-A3BC-8450-BCA3-FD703084DDDB	FILE_OBJECT_FILE	EVENT_READ	1523030852276109638
94ED0D0E-39B4-11E8-BF66-D9AA8AFF4A69	SUBJECT_PROCESS	17797A5B-A3BC-8450-BCA3-FD703084DDDB	FILE_OBJECT_FILE	EVENT_WRITE	1523030852276109638
72FB0406-3678-11E8-BF66-D9AA8AFF4A69	SUBJECT_PROCESS	9C8B9897-39B4-11E8-BF66-D9AA8AFF4A69	FILE_OBJECT_UNIX_SOCKET	EVENT_CLOSE	1523030852816111371
72FB0406-3678-11E8-BF66-D9AA8AFF4A69	SUBJECT_PROCESS	9C8B992B-39B4-11E8-BF66-D9AA8AFF4A69	FILE_OBJECT_UNIX_SOCKET	EVENT_CLOSE	1523030852816111371
72FB0406-3678-11E8-BF66-D9AA8AFF4A69	SUBJECT_PROCESS	9D259E73-39B4-11E8-BF66-D9AA8AFF4A69	FILE_OBJECT_UNIX_SOCKET	EVENT_CREATE_OBJECT	1523030852816111371
72FB0406-3678-11E8-BF66-D9AA8AFF4A69	SUBJECT_PROCESS	9D259EE3-39B4-11E8-BF66-D9AA8AFF4A69	FILE_OBJECT_UNIX_SOCKET	EVENT_CREATE_OBJECT	1523030852816111371
94ED0D0E-39B4-11E8-BF66-D9AA8AFF4A69	SUBJECT_PROCESS	17797A5B-A3BC-8450-BCA3-FD703084DDDB	FILE_OBJECT_FILE	EVENT_READ	1523030852896109007
94ED0D0E-39B4-11E8-BF66-D9AA8AFF4A69	SUBJECT_PROCESS	17797A5B-A3BC-8450-BCA3-FD703084DDDB	FILE_OBJECT_FILE	EVENT_WRITE	1523030852896109007
94ED0D0E-39B4-11E8-BF66-D9AA8AFF4A69	SUBJECT_PROCESS	17797A5B-A3BC-8450-BCA3-FD703084DDDB	FILE_OBJECT_FILE	EVENT_READ	1523030853216111342
94ED0D0E-39B4-11E8-BF66-D9AA8AFF4A69	SUBJECT_PROCESS	17797A5B-A3BC-8450-BCA3-FD703084DDDB	FILE_OBJECT_FILE	EVENT_WRITE	1523030853216111342
72FB0406-3678-11E8-BF66-D9AA8AFF4A69	SUBJECT_PROCESS	9D259E73-39B4-11E8-BF66-D9AA8AFF4A69	FILE_OBJECT_UNIX_SOCKET	EVENT_CLOSE	1523030853806108869
72FB0406-3678-11E8-BF66-D9AA8AFF4A69	SUBJECT_PROCESS	9D259EE3-39B4-11E8-BF66-D9AA8AFF4A69	FILE_OBJECT_UNIX_SOCKET	EVENT_CLOSE	1523030853806108869
72FB0406-3678-11E8-BF66-D9AA8AFF4A69	SUBJECT_PROCESS	9DBCC565-39B4-11E8-BF66-D9AA8AFF4A69	FILE_OBJECT_UNIX_SOCKET	EVENT_CREATE_OBJECT	1523030853806108869
72FB0406-3678-11E8-BF66-D9AA8AFF4A69	SUBJECT_PROCESS	9DBCC603-39B4-11E8-BF66-D9AA8AFF4A69	FILE_OBJECT_UNIX_SOCKET	EVENT_CREATE_OBJECT	1523030853806108869
94ED0D0E-39B4-11E8-BF66-D9AA8AFF4A69	SUBJECT_PROCESS	17797A5B-A3BC-8450-BCA3-FD703084DDDB	FILE_OBJECT_FILE	EVENT_READ	1523030853826109471
94ED0D0E-39B4-11E8-BF66-D9AA8AFF4A69	SUBJECT_PROCESS	17797A5B-A3BC-8450-BCA3-FD703084DDDB	FILE_OBJECT_FILE	EVENT_WRITE	1523030853826109471
94ED0D0E-39B4-11E8-BF66-D9AA8AFF4A69	SUBJECT_PROCESS	17797A5B-A3BC-8450-BCA3-FD703084DDDB	FILE_OBJECT_FILE	EVENT_READ	1523030853996108084
94ED0D0E-39B4-11E8-BF66-D9AA8AFF4A69	SUBJECT_PROCESS	17797A5B-A3BC-8450-BCA3-FD703084DDDB	FILE_OBJECT_FILE	EVENT_WRITE	1523030853996108084
94ED0D0E-39B4-11E8-BF66-D9AA8AFF4A69	SUBJECT_PROCESS	17797A5B-A3BC-8450-BCA3-FD703084DDDB	FILE_OBJECT_FILE	EVENT_READ	1523030854546108968
94ED0D0E-39B4-11E8-BF66-D9AA8AFF4A69	SUBJECT_PROCESS	17797A5B-A3BC-8450-BCA3-FD703084DDDB	FILE_OBJECT_FILE	EVENT_WRITE	1523030854546108968
72FB0406-3678-11E8-BF66-D9AA8AFF4A69	SUBJECT_PROCESS	9DBCC565-39B4-11E8-BF66-D9AA8AFF4A69	FILE_OBJECT_UNIX_SOCKET	EVENT_CLOSE	1523030854816109590
72FB0406-3678-11E8-BF66-D9AA8AFF4A69	SUBJECT_PROCESS	9DBCC603-39B4-11E8-BF66-D9AA8AFF4A69	FILE_OBJECT_UNIX_SOCKET	EVENT_CLOSE	1523030854816109590
72FB0406-3678-11E8-BF66-D9AA8AFF4A69	SUBJECT_PROCESS	9E56D662-39B4-11E8-BF66-D9AA8AFF4A69	FILE_OBJECT_UNIX_SOCKET	EVENT_CREATE_OBJECT	1523030854816109590
72FB0406-3678-11E8-BF66-D9AA8AFF4A69	SUBJECT_PROCESS	9E56D6CA-39B4-11E8-BF66-D9AA8AFF4A69	FILE_OBJECT_UNIX_SOCKET	EVENT_CREATE_OBJECT	1523030854816109590
94ED0D0E-39B4-11E8-BF66-D9AA8AFF4A69	SUBJECT_PROCESS	17797A5B-A3BC-8450-BCA3-FD703084DDDB	FILE_OBJECT_FILE	EVENT_READ	1523030855196108620
94ED0D0E-39B4-11E8-BF66-D9AA8AFF4A69	SUBJECT_PROCESS	17797A5B-A3BC-8450-BCA3-FD703084DDDB	FILE_OBJECT_FILE	EVENT_WRITE	1523030855196108620
94ED0D0E-39B4-11E8-BF66-D9AA8AFF4A69	SUBJECT_PROCESS	17797A5B-A3BC-8450-BCA3-FD703084DDDB	FILE_OBJECT_FILE	EVENT_READ	1523030855346107882
94ED0D0E-39B4-11E8-BF66-D9AA8AFF4A69	SUBJECT_PROCESS	17797A5B-A3BC-8450-BCA3-FD703084DDDB	FILE_OBJECT_FILE	EVENT_WRITE	1523030855346107882
94ED0D0E-39B4-11E8-BF66-D9AA8AFF4A69	SUBJECT_PROCESS	17797A5B-A3BC-8450-BCA3-FD703084DDDB	FILE_OBJECT_FILE	EVENT_READ	1523030855606107542
94ED0D0E-39B4-11E8-BF66-D9AA8AFF4A69	SUBJECT_PROCESS	17797A5B-A3BC-8450-BCA3-FD703084DDDB	FILE_OBJECT_FILE	EVENT_WRITE	1523030855606107542
72FB0406-3678-11E8-BF66-D9AA8AFF4A69	SUBJECT_PROCESS	9E56D662-39B4-11E8-BF66-D9AA8AFF4A69	FILE_OBJECT_UNIX_SOCKET	EVENT_CLOSE	1523030855806110918
72FB0406-3678-11E8-BF66-D9AA8AFF4A69	SUBJECT_PROCESS	9E56D6CA-39B4-11E8-BF66-D9AA8AFF4A69	FILE_OBJECT_UNIX_SOCKET	EVENT_CLOSE	1523030855806110918
72FB0406-3678-11E8-BF66-D9AA8AFF4A69	SUBJECT_PROCESS	9EEDCCFB-39B4-11E8-BF66-D9AA8AFF4A69	FILE_OBJECT_UNIX_SOCKET	EVENT_CREATE_OBJECT	1523030855806110918
72FB0406-3678-11E8-BF66-D9AA8AFF4A69	SUBJECT_PROCESS	9EEDCD65-39B4-11E8-BF66-D9AA8AFF4A69	FILE_OBJECT_UNIX_SOCKET	EVENT_CREATE_OBJECT	1523030855806110918
94ED0D0E-39B4-11E8-BF66-D9AA8AFF4A69	SUBJECT_PROCESS	17797A5B-A3BC-8450-BCA3-FD703084DDDB	FILE_OBJECT_FILE	EVENT_READ	1523030855866109243
94ED0D0E-39B4-11E8-BF66-D9AA8AFF4A69	SUBJECT_PROCESS	17797A5B-A3BC-8450-BCA3-FD703084DDDB	FILE_OBJECT_FILE	EVENT_WRITE	1523030855866109243
94ED0D0E-39B4-11E8-BF66-D9AA8AFF4A69	SUBJECT_PROCESS	17797A5B-A3BC-8450-BCA3-FD703084DDDB	FILE_OBJECT_FILE	EVENT_READ	1523030855926110538
94ED0D0E-39B4-11E8-BF66-D9AA8AFF4A69	SUBJECT_PROCESS	17797A5B-A3BC-8450-BCA3-FD703084DDDB	FILE_OBJECT_FILE	EVENT_WRITE	1523030855926110538
94ED0D0E-39B4-11E8-BF66-D9AA8AFF4A69	SUBJECT_PROCESS	17797A5B-A3BC-8450-BCA3-FD703084DDDB	FILE_OBJECT_FILE	EVENT_READ	1523030856096111411
94ED0D0E-39B4-11E8-BF66-D9AA8AFF4A69	SUBJECT_PROCESS	17797A5B-A3BC-8450-BCA3-FD703084DDDB	FILE_OBJECT_FILE	EVENT_WRITE	1523030856096111411
94ED0D0E-39B4-11E8-BF66-D9AA8AFF4A69	SUBJECT_PROCESS	17797A5B-A3BC-8450-BCA3-FD703084DDDB	FILE_OBJECT_FILE	EVENT_READ	1523030856306107748
94ED0D0E-39B4-11E8-BF66-D9AA8AFF4A69	SUBJECT_PROCESS	17797A5B-A3BC-8450-BCA3-FD703084DDDB	FILE_OBJECT_FILE	EVENT_WRITE	1523030856306107748
72FB0406-3678-11E8-BF66-D9AA8AFF4A69	SUBJECT_PROCESS	9EEDCCFB-39B4-11E8-BF66-D9AA8AFF4A69	FILE_OBJECT_UNIX_SOCKET	EVENT_CLOSE	1523030856816107709
72FB0406-3678-11E8-BF66-D9AA8AFF4A69	SUBJECT_PROCESS	9EEDCD65-39B4-11E8-BF66-D9AA8AFF4A69	FILE_OBJECT_UNIX_SOCKET	EVENT_CLOSE	1523030856816107709
72FB0406-3678-11E8-BF66-D9AA8AFF4A69	SUBJECT_PROCESS	9F88053A-39B4-11E8-BF66-D9AA8AFF4A69	FILE_OBJECT_UNIX_SOCKET	EVENT_CREATE_OBJECT	1523030856816107709
72FB0406-3678-11E8-BF66-D9AA8AFF4A69	SUBJECT_PROCESS	9F8805A3-39B4-11E8-BF66-D9AA8AFF4A69	FILE_OBJECT_UNIX_SOCKET	EVENT_CREATE_OBJECT	1523030856816107709
94ED0D0E-39B4-11E8-BF66-D9AA8AFF4A69	SUBJECT_PROCESS	17797A5B-A3BC-8450-BCA3-FD703084DDDB	FILE_OBJECT_FILE	EVENT_READ	1523030857186108018
94ED0D0E-39B4-11E8-BF66-D9AA8AFF4A69	SUBJECT_PROCESS	17797A5B-A3BC-8450-BCA3-FD703084DDDB	FILE_OBJECT_FILE	EVENT_WRITE	1523030857186108018
94ED0D0E-39B4-11E8-BF66-D9AA8AFF4A69	SUBJECT_PROCESS	17797A5B-A3BC-8450-BCA3-FD703084DDDB	FILE_OBJECT_FILE	EVENT_READ	1523030857346107261
94ED0D0E-39B4-11E8-BF66-D9AA8AFF4A69	SUBJECT_PROCESS	17797A5B-A3BC-8450-BCA3-FD703084DDDB	FILE_OBJECT_FILE	EVENT_WRITE	1523030857346107261
94ED0D0E-39B4-11E8-BF66-D9AA8AFF4A69	SUBJECT_PROCESS	17797A5B-A3BC-8450-BCA3-FD703084DDDB	FILE_OBJECT_FILE	EVENT_READ	1523030857506108384
94ED0D0E-39B4-11E8-BF66-D9AA8AFF4A69	SUBJECT_PROCESS	17797A5B-A3BC-8450-BCA3-FD703084DDDB	FILE_OBJECT_FILE	EVENT_WRITE	1523030857506108384
72FB0406-3678-11E8-BF66-D9AA8AFF4A69	SUBJECT_PROCESS	9F88053A-39B4-11E8-BF66-D9AA8AFF4A69	FILE_OBJECT_UNIX_SOCKET	EVENT_CLOSE	1523030857806109587
72FB0406-3678-11E8-BF66-D9AA8AFF4A69	SUBJECT_PROCESS	9F8805A3-39B4-11E8-BF66-D9AA8AFF4A69	FILE_OBJECT_UNIX_SOCKET	EVENT_CLOSE	1523030857806109587
72FB0406-3678-11E8-BF66-D9AA8AFF4A69	SUBJECT_PROCESS	A01F0C7F-39B4-11E8-BF66-D9AA8AFF4A69	FILE_OBJECT_UNIX_SOCKET	EVENT_CREATE_OBJECT	1523030857806109587
72FB0406-3678-11E8-BF66-D9AA8AFF4A69	SUBJECT_PROCESS	A01F0CE9-39B4-11E8-BF66-D9AA8AFF4A69	FILE_OBJECT_UNIX_SOCKET	EVENT_CREATE_OBJECT	1523030857806109587
94ED0D0E-39B4-11E8-BF66-D9AA8AFF4A69	SUBJECT_PROCESS	17797A5B-A3BC-8450-BCA3-FD703084DDDB	FILE_OBJECT_FILE	EVENT_READ	1523030858126108513
94ED0D0E-39B4-11E8-BF66-D9AA8AFF4A69	SUBJECT_PROCESS	17797A5B-A3BC-8450-BCA3-FD703084DDDB	FILE_OBJECT_FILE	EVENT_WRITE	1523030858126108513
94ED0D0E-39B4-11E8-BF66-D9AA8AFF4A69	SUBJECT_PROCESS	74CFC86B-E2DD-5D26-92DB-DA60C5330C6D	UnnamedPipeObject	EVENT_CREATE_OBJECT	1523030858126108513
94ED0D0E-39B4-11E8-BF66-D9AA8AFF4A69	SUBJECT_PROCESS	A04FC8D5-39B4-11E8-BF66-D9AA8AFF4A69	SUBJECT_PROCESS	EVENT_FORK	1523030858126108513
94ED0D0E-39B4-11E8-BF66-D9AA8AFF4A69	SUBJECT_PROCESS	A04FEB78-39B4-11E8-BF66-D9AA8AFF4A69	SUBJECT_PROCESS	EVENT_FORK	1523030858126108513
A04FC8D5-39B4-11E8-BF66-D9AA8AFF4A69	SUBJECT_PROCESS	EA112F0C-C0B2-CD5B-B2C0-A1B8CBCD4FE9	FILE_OBJECT_FILE	EVENT_EXECUTE	1523030858126108513
A04FC8D5-39B4-11E8-BF66-D9AA8AFF4A69	SUBJECT_PROCESS	7A350F75-9945-425D-8599-15CEBD426F06	FILE_OBJECT_FILE	EVENT_EXECUTE	1523030858126108513
A04FC8D5-39B4-11E8-BF66-D9AA8AFF4A69	SUBJECT_PROCESS	51110606-D232-9652-B2D2-3A7242968F8A	FILE_OBJECT_FILE	EVENT_OPEN	1523030858126108513
A04FC8D5-39B4-11E8-BF66-D9AA8AFF4A69	SUBJECT_PROCESS	51110606-D232-9652-B2D2-3A7242968F8A	FILE_OBJECT_FILE	EVENT_READ	1523030858126108513
A04FC8D5-39B4-11E8-BF66-D9AA8AFF4A69	SUBJECT_PROCESS	51110606-D232-9652-B2D2-3A7242968F8A	FILE_OBJECT_FILE	EVENT_CLOSE	1523030858126108513
A04FC8D5-39B4-11E8-BF66-D9AA8AFF4A69	SUBJECT_PROCESS	8A44F292-648B-7854-8B64-00F954785A79	FILE_OBJECT_FILE	EVENT_OPEN	1523030858126108513
A04FC8D5-39B4-11E8-BF66-D9AA8AFF4A69	SUBJECT_PROCESS	8A44F292-648B-7854-8B64-00F954785A79	FILE_OBJECT_FILE	EVENT_READ	1523030858126108513
A04FC8D5-39B4-11E8-BF66-D9AA8AFF4A69	SUBJECT_PROCESS	8A44F292-648B-7854-8B64-00F954785A79	FILE_OBJECT_FILE	EVENT_READ	1523030858126108513
A04FC8D5-39B4-11E8-BF66-D9AA8AFF4A69	SUBJECT_PROCESS	8A44F292-648B-7854-8B64-00F954785A79	FILE_OBJECT_FILE	EVENT_CLOSE	1523030858126108513
A04FC8D5-39B4-11E8-BF66-D9AA8AFF4A69	SUBJECT_PROCESS	D57B2A07-B373-B75A-B3B3-93790AB76535	FILE_OBJECT_FILE	EVENT_OPEN	1523030858126108513
A04FC8D5-39B4-11E8-BF66-D9AA8AFF4A69	SUBJECT_PROCESS	D57B2A07-B373-B75A-B3B3-93790AB76535	FILE_OBJECT_FILE	EVENT_MMAP	1523030858126108513
A04FC8D5-39B4-11E8-BF66-D9AA8AFF4A69	SUBJECT_PROCESS	D57B2A07-B373-B75A-B3B3-93790AB76535	FILE_OBJECT_FILE	EVENT_MMAP	1523030858126108513
A04FC8D5-39B4-11E8-BF66-D9AA8AFF4A69	SUBJECT_PROCESS	D57B2A07-B373-B75A-B3B3-93790AB76535	FILE_OBJECT_FILE	EVENT_MMAP	1523030858126108513
A04FC8D5-39B4-11E8-BF66-D9AA8AFF4A69	SUBJECT_PROCESS	D57B2A07-B373-B75A-B3B3-93790AB76535	FILE_OBJECT_FILE	EVENT_MMAP	1523030858126108513
A04FC8D5-39B4-11E8-BF66-D9AA8AFF4A69	SUBJECT_PROCESS	D57B2A07-B373-B75A-B3B3-93790AB76535	FILE_OBJECT_FILE	EVENT_MMAP	1523030858126108513
A04FC8D5-39B4-11E8-BF66-D9AA8AFF4A69	SUBJECT_PROCESS	D57B2A07-B373-B75A-B3B3-93790AB76535	FILE_OBJECT_FILE	EVENT_MMAP	1523030858126108513
A04FC8D5-39B4-11E8-BF66-D9AA8AFF4A69	SUBJECT_PROCESS	D57B2A07-B373-B75A-B3B3-93790AB76535	FILE_OBJECT_FILE	EVENT_CLOSE	1523030858126108513
A04FC8D5-39B4-11E8-BF66-D9AA8AFF4A69	SUBJECT_PROCESS	718F288D-A702-1B5D-82A7-80807D1BB326	FILE_OBJECT_FILE	EVENT_OPEN	1523030858126108513
A04FC8D5-39B4-11E8-BF66-D9AA8AFF4A69	SUBJECT_PROCESS	718F288D-A702-1B5D-82A7-80807D1BB326	FILE_OBJECT_FILE	EVENT_MMAP	1523030858126108513
A04FC8D5-39B4-11E8-BF66-D9AA8AFF4A69	SUBJECT_PROCESS	718F288D-A702-1B5D-82A7-80807D1BB326	FILE_OBJECT_FILE	EVENT_MMAP	1523030858126108513
A04FC8D5-39B4-11E8-BF66-D9AA8AFF4A69	SUBJECT_PROCESS	718F288D-A702-1B5D-82A7-80807D1BB326	FILE_OBJECT_FILE	EVENT_MMAP	1523030858126108513
A04FC8D5-39B4-11E8-BF66-D9AA8AFF4A69	SUBJECT_PROCESS	718F288D-A702-1B5D-82A7-80807D1BB326	FILE_OBJECT_FILE	EVENT_MMAP	1523030858136111334
A04FC8D5-39B4-11E8-BF66-D9AA8AFF4A69	SUBJECT_PROCESS	718F288D-A702-1B5D-82A7-80807D1BB326	FILE_OBJECT_FILE	EVENT_MMAP	1523030858136111334
A04FC8D5-39B4-11E8-BF66-D9AA8AFF4A69	SUBJECT_PROCESS	718F288D-A702-1B5D-82A7-80807D1BB326	FILE_OBJECT_FILE	EVENT_MMAP	1523030858136111334
A04FC8D5-39B4-11E8-BF66-D9AA8AFF4A69	SUBJECT_PROCESS	718F288D-A702-1B5D-82A7-80807D1BB326	FILE_OBJECT_FILE	EVENT_CLOSE	1523030858136111334
A04FC8D5-39B4-11E8-BF66-D9AA8AFF4A69	SUBJECT_PROCESS	D3F11983-FFD7-8A58-97FF-D38E388A1453	FILE_OBJECT_FILE	EVENT_OPEN	1523030858136111334
A04FC8D5-39B4-11E8-BF66-D9AA8AFF4A69	SUBJECT_PROCESS	D3F11983-FFD7-8A58-97FF-D38E388A1453	FILE_OBJECT_FILE	EVENT_MMAP	1523030858136111334
A04FC8D5-39B4-11E8-BF66-D9AA8AFF4A69	SUBJECT_PROCESS	D3F11983-FFD7-8A58-97FF-D38E388A1453	FILE_OBJECT_FILE	EVENT_MMAP	1523030858136111334
A04FC8D5-39B4-11E8-BF66-D9AA8AFF4A69	SUBJECT_PROCESS	D3F11983-FFD7-8A58-97FF-D38E388A1453	FILE_OBJECT_FILE	EVENT_MMAP	1523030858136111334
A04FC8D5-39B4-11E8-BF66-D9AA8AFF4A69	SUBJECT_PROCESS	D3F11983-FFD7-8A58-97FF-D38E388A1453	FILE_OBJECT_FILE	EVENT_MMAP	1523030858136111334
A04FC8D5-39B4-11E8-BF66-D9AA8AFF4A69	SUBJECT_PROCESS	D3F11983-FFD7-8A58-97FF-D38E388A1453	FILE_OBJECT_FILE	EVENT_MMAP	1523030858136111334
A04FC8D5-39B4-11E8-BF66-D9AA8AFF4A69	SUBJECT_PROCESS	D3F11983-FFD7-8A58-97FF-D38E388A1453	FILE_OBJECT_FILE	EVENT_MMAP	1523030858136111334
A04FC8D5-39B4-11E8-BF66-D9AA8AFF4A69	SUBJECT_PROCESS	D3F11983-FFD7-8A58-97FF-D38E388A1453	FILE_OBJECT_FILE	EVENT_CLOSE	1523030858136111334
A04FC8D5-39B4-11E8-BF66-D9AA8AFF4A69	SUBJECT_PROCESS	0905A02C-D979-5D57-B9D9-F12D475D7A9B	FILE_OBJECT_FILE	EVENT_OPEN	1523030858136111334
A04FC8D5-39B4-11E8-BF66-D9AA8AFF4A69	SUBJECT_PROCESS	0905A02C-D979-5D57-B9D9-F12D475D7A9B	FILE_OBJECT_FILE	EVENT_MMAP	1523030858136111334
A04FC8D5-39B4-11E8-BF66-D9AA8AFF4A69	SUBJECT_PROCESS	0905A02C-D979-5D57-B9D9-F12D475D7A9B	FILE_OBJECT_FILE	EVENT_MMAP	1523030858136111334
A04FC8D5-39B4-11E8-BF66-D9AA8AFF4A69	SUBJECT_PROCESS	0905A02C-D979-5D57-B9D9-F12D475D7A9B	FILE_OBJECT_FILE	EVENT_MMAP	1523030858136111334
A04FC8D5-39B4-11E8-BF66-D9AA8AFF4A69	SUBJECT_PROCESS	0905A02C-D979-5D57-B9D9-F12D475D7A9B	FILE_OBJECT_FILE	EVENT_MMAP	1523030858136111334
A04FC8D5-39B4-11E8-BF66-D9AA8AFF4A69	SUBJECT_PROCESS	0905A02C-D979-5D57-B9D9-F12D475D7A9B	FILE_OBJECT_FILE	EVENT_MMAP	1523030858136111334
A04FC8D5-39B4-11E8-BF66-D9AA8AFF4A69	SUBJECT_PROCESS	0905A02C-D979-5D57-B9D9-F12D475D7A9B	FILE_OBJECT_FILE	EVENT_MMAP	1523030858136111334
A04FEB78-39B4-11E8-BF66-D9AA8AFF4A69	SUBJECT_PROCESS	29C0F421-9DEA-A656-AA9D-30CFA6A69C0C	FILE_OBJECT_FILE	EVENT_EXECUTE	1523030858136111334
A04FEB78-39B4-11E8-BF66-D9AA8AFF4A69	SUBJECT_PROCESS	7A350F75-9945-425D-8599-15CEBD426F06	FILE_OBJECT_FILE	EVENT_EXECUTE	1523030858136111334
A04FC8D5-39B4-11E8-BF66-D9AA8AFF4A69	SUBJECT_PROCESS	0905A02C-D979-5D57-B9D9-F12D475D7A9B	FILE_OBJECT_FILE	EVENT_CLOSE	1523030858136111334
A04FEB78-39B4-11E8-BF66-D9AA8AFF4A69	SUBJECT_PROCESS	51110606-D232-9652-B2D2-3A7242968F8A	FILE_OBJECT_FILE	EVENT_OPEN	1523030858136111334
A04FC8D5-39B4-11E8-BF66-D9AA8AFF4A69	SUBJECT_PROCESS	76A739B1-A13E-FD50-BEA1-B218A0FD0400	FILE_OBJECT_FILE	EVENT_OPEN	1523030858146115834
A04FEB78-39B4-11E8-BF66-D9AA8AFF4A69	SUBJECT_PROCESS	51110606-D232-9652-B2D2-3A7242968F8A	FILE_OBJECT_FILE	EVENT_READ	1523030858146115834
A04FC8D5-39B4-11E8-BF66-D9AA8AFF4A69	SUBJECT_PROCESS	76A739B1-A13E-FD50-BEA1-B218A0FD0400	FILE_OBJECT_FILE	EVENT_MMAP	1523030858146115834
A04FEB78-39B4-11E8-BF66-D9AA8AFF4A69	SUBJECT_PROCESS	51110606-D232-9652-B2D2-3A7242968F8A	FILE_OBJECT_FILE	EVENT_CLOSE	1523030858146115834
A04FEB78-39B4-11E8-BF66-D9AA8AFF4A69	SUBJECT_PROCESS	8A44F292-648B-7854-8B64-00F954785A79	FILE_OBJECT_FILE	EVENT_OPEN	1523030858146115834
A04FC8D5-39B4-11E8-BF66-D9AA8AFF4A69	SUBJECT_PROCESS	76A739B1-A13E-FD50-BEA1-B218A0FD0400	FILE_OBJECT_FILE	EVENT_MMAP	1523030858146115834
A04FEB78-39B4-11E8-BF66-D9AA8AFF4A69	SUBJECT_PROCESS	8A44F292-648B-7854-8B64-00F954785A79	FILE_OBJECT_FILE	EVENT_READ	1523030858146115834
A04FC8D5-39B4-11E8-BF66-D9AA8AFF4A69	SUBJECT_PROCESS	76A739B1-A13E-FD50-BEA1-B218A0FD0400	FILE_OBJECT_FILE	EVENT_MMAP	1523030858146115834
A04FEB78-39B4-11E8-BF66-D9AA8AFF4A69	SUBJECT_PROCESS	8A44F292-648B-7854-8B64-00F954785A79	FILE_OBJECT_FILE	EVENT_READ	1523030858146115834
A04FEB78-39B4-11E8-BF66-D9AA8AFF4A69	SUBJECT_PROCESS	8A44F292-648B-7854-8B64-00F954785A79	FILE_OBJECT_FILE	EVENT_CLOSE	1523030858146115834
A04FC8D5-39B4-11E8-BF66-D9AA8AFF4A69	SUBJECT_PROCESS	76A739B1-A13E-FD50-BEA1-B218A0FD0400	FILE_OBJECT_FILE	EVENT_MMAP	1523030858146115834
A04FEB78-39B4-11E8-BF66-D9AA8AFF4A69	SUBJECT_PROCESS	F802C467-68D3-4950-9368-CE2BE049BD5D	FILE_OBJECT_FILE	EVENT_OPEN	1523030858146115834
A04FC8D5-39B4-11E8-BF66-D9AA8AFF4A69	SUBJECT_PROCESS	76A739B1-A13E-FD50-BEA1-B218A0FD0400	FILE_OBJECT_FILE	EVENT_MMAP	1523030858146115834
A04FEB78-39B4-11E8-BF66-D9AA8AFF4A69	SUBJECT_PROCESS	F802C467-68D3-4950-9368-CE2BE049BD5D	FILE_OBJECT_FILE	EVENT_MMAP	1523030858146115834
A04FEB78-39B4-11E8-BF66-D9AA8AFF4A69	SUBJECT_PROCESS	F802C467-68D3-4950-9368-CE2BE049BD5D	FILE_OBJECT_FILE	EVENT_MMAP	1523030858146115834
A04FC8D5-39B4-11E8-BF66-D9AA8AFF4A69	SUBJECT_PROCESS	76A739B1-A13E-FD50-BEA1-B218A0FD0400	FILE_OBJECT_FILE	EVENT_MMAP	1523030858146115834
A04FEB78-39B4-11E8-BF66-D9AA8AFF4A69	SUBJECT_PROCESS	F802C467-68D3-4950-9368-CE2BE049BD5D	FILE_OBJECT_FILE	EVENT_MMAP	1523030858146115834
A04FC8D5-39B4-11E8-BF66-D9AA8AFF4A69	SUBJECT_PROCESS	76A739B1-A13E-FD50-BEA1-B218A0FD0400	FILE_OBJECT_FILE	EVENT_CLOSE	1523030858146115834
A04FEB78-39B4-11E8-BF66-D9AA8AFF4A69	SUBJECT_PROCESS	F802C467-68D3-4950-9368-CE2BE049BD5D	FILE_OBJECT_FILE	EVENT_MMAP	1523030858146115834
A04FEB78-39B4-11E8-BF66-D9AA8AFF4A69	SUBJECT_PROCESS	F802C467-68D3-4950-9368-CE2BE049BD5D	FILE_OBJECT_FILE	EVENT_MMAP	1523030858146115834
A04FC8D5-39B4-11E8-BF66-D9AA8AFF4A69	SUBJECT_PROCESS	F29977F6-07A2-935B-A207-C4871B93FE07	FILE_OBJECT_FILE	EVENT_OPEN	1523030858146115834
A04FEB78-39B4-11E8-BF66-D9AA8AFF4A69	SUBJECT_PROCESS	F802C467-68D3-4950-9368-CE2BE049BD5D	FILE_OBJECT_FILE	EVENT_MMAP	1523030858146115834
A04FC8D5-39B4-11E8-BF66-D9AA8AFF4A69	SUBJECT_PROCESS	F29977F6-07A2-935B-A207-C4871B93FE07	FILE_OBJECT_FILE	EVENT_MMAP	1523030858146115834
A04FC8D5-39B4-11E8-BF66-D9AA8AFF4A69	SUBJECT_PROCESS	F29977F6-07A2-935B-A207-C4871B93FE07	FILE_OBJECT_FILE	EVENT_MMAP	1523030858146115834
A04FC8D5-39B4-11E8-BF66-D9AA8AFF4A69	SUBJECT_PROCESS	F29977F6-07A2-935B-A207-C4871B93FE07	FILE_OBJECT_FILE	EVENT_MMAP	1523030858146115834
A04FC8D5-39B4-11E8-BF66-D9AA8AFF4A69	SUBJECT_PROCESS	F29977F6-07A2-935B-A207-C4871B93FE07	FILE_OBJECT_FILE	EVENT_MMAP	1523030858146115834
A04FC8D5-39B4-11E8-BF66-D9AA8AFF4A69	SUBJECT_PROCESS	F29977F6-07A2-935B-A207-C4871B93FE07	FILE_OBJECT_FILE	EVENT_MMAP	1523030858146115834
A04FC8D5-39B4-11E8-BF66-D9AA8AFF4A69	SUBJECT_PROCESS	F29977F6-07A2-935B-A207-C4871B93FE07	FILE_OBJECT_FILE	EVENT_MMAP	1523030858146115834
A04FC8D5-39B4-11E8-BF66-D9AA8AFF4A69	SUBJECT_PROCESS	F29977F6-07A2-935B-A207-C4871B93FE07	FILE_OBJECT_FILE	EVENT_CLOSE	1523030858146115834
A04FC8D5-39B4-11E8-BF66-D9AA8AFF4A69	SUBJECT_PROCESS	9FF334BB-9072-D756-B290-556656D73728	FILE_OBJECT_FILE	EVENT_OPEN	1523030858146115834
A04FC8D5-39B4-11E8-BF66-D9AA8AFF4A69	SUBJECT_PROCESS	9FF334BB-9072-D756-B290-556656D73728	FILE_OBJECT_FILE	EVENT_MMAP	1523030858146115834
A04FC8D5-39B4-11E8-BF66-D9AA8AFF4A69	SUBJECT_PROCESS	9FF334BB-9072-D756-B290-556656D73728	FILE_OBJECT_FILE	EVENT_MMAP	1523030858146115834
A04FC8D5-39B4-11E8-BF66-D9AA8AFF4A69	SUBJECT_PROCESS	9FF334BB-9072-D756-B290-556656D73728	FILE_OBJECT_FILE	EVENT_MMAP	1523030858146115834
A04FC8D5-39B4-11E8-BF66-D9AA8AFF4A69	SUBJECT_PROCESS	9FF334BB-9072-D756-B290-556656D73728	FILE_OBJECT_FILE	EVENT_MMAP	1523030858146115834
A04FC8D5-39B4-11E8-BF66-D9AA8AFF4A69	SUBJECT_PROCESS	9FF334BB-9072-D756-B290-556656D73728	FILE_OBJECT_FILE	EVENT_MMAP	1523030858156108625
A04FC8D5-39B4-11E8-BF66-D9AA8AFF4A69	SUBJECT_PROCESS	9FF334BB-9072-D756-B290-556656D73728	FILE_OBJECT_FILE	EVENT_MMAP	1523030858156108625
A04FC8D5-39B4-11E8-BF66-D9AA8AFF4A69	SUBJECT_PROCESS	9FF334BB-9072-D756-B290-556656D73728	FILE_OBJECT_FILE	EVENT_CLOSE	1523030858156108625
A04FC8D5-39B4-11E8-BF66-D9AA8AFF4A69	SUBJECT_PROCESS	F410BE96-4C0C-765E-8C4C-6F0E2E760020	FILE_OBJECT_FILE	EVENT_OPEN	1523030858156108625
A04FC8D5-39B4-11E8-BF66-D9AA8AFF4A69	SUBJECT_PROCESS	F410BE96-4C0C-765E-8C4C-6F0E2E760020	FILE_OBJECT_FILE	EVENT_MMAP	1523030858156108625
A04FEB78-39B4-11E8-BF66-D9AA8AFF4A69	SUBJECT_PROCESS	F802C467-68D3-4950-9368-CE2BE049BD5D	FILE_OBJECT_FILE	EVENT_CLOSE	1523030858156108625
A04FC8D5-39B4-11E8-BF66-D9AA8AFF4A69	SUBJECT_PROCESS	F410BE96-4C0C-765E-8C4C-6F0E2E760020	FILE_OBJECT_FILE	EVENT_MMAP	1523030858156108625
A04FEB78-39B4-11E8-BF66-D9AA8AFF4A69	SUBJECT_PROCESS	4712EA4F-DAE8-DB53-A8DA-6C9F43DB784D	FILE_OBJECT_FILE	EVENT_OPEN	1523030858156108625
A04FC8D5-39B4-11E8-BF66-D9AA8AFF4A69	SUBJECT_PROCESS	F410BE96-4C0C-765E-8C4C-6F0E2E760020	FILE_OBJECT_FILE	EVENT_CLOSE	1523030858156108625
A04FEB78-39B4-11E8-BF66-D9AA8AFF4A69	SUBJECT_PROCESS	4712EA4F-DAE8-DB53-A8DA-6C9F43DB784D	FILE_OBJECT_FILE	EVENT_MMAP	1523030858156108625
A04FEB78-39B4-11E8-BF66-D9AA8AFF4A69	SUBJECT_PROCESS	4712EA4F-DAE8-DB53-A8DA-6C9F43DB784D	FILE_OBJECT_FILE	EVENT_MMAP	1523030858156108625
A04FEB78-39B4-11E8-BF66-D9AA8AFF4A69	SUBJECT_PROCESS	4712EA4F-DAE8-DB53-A8DA-6C9F43DB784D	FILE_OBJECT_FILE	EVENT_MMAP	1523030858156108625
A04FEB78-39B4-11E8-BF66-D9AA8AFF4A69	SUBJECT_PROCESS	4712EA4F-DAE8-DB53-A8DA-6C9F43DB784D	FILE_OBJECT_FILE	EVENT_MMAP	1523030858156108625
A04FEB78-39B4-11E8-BF66-D9AA8AFF4A69	SUBJECT_PROCESS	4712EA4F-DAE8-DB53-A8DA-6C9F43DB784D	FILE_OBJECT_FILE	EVENT_MMAP	1523030858156108625
A04FC8D5-39B4-11E8-BF66-D9AA8AFF4A69	SUBJECT_PROCESS	1633500B-D34B-8058-8BD3-ABB7D880915E	FILE_OBJECT_FILE	EVENT_OPEN	1523030858156108625
A04FEB78-39B4-11E8-BF66-D9AA8AFF4A69	SUBJECT_PROCESS	4712EA4F-DAE8-DB53-A8DA-6C9F43DB784D	FILE_OBJECT_FILE	EVENT_MMAP	1523030858156108625
A04FEB78-39B4-11E8-BF66-D9AA8AFF4A69	SUBJECT_PROCESS	4712EA4F-DAE8-DB53-A8DA-6C9F43DB784D	FILE_OBJECT_FILE	EVENT_CLOSE	1523030858156108625
A04FC8D5-39B4-11E8-BF66-D9AA8AFF4A69	SUBJECT_PROCESS	1633500B-D34B-8058-8BD3-ABB7D880915E	FILE_OBJECT_FILE	EVENT_OPEN	1523030858156108625
A04FEB78-39B4-11E8-BF66-D9AA8AFF4A69	SUBJECT_PROCESS	DEADAC7C-AED5-7E50-95AE-0452707EB22B	FILE_OBJECT_FILE	EVENT_OPEN	1523030858156108625
A04FEB78-39B4-11E8-BF66-D9AA8AFF4A69	SUBJECT_PROCESS	DEADAC7C-AED5-7E50-95AE-0452707EB22B	FILE_OBJECT_FILE	EVENT_MMAP	1523030858156108625
A04FEB78-39B4-11E8-BF66-D9AA8AFF4A69	SUBJECT_PROCESS	DEADAC7C-AED5-7E50-95AE-0452707EB22B	FILE_OBJECT_FILE	EVENT_MMAP	1523030858156108625
A04FEB78-39B4-11E8-BF66-D9AA8AFF4A69	SUBJECT_PROCESS	DEADAC7C-AED5-7E50-95AE-0452707EB22B	FILE_OBJECT_FILE	EVENT_MMAP	1523030858156108625
A04FEB78-39B4-11E8-BF66-D9AA8AFF4A69	SUBJECT_PROCESS	DEADAC7C-AED5-7E50-95AE-0452707EB22B	FILE_OBJECT_FILE	EVENT_MMAP	1523030858156108625
A04FEB78-39B4-11E8-BF66-D9AA8AFF4A69	SUBJECT_PROCESS	DEADAC7C-AED5-7E50-95AE-0452707EB22B	FILE_OBJECT_FILE	EVENT_MMAP	1523030858156108625
A04FEB78-39B4-11E8-BF66-D9AA8AFF4A69	SUBJECT_PROCESS	DEADAC7C-AED5-7E50-95AE-0452707EB22B	FILE_OBJECT_FILE	EVENT_MMAP	1523030858156108625
A04FEB78-39B4-11E8-BF66-D9AA8AFF4A69	SUBJECT_PROCESS	DEADAC7C-AED5-7E50-95AE-0452707EB22B	FILE_OBJECT_FILE	EVENT_CLOSE	1523030858156108625
A04FEB78-39B4-11E8-BF66-D9AA8AFF4A69	SUBJECT_PROCESS	76A739B1-A13E-FD50-BEA1-B218A0FD0400	FILE_OBJECT_FILE	EVENT_OPEN	1523030858156108625
A04FC8D5-39B4-11E8-BF66-D9AA8AFF4A69	SUBJECT_PROCESS	BCDBE64D-1703-005A-8317-44DD6A00589D	FILE_OBJECT_FILE	EVENT_OPEN	1523030858156108625
A04FEB78-39B4-11E8-BF66-D9AA8AFF4A69	SUBJECT_PROCESS	76A739B1-A13E-FD50-BEA1-B218A0FD0400	FILE_OBJECT_FILE	EVENT_MMAP	1523030858156108625
A04FEB78-39B4-11E8-BF66-D9AA8AFF4A69	SUBJECT_PROCESS	76A739B1-A13E-FD50-BEA1-B218A0FD0400	FILE_OBJECT_FILE	EVENT_MMAP	1523030858156108625
A04FC8D5-39B4-11E8-BF66-D9AA8AFF4A69	SUBJECT_PROCESS	BCDBE64D-1703-005A-8317-44DD6A00589D	FILE_OBJECT_FILE	EVENT_READ	1523030858156108625
A04FEB78-39B4-11E8-BF66-D9AA8AFF4A69	SUBJECT_PROCESS	76A739B1-A13E-FD50-BEA1-B218A0FD0400	FILE_OBJECT_FILE	EVENT_MMAP	1523030858156108625
A04FC8D5-39B4-11E8-BF66-D9AA8AFF4A69	SUBJECT_PROCESS	BCDBE64D-1703-005A-8317-44DD6A00589D	FILE_OBJECT_FILE	EVENT_READ	1523030858156108625
A04FEB78-39B4-11E8-BF66-D9AA8AFF4A69	SUBJECT_PROCESS	76A739B1-A13E-FD50-BEA1-B218A0FD0400	FILE_OBJECT_FILE	EVENT_MMAP	1523030858166114146
A04FEB78-39B4-11E8-BF66-D9AA8AFF4A69	SUBJECT_PROCESS	76A739B1-A13E-FD50-BEA1-B218A0FD0400	FILE_OBJECT_FILE	EVENT_MMAP	1523030858166114146
A04FEB78-39B4-11E8-BF66-D9AA8AFF4A69	SUBJECT_PROCESS	76A739B1-A13E-FD50-BEA1-B218A0FD0400	FILE_OBJECT_FILE	EVENT_MMAP	1523030858166114146
A04FEB78-39B4-11E8-BF66-D9AA8AFF4A69	SUBJECT_PROCESS	76A739B1-A13E-FD50-BEA1-B218A0FD0400	FILE_OBJECT_FILE	EVENT_CLOSE	1523030858166114146
A04FEB78-39B4-11E8-BF66-D9AA8AFF4A69	SUBJECT_PROCESS	F410BE96-4C0C-765E-8C4C-6F0E2E760020	FILE_OBJECT_FILE	EVENT_OPEN	1523030858166114146
A04FEB78-39B4-11E8-BF66-D9AA8AFF4A69	SUBJECT_PROCESS	F410BE96-4C0C-765E-8C4C-6F0E2E760020	FILE_OBJECT_FILE	EVENT_MMAP	1523030858166114146
A04FEB78-39B4-11E8-BF66-D9AA8AFF4A69	SUBJECT_PROCESS	F410BE96-4C0C-765E-8C4C-6F0E2E760020	FILE_OBJECT_FILE	EVENT_MMAP	1523030858166114146
A04FC8D5-39B4-11E8-BF66-D9AA8AFF4A69	SUBJECT_PROCESS	BCDBE64D-1703-005A-8317-44DD6A00589D	FILE_OBJECT_FILE	EVENT_CLOSE	1523030858166114146
A04FEB78-39B4-11E8-BF66-D9AA8AFF4A69	SUBJECT_PROCESS	F410BE96-4C0C-765E-8C4C-6F0E2E760020	FILE_OBJECT_FILE	EVENT_CLOSE	1523030858166114146
A04FC8D5-39B4-11E8-BF66-D9AA8AFF4A69	SUBJECT_PROCESS	C53609B6-A912-B65B-92A9-B89E0BB6C2E1	FILE_OBJECT_FILE	EVENT_OPEN	1523030858166114146
A04FC8D5-39B4-11E8-BF66-D9AA8AFF4A69	SUBJECT_PROCESS	C53609B6-A912-B65B-92A9-B89E0BB6C2E1	FILE_OBJECT_FILE	EVENT_READ	1523030858166114146
A04FC8D5-39B4-11E8-BF66-D9AA8AFF4A69	SUBJECT_PROCESS	C53609B6-A912-B65B-92A9-B89E0BB6C2E1	FILE_OBJECT_FILE	EVENT_READ	1523030858166114146
A04FC8D5-39B4-11E8-BF66-D9AA8AFF4A69	SUBJECT_PROCESS	C53609B6-A912-B65B-92A9-B89E0BB6C2E1	FILE_OBJECT_FILE	EVENT_READ	1523030858166114146
A04FC8D5-39B4-11E8-BF66-D9AA8AFF4A69	SUBJECT_PROCESS	AE441C70-DEC0-BD5F-80DE-3DE4DFBDF253	FILE_OBJECT_FILE	EVENT_OPEN	1523030858166114146
A04FC8D5-39B4-11E8-BF66-D9AA8AFF4A69	SUBJECT_PROCESS	AE441C70-DEC0-BD5F-80DE-3DE4DFBDF253	FILE_OBJECT_FILE	EVENT_READ	1523030858166114146
A04FC8D5-39B4-11E8-BF66-D9AA8AFF4A69	SUBJECT_PROCESS	AE441C70-DEC0-BD5F-80DE-3DE4DFBDF253	FILE_OBJECT_FILE	EVENT_CLOSE	1523030858166114146
A04FC8D5-39B4-11E8-BF66-D9AA8AFF4A69	SUBJECT_PROCESS	104A8C35-2200-3156-8022-4129E631EA52	FILE_OBJECT_FILE	EVENT_OPEN	1523030858166114146
A04FC8D5-39B4-11E8-BF66-D9AA8AFF4A69	SUBJECT_PROCESS	104A8C35-2200-3156-8022-4129E631EA52	FILE_OBJECT_FILE	EVENT_READ	1523030858166114146
A04FC8D5-39B4-11E8-BF66-D9AA8AFF4A69	SUBJECT_PROCESS	104A8C35-2200-3156-8022-4129E631EA52	FILE_OBJECT_FILE	EVENT_CLOSE	1523030858166114146
A04FC8D5-39B4-11E8-BF66-D9AA8AFF4A69	SUBJECT_PROCESS	C53609B6-A912-B65B-92A9-B89E0BB6C2E1	FILE_OBJECT_FILE	EVENT_READ	1523030858166114146
A04FC8D5-39B4-11E8-BF66-D9AA8AFF4A69	SUBJECT_PROCESS	C53609B6-A912-B65B-92A9-B89E0BB6C2E1	FILE_OBJECT_FILE	EVENT_READ	1523030858176110657
A04FC8D5-39B4-11E8-BF66-D9AA8AFF4A69	SUBJECT_PROCESS	C53609B6-A912-B65B-92A9-B89E0BB6C2E1	FILE_OBJECT_FILE	EVENT_READ	1523030858176110657
A04FC8D5-39B4-11E8-BF66-D9AA8AFF4A69	SUBJECT_PROCESS	C53609B6-A912-B65B-92A9-B89E0BB6C2E1	FILE_OBJECT_FILE	EVENT_READ	1523030858176110657
A04FC8D5-39B4-11E8-BF66-D9AA8AFF4A69	SUBJECT_PROCESS	C53609B6-A912-B65B-92A9-B89E0BB6C2E1	FILE_OBJECT_FILE	EVENT_READ	1523030858176110657
A04FC8D5-39B4-11E8-BF66-D9AA8AFF4A69	SUBJECT_PROCESS	C53609B6-A912-B65B-92A9-B89E0BB6C2E1	FILE_OBJECT_FILE	EVENT_READ	1523030858176110657
A04FC8D5-39B4-11E8-BF66-D9AA8AFF4A69	SUBJECT_PROCESS	74CFC86B-E2DD-5D26-92DB-DA60C5330C6D	UnnamedPipeObject	EVENT_WRITE	1523030858176110657
A04FEB78-39B4-11E8-BF66-D9AA8AFF4A69	SUBJECT_PROCESS	74CFC86B-E2DD-5D26-92DB-DA60C5330C6D	UnnamedPipeObject	EVENT_READ	1523030858176110657
A04FEB78-39B4-11E8-BF66-D9AA8AFF4A69	SUBJECT_PROCESS	17797A5B-A3BC-8450-BCA3-FD703084DDDB	FILE_OBJECT_FILE	EVENT_WRITE	1523030858176110657
A04FC8D5-39B4-11E8-BF66-D9AA8AFF4A69	SUBJECT_PROCESS	74CFC86B-E2DD-5D26-92DB-DA60C5330C6D	UnnamedPipeObject	EVENT_WRITE	1523030858176110657
A04FEB78-39B4-11E8-BF66-D9AA8AFF4A69	SUBJECT_PROCESS	74CFC86B-E2DD-5D26-92DB-DA60C5330C6D	UnnamedPipeObject	EVENT_READ	1523030858176110657
A04FEB78-39B4-11E8-BF66-D9AA8AFF4A69	SUBJECT_PROCESS	17797A5B-A3BC-8450-BCA3-FD703084DDDB	FILE_OBJECT_FILE	EVENT_WRITE	1523030858176110657
A04FC8D5-39B4-11E8-BF66-D9AA8AFF4A69	SUBJECT_PROCESS	74CFC86B-E2DD-5D26-92DB-DA60C5330C6D	UnnamedPipeObject	EVENT_WRITE	1523030858176110657
A04FEB78-39B4-11E8-BF66-D9AA8AFF4A69	SUBJECT_PROCESS	17797A5B-A3BC-8450-BCA3-FD703084DDDB	FILE_OBJECT_FILE	EVENT_WRITE	1523030858176110657
A04FC8D5-39B4-11E8-BF66-D9AA8AFF4A69	SUBJECT_PROCESS	A04FC8D5-39B4-11E8-BF66-D9AA8AFF4A69	SUBJECT_PROCESS	EVENT_EXIT	1523030858176110657
A04FEB78-39B4-11E8-BF66-D9AA8AFF4A69	SUBJECT_PROCESS	17797A5B-A3BC-8450-BCA3-FD703084DDDB	FILE_OBJECT_FILE	EVENT_WRITE	1523030858176110657
A04FEB78-39B4-11E8-BF66-D9AA8AFF4A69	SUBJECT_PROCESS	17797A5B-A3BC-8450-BCA3-FD703084DDDB	FILE_OBJECT_FILE	EVENT_WRITE	1523030858176110657
A04FEB78-39B4-11E8-BF66-D9AA8AFF4A69	SUBJECT_PROCESS	74CFC86B-E2DD-5D26-92DB-DA60C5330C6D	UnnamedPipeObject	EVENT_READ	1523030858176110657
A04FEB78-39B4-11E8-BF66-D9AA8AFF4A69	SUBJECT_PROCESS	17797A5B-A3BC-8450-BCA3-FD703084DDDB	FILE_OBJECT_FILE	EVENT_WRITE	1523030858186112188
A04FEB78-39B4-11E8-BF66-D9AA8AFF4A69	SUBJECT_PROCESS	74CFC86B-E2DD-5D26-92DB-DA60C5330C6D	UnnamedPipeObject	EVENT_READ	1523030858186112188
A04FEB78-39B4-11E8-BF66-D9AA8AFF4A69	SUBJECT_PROCESS	17797A5B-A3BC-8450-BCA3-FD703084DDDB	FILE_OBJECT_FILE	EVENT_CLOSE	1523030858186112188
A04FEB78-39B4-11E8-BF66-D9AA8AFF4A69	SUBJECT_PROCESS	A04FEB78-39B4-11E8-BF66-D9AA8AFF4A69	SUBJECT_PROCESS	EVENT_EXIT	1523030858186112188
94ED0D0E-39B4-11E8-BF66-D9AA8AFF4A69	SUBJECT_PROCESS	17797A5B-A3BC-8450-BCA3-FD703084DDDB	FILE_OBJECT_FILE	EVENT_WRITE	1523030858186112188
72FB0406-3678-11E8-BF66-D9AA8AFF4A69	SUBJECT_PROCESS	A01F0C7F-39B4-11E8-BF66-D9AA8AFF4A69	FILE_OBJECT_UNIX_SOCKET	EVENT_CLOSE	1523030858806110457
72FB0406-3678-11E8-BF66-D9AA8AFF4A69	SUBJECT_PROCESS	A01F0CE9-39B4-11E8-BF66-D9AA8AFF4A69	FILE_OBJECT_UNIX_SOCKET	EVENT_CLOSE	1523030858806110457
72FB0406-3678-11E8-BF66-D9AA8AFF4A69	SUBJECT_PROCESS	A0B78D08-39B4-11E8-BF66-D9AA8AFF4A69	FILE_OBJECT_UNIX_SOCKET	EVENT_CREATE_OBJECT	1523030858806110457
72FB0406-3678-11E8-BF66-D9AA8AFF4A69	SUBJECT_PROCESS	A0B78D73-39B4-11E8-BF66-D9AA8AFF4A69	FILE_OBJECT_UNIX_SOCKET	EVENT_CREATE_OBJECT	1523030858806110457
72FB0406-3678-11E8-BF66-D9AA8AFF4A69	SUBJECT_PROCESS	A0B78D08-39B4-11E8-BF66-D9AA8AFF4A69	FILE_OBJECT_UNIX_SOCKET	EVENT_CLOSE	1523030859816108737
72FB0406-3678-11E8-BF66-D9AA8AFF4A69	SUBJECT_PROCESS	A0B78D73-39B4-11E8-BF66-D9AA8AFF4A69	FILE_OBJECT_UNIX_SOCKET	EVENT_CLOSE	1523030859816108737
72FB0406-3678-11E8-BF66-D9AA8AFF4A69	SUBJECT_PROCESS	A151C552-39B4-11E8-BF66-D9AA8AFF4A69	FILE_OBJECT_UNIX_SOCKET	EVENT_CREATE_OBJECT	1523030859816108737
72FB0406-3678-11E8-BF66-D9AA8AFF4A69	SUBJECT_PROCESS	A151C5BB-39B4-11E8-BF66-D9AA8AFF4A69	FILE_OBJECT_UNIX_SOCKET	EVENT_CREATE_OBJECT	1523030859816108737
72FB0406-3678-11E8-BF66-D9AA8AFF4A69	SUBJECT_PROCESS	A151C552-39B4-11E8-BF66-D9AA8AFF4A69	FILE_OBJECT_UNIX_SOCKET	EVENT_CLOSE	1523030860806145296
72FB0406-3678-11E8-BF66-D9AA8AFF4A69	SUBJECT_PROCESS	A151C5BB-39B4-11E8-BF66-D9AA8AFF4A69	FILE_OBJECT_UNIX_SOCKET	EVENT_CLOSE	1523030860806145296
72FB0406-3678-11E8-BF66-D9AA8AFF4A69	SUBJECT_PROCESS	A1E8BFA3-39B4-11E8-BF66-D9AA8AFF4A69	FILE_OBJECT_UNIX_SOCKET	EVENT_CREATE_OBJECT	1523030860806145296
72FB0406-3678-11E8-BF66-D9AA8AFF4A69	SUBJECT_PROCESS	A1E8C010-39B4-11E8-BF66-D9AA8AFF4A69	FILE_OBJECT_UNIX_SOCKET	EVENT_CREATE_OBJECT	1523030860806145296
690EAD77-39B4-11E8-BF66-D9AA8AFF4A69	SUBJECT_PROCESS	64EE4B93-8566-E751-A685-83EDE1E76E1A	FILE_OBJECT_FILE	EVENT_READ	1523030861556109436
690EAD77-39B4-11E8-BF66-D9AA8AFF4A69	SUBJECT_PROCESS	64EE4B93-8566-E751-A685-83EDE1E76E1A	FILE_OBJECT_FILE	EVENT_READ	1523030861556109436
690EAD77-39B4-11E8-BF66-D9AA8AFF4A69	SUBJECT_PROCESS	64EE4B93-8566-E751-A685-83EDE1E76E1A	FILE_OBJECT_FILE	EVENT_WRITE	1523030861556109436
72FB0406-3678-11E8-BF66-D9AA8AFF4A69	SUBJECT_PROCESS	A1E8BFA3-39B4-11E8-BF66-D9AA8AFF4A69	FILE_OBJECT_UNIX_SOCKET	EVENT_CLOSE	1523030861806107545
72FB0406-3678-11E8-BF66-D9AA8AFF4A69	SUBJECT_PROCESS	A1E8C010-39B4-11E8-BF66-D9AA8AFF4A69	FILE_OBJECT_UNIX_SOCKET	EVENT_CLOSE	1523030861806107545
72FB0406-3678-11E8-BF66-D9AA8AFF4A69	SUBJECT_PROCESS	A2814B98-39B4-11E8-BF66-D9AA8AFF4A69	FILE_OBJECT_UNIX_SOCKET	EVENT_CREATE_OBJECT	1523030861806107545
72FB0406-3678-11E8-BF66-D9AA8AFF4A69	SUBJECT_PROCESS	A2814BFC-39B4-11E8-BF66-D9AA8AFF4A69	FILE_OBJECT_UNIX_SOCKET	EVENT_CREATE_OBJECT	1523030861806107545
690EAD77-39B4-11E8-BF66-D9AA8AFF4A69	SUBJECT_PROCESS	64EE4B93-8566-E751-A685-83EDE1E76E1A	FILE_OBJECT_FILE	EVENT_READ	1523030862236108370
690EAD77-39B4-11E8-BF66-D9AA8AFF4A69	SUBJECT_PROCESS	64EE4B93-8566-E751-A685-83EDE1E76E1A	FILE_OBJECT_FILE	EVENT_WRITE	1523030862246111210
690EAD77-39B4-11E8-BF66-D9AA8AFF4A69	SUBJECT_PROCESS	64EE4B93-8566-E751-A685-83EDE1E76E1A	FILE_OBJECT_FILE	EVENT_WRITE	1523030862246111210
72FB0406-3678-11E8-BF66-D9AA8AFF4A69	SUBJECT_PROCESS	A2814B98-39B4-11E8-BF66-D9AA8AFF4A69	FILE_OBJECT_UNIX_SOCKET	EVENT_CLOSE	1523030862806110325
72FB0406-3678-11E8-BF66-D9AA8AFF4A69	SUBJECT_PROCESS	A2814BFC-39B4-11E8-BF66-D9AA8AFF4A69	FILE_OBJECT_UNIX_SOCKET	EVENT_CLOSE	1523030862806110325
72FB0406-3678-11E8-BF66-D9AA8AFF4A69	SUBJECT_PROCESS	A319E1B8-39B4-11E8-BF66-D9AA8AFF4A69	FILE_OBJECT_UNIX_SOCKET	EVENT_CREATE_OBJECT	1523030862806110325
72FB0406-3678-11E8-BF66-D9AA8AFF4A69	SUBJECT_PROCESS	A319E224-39B4-11E8-BF66-D9AA8AFF4A69	FILE_OBJECT_UNIX_SOCKET	EVENT_CREATE_OBJECT	1523030862806110325
690EAD77-39B4-11E8-BF66-D9AA8AFF4A69	SUBJECT_PROCESS	64EE4B93-8566-E751-A685-83EDE1E76E1A	FILE_OBJECT_FILE	EVENT_READ	1523030862946108366
690EAD77-39B4-11E8-BF66-D9AA8AFF4A69	SUBJECT_PROCESS	64EE4B93-8566-E751-A685-83EDE1E76E1A	FILE_OBJECT_FILE	EVENT_WRITE	1523030862946108366
690EAD77-39B4-11E8-BF66-D9AA8AFF4A69	SUBJECT_PROCESS	64EE4B93-8566-E751-A685-83EDE1E76E1A	FILE_OBJECT_FILE	EVENT_READ	1523030863146110522
690EAD77-39B4-11E8-BF66-D9AA8AFF4A69	SUBJECT_PROCESS	64EE4B93-8566-E751-A685-83EDE1E76E1A	FILE_OBJECT_FILE	EVENT_WRITE	1523030863146110522
690EAD77-39B4-11E8-BF66-D9AA8AFF4A69	SUBJECT_PROCESS	64EE4B93-8566-E751-A685-83EDE1E76E1A	FILE_OBJECT_FILE	EVENT_READ	1523030863256110151
690EAD77-39B4-11E8-BF66-D9AA8AFF4A69	SUBJECT_PROCESS	64EE4B93-8566-E751-A685-83EDE1E76E1A	FILE_OBJECT_FILE	EVENT_WRITE	1523030863256110151
690EAD77-39B4-11E8-BF66-D9AA8AFF4A69	SUBJECT_PROCESS	64EE4B93-8566-E751-A685-83EDE1E76E1A	FILE_OBJECT_FILE	EVENT_READ	1523030863416112943
690EAD77-39B4-11E8-BF66-D9AA8AFF4A69	SUBJECT_PROCESS	64EE4B93-8566-E751-A685-83EDE1E76E1A	FILE_OBJECT_FILE	EVENT_WRITE	1523030863416112943
72FB0406-3678-11E8-BF66-D9AA8AFF4A69	SUBJECT_PROCESS	A319E1B8-39B4-11E8-BF66-D9AA8AFF4A69	FILE_OBJECT_UNIX_SOCKET	EVENT_CLOSE	1523030863816114065
72FB0406-3678-11E8-BF66-D9AA8AFF4A69	SUBJECT_PROCESS	A319E224-39B4-11E8-BF66-D9AA8AFF4A69	FILE_OBJECT_UNIX_SOCKET	EVENT_CLOSE	1523030863816114065
72FB0406-3678-11E8-BF66-D9AA8AFF4A69	SUBJECT_PROCESS	A3B40C1B-39B4-11E8-BF66-D9AA8AFF4A69	FILE_OBJECT_UNIX_SOCKET	EVENT_CREATE_OBJECT	1523030863816114065
72FB0406-3678-11E8-BF66-D9AA8AFF4A69	SUBJECT_PROCESS	A3B40C86-39B4-11E8-BF66-D9AA8AFF4A69	FILE_OBJECT_UNIX_SOCKET	EVENT_CREATE_OBJECT	1523030863816114065
72FB0406-3678-11E8-BF66-D9AA8AFF4A69	SUBJECT_PROCESS	A3B40C1B-39B4-11E8-BF66-D9AA8AFF4A69	FILE_OBJECT_UNIX_SOCKET	EVENT_CLOSE	1523030864806109174
72FB0406-3678-11E8-BF66-D9AA8AFF4A69	SUBJECT_PROCESS	A3B40C86-39B4-11E8-BF66-D9AA8AFF4A69	FILE_OBJECT_UNIX_SOCKET	EVENT_CLOSE	1523030864806109174
72FB0406-3678-11E8-BF66-D9AA8AFF4A69	SUBJECT_PROCESS	A44B146B-39B4-11E8-BF66-D9AA8AFF4A69	FILE_OBJECT_UNIX_SOCKET	EVENT_CREATE_OBJECT	1523030864806109174
72FB0406-3678-11E8-BF66-D9AA8AFF4A69	SUBJECT_PROCESS	A44B14DA-39B4-11E8-BF66-D9AA8AFF4A69	FILE_OBJECT_UNIX_SOCKET	EVENT_CREATE_OBJECT	1523030864806109174
72FB0406-3678-11E8-BF66-D9AA8AFF4A69	SUBJECT_PROCESS	A44B146B-39B4-11E8-BF66-D9AA8AFF4A69	FILE_OBJECT_UNIX_SOCKET	EVENT_CLOSE	1523030865816110474
72FB0406-3678-11E8-BF66-D9AA8AFF4A69	SUBJECT_PROCESS	A44B14DA-39B4-11E8-BF66-D9AA8AFF4A69	FILE_OBJECT_UNIX_SOCKET	EVENT_CLOSE	1523030865816110474
72FB0406-3678-11E8-BF66-D9AA8AFF4A69	SUBJECT_PROCESS	A4E553D5-39B4-11E8-BF66-D9AA8AFF4A69	FILE_OBJECT_UNIX_SOCKET	EVENT_CREATE_OBJECT	1523030865816110474
72FB0406-3678-11E8-BF66-D9AA8AFF4A69	SUBJECT_PROCESS	A4E5543A-39B4-11E8-BF66-D9AA8AFF4A69	FILE_OBJECT_UNIX_SOCKET	EVENT_CREATE_OBJECT	1523030865816110474
F7496C26-383C-11E8-BF66-D9AA8AFF4A69	SUBJECT_PROCESS	F74953D1-383C-11E8-BF66-D9AA8AFF4A69	NetFlowObject	EVENT_WRITE	1523030866636110959
F7496C26-383C-11E8-BF66-D9AA8AFF4A69	SUBJECT_PROCESS	F74953D1-383C-11E8-BF66-D9AA8AFF4A69	NetFlowObject	EVENT_READ	1523030866636110959
F7496C26-383C-11E8-BF66-D9AA8AFF4A69	SUBJECT_PROCESS	F74953D1-383C-11E8-BF66-D9AA8AFF4A69	NetFlowObject	EVENT_WRITE	1523030866636110959
F7496C26-383C-11E8-BF66-D9AA8AFF4A69	SUBJECT_PROCESS	F74953D1-383C-11E8-BF66-D9AA8AFF4A69	NetFlowObject	EVENT_READ	1523030866636110959
F7496C26-383C-11E8-BF66-D9AA8AFF4A69	SUBJECT_PROCESS	F74953D1-383C-11E8-BF66-D9AA8AFF4A69	NetFlowObject	EVENT_WRITE	1523030866636110959
F7496C26-383C-11E8-BF66-D9AA8AFF4A69	SUBJECT_PROCESS	F74953D1-383C-11E8-BF66-D9AA8AFF4A69	NetFlowObject	EVENT_READ	1523030866636110959
F7496C26-383C-11E8-BF66-D9AA8AFF4A69	SUBJECT_PROCESS	F74953D1-383C-11E8-BF66-D9AA8AFF4A69	NetFlowObject	EVENT_WRITE	1523030866636110959
F7496C26-383C-11E8-BF66-D9AA8AFF4A69	SUBJECT_PROCESS	F74953D1-383C-11E8-BF66-D9AA8AFF4A69	NetFlowObject	EVENT_READ	1523030866646107720
F7496C26-383C-11E8-BF66-D9AA8AFF4A69	SUBJECT_PROCESS	F74953D1-383C-11E8-BF66-D9AA8AFF4A69	NetFlowObject	EVENT_WRITE	1523030866646107720
72FB0406-3678-11E8-BF66-D9AA8AFF4A69	SUBJECT_PROCESS	A4E553D5-39B4-11E8-BF66-D9AA8AFF4A69	FILE_OBJECT_UNIX_SOCKET	EVENT_CLOSE	1523030866806110643
72FB0406-3678-11E8-BF66-D9AA8AFF4A69	SUBJECT_PROCESS	A4E5543A-39B4-11E8-BF66-D9AA8AFF4A69	FILE_OBJECT_UNIX_SOCKET	EVENT_CLOSE	1523030866806110643
72FB0406-3678-11E8-BF66-D9AA8AFF4A69	SUBJECT_PROCESS	A57C5528-39B4-11E8-BF66-D9AA8AFF4A69	FILE_OBJECT_UNIX_SOCKET	EVENT_CREATE_OBJECT	1523030866806110643
72FB0406-3678-11E8-BF66-D9AA8AFF4A69	SUBJECT_PROCESS	A57C558F-39B4-11E8-BF66-D9AA8AFF4A69	FILE_OBJECT_UNIX_SOCKET	EVENT_CREATE_OBJECT	1523030866806110643
72FB0406-3678-11E8-BF66-D9AA8AFF4A69	SUBJECT_PROCESS	A57C5528-39B4-11E8-BF66-D9AA8AFF4A69	FILE_OBJECT_UNIX_SOCKET	EVENT_CLOSE	1523030867816109693
72FB0406-3678-11E8-BF66-D9AA8AFF4A69	SUBJECT_PROCESS	A57C558F-39B4-11E8-BF66-D9AA8AFF4A69	FILE_OBJECT_UNIX_SOCKET	EVENT_CLOSE	1523030867816109693
72FB0406-3678-11E8-BF66-D9AA8AFF4A69	SUBJECT_PROCESS	A61660F7-39B4-11E8-BF66-D9AA8AFF4A69	FILE_OBJECT_UNIX_SOCKET	EVENT_CREATE_OBJECT	1523030867816109693
72FB0406-3678-11E8-BF66-D9AA8AFF4A69	SUBJECT_PROCESS	A6166162-39B4-11E8-BF66-D9AA8AFF4A69	FILE_OBJECT_UNIX_SOCKET	EVENT_CREATE_OBJECT	1523030867816109693
72FB0406-3678-11E8-BF66-D9AA8AFF4A69	SUBJECT_PROCESS	A61660F7-39B4-11E8-BF66-D9AA8AFF4A69	FILE_OBJECT_UNIX_SOCKET	EVENT_CLOSE	1523030868806108312
72FB0406-3678-11E8-BF66-D9AA8AFF4A69	SUBJECT_PROCESS	A6166162-39B4-11E8-BF66-D9AA8AFF4A69	FILE_OBJECT_UNIX_SOCKET	EVENT_CLOSE	1523030868806108312
72FB0406-3678-11E8-BF66-D9AA8AFF4A69	SUBJECT_PROCESS	A6AD7D98-39B4-11E8-BF66-D9AA8AFF4A69	FILE_OBJECT_UNIX_SOCKET	EVENT_CREATE_OBJECT	1523030868806108312
72FB0406-3678-11E8-BF66-D9AA8AFF4A69	SUBJECT_PROCESS	A6AD7E02-39B4-11E8-BF66-D9AA8AFF4A69	FILE_OBJECT_UNIX_SOCKET	EVENT_CREATE_OBJECT	1523030868806108312
84C15D93-39B4-11E8-BF66-D9AA8AFF4A69	SUBJECT_PROCESS	84C15D93-39B4-11E8-BF66-D9AA8AFF4A69	SUBJECT_PROCESS	EVENT_EXIT	1523030868916107981
D59C58B7-373D-11E8-BF66-D9AA8AFF4A69	SUBJECT_PROCESS	A6BE44A1-39B4-11E8-BF66-D9AA8AFF4A69	SUBJECT_PROCESS	EVENT_FORK	1523030868916107981
A6BE44A1-39B4-11E8-BF66-D9AA8AFF4A69	SUBJECT_PROCESS	CC349957-3DA4-8E5E-A43D-C7740E8ECAA9	FILE_OBJECT_FILE	EVENT_CLOSE	1523030868916107981
A6BE44A1-39B4-11E8-BF66-D9AA8AFF4A69	SUBJECT_PROCESS	4D344F9D-3989-8550-8939-91A3B085C709	FILE_OBJECT_FILE	EVENT_OPEN	1523030868916107981
A6BE44A1-39B4-11E8-BF66-D9AA8AFF4A69	SUBJECT_PROCESS	4D344F9D-3989-8550-8939-91A3B085C709	FILE_OBJECT_FILE	EVENT_CLOSE	1523030868916107981
A6BE44A1-39B4-11E8-BF66-D9AA8AFF4A69	SUBJECT_PROCESS	330061CF-6BB3-C45E-B36B-B89D7EC4F443	FILE_OBJECT_FILE	EVENT_EXECUTE	1523030868916107981
A6BE44A1-39B4-11E8-BF66-D9AA8AFF4A69	SUBJECT_PROCESS	7A350F75-9945-425D-8599-15CEBD426F06	FILE_OBJECT_FILE	EVENT_EXECUTE	1523030868916107981
A6BE44A1-39B4-11E8-BF66-D9AA8AFF4A69	SUBJECT_PROCESS	51110606-D232-9652-B2D2-3A7242968F8A	FILE_OBJECT_FILE	EVENT_OPEN	1523030868916107981
A6BE44A1-39B4-11E8-BF66-D9AA8AFF4A69	SUBJECT_PROCESS	51110606-D232-9652-B2D2-3A7242968F8A	FILE_OBJECT_FILE	EVENT_READ	1523030868916107981
A6BE44A1-39B4-11E8-BF66-D9AA8AFF4A69	SUBJECT_PROCESS	51110606-D232-9652-B2D2-3A7242968F8A	FILE_OBJECT_FILE	EVENT_CLOSE	1523030868916107981
A6BE44A1-39B4-11E8-BF66-D9AA8AFF4A69	SUBJECT_PROCESS	8A44F292-648B-7854-8B64-00F954785A79	FILE_OBJECT_FILE	EVENT_OPEN	1523030868916107981
A6BE44A1-39B4-11E8-BF66-D9AA8AFF4A69	SUBJECT_PROCESS	8A44F292-648B-7854-8B64-00F954785A79	FILE_OBJECT_FILE	EVENT_READ	1523030868916107981
A6BE44A1-39B4-11E8-BF66-D9AA8AFF4A69	SUBJECT_PROCESS	8A44F292-648B-7854-8B64-00F954785A79	FILE_OBJECT_FILE	EVENT_READ	1523030868916107981
A6BE44A1-39B4-11E8-BF66-D9AA8AFF4A69	SUBJECT_PROCESS	8A44F292-648B-7854-8B64-00F954785A79	FILE_OBJECT_FILE	EVENT_CLOSE	1523030868916107981
A6BE44A1-39B4-11E8-BF66-D9AA8AFF4A69	SUBJECT_PROCESS	FC2CA9A1-1BCF-8B57-8F1B-A854778B9026	FILE_OBJECT_FILE	EVENT_OPEN	1523030868916107981
A6BE44A1-39B4-11E8-BF66-D9AA8AFF4A69	SUBJECT_PROCESS	FC2CA9A1-1BCF-8B57-8F1B-A854778B9026	FILE_OBJECT_FILE	EVENT_MMAP	1523030868916107981
A6BE44A1-39B4-11E8-BF66-D9AA8AFF4A69	SUBJECT_PROCESS	FC2CA9A1-1BCF-8B57-8F1B-A854778B9026	FILE_OBJECT_FILE	EVENT_MMAP	1523030868926110171
A6BE44A1-39B4-11E8-BF66-D9AA8AFF4A69	SUBJECT_PROCESS	FC2CA9A1-1BCF-8B57-8F1B-A854778B9026	FILE_OBJECT_FILE	EVENT_MMAP	1523030868926110171
A6BE44A1-39B4-11E8-BF66-D9AA8AFF4A69	SUBJECT_PROCESS	FC2CA9A1-1BCF-8B57-8F1B-A854778B9026	FILE_OBJECT_FILE	EVENT_MMAP	1523030868926110171
A6BE44A1-39B4-11E8-BF66-D9AA8AFF4A69	SUBJECT_PROCESS	FC2CA9A1-1BCF-8B57-8F1B-A854778B9026	FILE_OBJECT_FILE	EVENT_MMAP	1523030868926110171
A6BE44A1-39B4-11E8-BF66-D9AA8AFF4A69	SUBJECT_PROCESS	FC2CA9A1-1BCF-8B57-8F1B-A854778B9026	FILE_OBJECT_FILE	EVENT_MMAP	1523030868926110171
A6BE44A1-39B4-11E8-BF66-D9AA8AFF4A69	SUBJECT_PROCESS	FC2CA9A1-1BCF-8B57-8F1B-A854778B9026	FILE_OBJECT_FILE	EVENT_CLOSE	1523030868926110171
A6BE44A1-39B4-11E8-BF66-D9AA8AFF4A69	SUBJECT_PROCESS	718F288D-A702-1B5D-82A7-80807D1BB326	FILE_OBJECT_FILE	EVENT_OPEN	1523030868926110171
A6BE44A1-39B4-11E8-BF66-D9AA8AFF4A69	SUBJECT_PROCESS	718F288D-A702-1B5D-82A7-80807D1BB326	FILE_OBJECT_FILE	EVENT_MMAP	1523030868926110171
A6BE44A1-39B4-11E8-BF66-D9AA8AFF4A69	SUBJECT_PROCESS	718F288D-A702-1B5D-82A7-80807D1BB326	FILE_OBJECT_FILE	EVENT_MMAP	1523030868926110171
A6BE44A1-39B4-11E8-BF66-D9AA8AFF4A69	SUBJECT_PROCESS	718F288D-A702-1B5D-82A7-80807D1BB326	FILE_OBJECT_FILE	EVENT_MMAP	1523030868926110171
A6BE44A1-39B4-11E8-BF66-D9AA8AFF4A69	SUBJECT_PROCESS	718F288D-A702-1B5D-82A7-80807D1BB326	FILE_OBJECT_FILE	EVENT_MMAP	1523030868926110171
A6BE44A1-39B4-11E8-BF66-D9AA8AFF4A69	SUBJECT_PROCESS	718F288D-A702-1B5D-82A7-80807D1BB326	FILE_OBJECT_FILE	EVENT_MMAP	1523030868926110171
A6BE44A1-39B4-11E8-BF66-D9AA8AFF4A69	SUBJECT_PROCESS	718F288D-A702-1B5D-82A7-80807D1BB326	FILE_OBJECT_FILE	EVENT_MMAP	1523030868926110171
A6BE44A1-39B4-11E8-BF66-D9AA8AFF4A69	SUBJECT_PROCESS	718F288D-A702-1B5D-82A7-80807D1BB326	FILE_OBJECT_FILE	EVENT_CLOSE	1523030868926110171
A6BE44A1-39B4-11E8-BF66-D9AA8AFF4A69	SUBJECT_PROCESS	4F909471-32BE-7C54-BE32-1D05C47CA876	FILE_OBJECT_FILE	EVENT_OPEN	1523030868926110171
A6BE44A1-39B4-11E8-BF66-D9AA8AFF4A69	SUBJECT_PROCESS	4F909471-32BE-7C54-BE32-1D05C47CA876	FILE_OBJECT_FILE	EVENT_MMAP	1523030868926110171
A6BE44A1-39B4-11E8-BF66-D9AA8AFF4A69	SUBJECT_PROCESS	4F909471-32BE-7C54-BE32-1D05C47CA876	FILE_OBJECT_FILE	EVENT_MMAP	1523030868926110171
A6BE44A1-39B4-11E8-BF66-D9AA8AFF4A69	SUBJECT_PROCESS	4F909471-32BE-7C54-BE32-1D05C47CA876	FILE_OBJECT_FILE	EVENT_MMAP	1523030868926110171
A6BE44A1-39B4-11E8-BF66-D9AA8AFF4A69	SUBJECT_PROCESS	4F909471-32BE-7C54-BE32-1D05C47CA876	FILE_OBJECT_FILE	EVENT_MMAP	1523030868926110171
A6BE44A1-39B4-11E8-BF66-D9AA8AFF4A69	SUBJECT_PROCESS	4F909471-32BE-7C54-BE32-1D05C47CA876	FILE_OBJECT_FILE	EVENT_MMAP	1523030868926110171
A6BE44A1-39B4-11E8-BF66-D9AA8AFF4A69	SUBJECT_PROCESS	4F909471-32BE-7C54-BE32-1D05C47CA876	FILE_OBJECT_FILE	EVENT_MMAP	1523030868926110171
A6BE44A1-39B4-11E8-BF66-D9AA8AFF4A69	SUBJECT_PROCESS	4F909471-32BE-7C54-BE32-1D05C47CA876	FILE_OBJECT_FILE	EVENT_CLOSE	1523030868936116872
A6BE44A1-39B4-11E8-BF66-D9AA8AFF4A69	SUBJECT_PROCESS	0905A02C-D979-5D57-B9D9-F12D475D7A9B	FILE_OBJECT_FILE	EVENT_OPEN	1523030868936116872
A6BE44A1-39B4-11E8-BF66-D9AA8AFF4A69	SUBJECT_PROCESS	0905A02C-D979-5D57-B9D9-F12D475D7A9B	FILE_OBJECT_FILE	EVENT_MMAP	1523030868936116872
A6BE44A1-39B4-11E8-BF66-D9AA8AFF4A69	SUBJECT_PROCESS	0905A02C-D979-5D57-B9D9-F12D475D7A9B	FILE_OBJECT_FILE	EVENT_MMAP	1523030868936116872
A6BE44A1-39B4-11E8-BF66-D9AA8AFF4A69	SUBJECT_PROCESS	0905A02C-D979-5D57-B9D9-F12D475D7A9B	FILE_OBJECT_FILE	EVENT_MMAP	1523030868936116872
A6BE44A1-39B4-11E8-BF66-D9AA8AFF4A69	SUBJECT_PROCESS	0905A02C-D979-5D57-B9D9-F12D475D7A9B	FILE_OBJECT_FILE	EVENT_MMAP	1523030868936116872
A6BE44A1-39B4-11E8-BF66-D9AA8AFF4A69	SUBJECT_PROCESS	0905A02C-D979-5D57-B9D9-F12D475D7A9B	FILE_OBJECT_FILE	EVENT_MMAP	1523030868936116872
A6BE44A1-39B4-11E8-BF66-D9AA8AFF4A69	SUBJECT_PROCESS	0905A02C-D979-5D57-B9D9-F12D475D7A9B	FILE_OBJECT_FILE	EVENT_MMAP	1523030868936116872
A6BE44A1-39B4-11E8-BF66-D9AA8AFF4A69	SUBJECT_PROCESS	0905A02C-D979-5D57-B9D9-F12D475D7A9B	FILE_OBJECT_FILE	EVENT_CLOSE	1523030868936116872
A6BE44A1-39B4-11E8-BF66-D9AA8AFF4A69	SUBJECT_PROCESS	9FF334BB-9072-D756-B290-556656D73728	FILE_OBJECT_FILE	EVENT_OPEN	1523030868936116872
A6BE44A1-39B4-11E8-BF66-D9AA8AFF4A69	SUBJECT_PROCESS	9FF334BB-9072-D756-B290-556656D73728	FILE_OBJECT_FILE	EVENT_MMAP	1523030868936116872
A6BE44A1-39B4-11E8-BF66-D9AA8AFF4A69	SUBJECT_PROCESS	9FF334BB-9072-D756-B290-556656D73728	FILE_OBJECT_FILE	EVENT_MMAP	1523030868936116872
A6BE44A1-39B4-11E8-BF66-D9AA8AFF4A69	SUBJECT_PROCESS	9FF334BB-9072-D756-B290-556656D73728	FILE_OBJECT_FILE	EVENT_MMAP	1523030868936116872
A6BE44A1-39B4-11E8-BF66-D9AA8AFF4A69	SUBJECT_PROCESS	9FF334BB-9072-D756-B290-556656D73728	FILE_OBJECT_FILE	EVENT_MMAP	1523030868936116872
A6BE44A1-39B4-11E8-BF66-D9AA8AFF4A69	SUBJECT_PROCESS	9FF334BB-9072-D756-B290-556656D73728	FILE_OBJECT_FILE	EVENT_MMAP	1523030868936116872
A6BE44A1-39B4-11E8-BF66-D9AA8AFF4A69	SUBJECT_PROCESS	9FF334BB-9072-D756-B290-556656D73728	FILE_OBJECT_FILE	EVENT_MMAP	1523030868936116872
A6BE44A1-39B4-11E8-BF66-D9AA8AFF4A69	SUBJECT_PROCESS	9FF334BB-9072-D756-B290-556656D73728	FILE_OBJECT_FILE	EVENT_CLOSE	1523030868936116872
A6BE44A1-39B4-11E8-BF66-D9AA8AFF4A69	SUBJECT_PROCESS	76A739B1-A13E-FD50-BEA1-B218A0FD0400	FILE_OBJECT_FILE	EVENT_OPEN	1523030868936116872
A6BE44A1-39B4-11E8-BF66-D9AA8AFF4A69	SUBJECT_PROCESS	76A739B1-A13E-FD50-BEA1-B218A0FD0400	FILE_OBJECT_FILE	EVENT_MMAP	1523030868936116872
A6BE44A1-39B4-11E8-BF66-D9AA8AFF4A69	SUBJECT_PROCESS	76A739B1-A13E-FD50-BEA1-B218A0FD0400	FILE_OBJECT_FILE	EVENT_MMAP	1523030868936116872
A6BE44A1-39B4-11E8-BF66-D9AA8AFF4A69	SUBJECT_PROCESS	76A739B1-A13E-FD50-BEA1-B218A0FD0400	FILE_OBJECT_FILE	EVENT_MMAP	1523030868936116872
A6BE44A1-39B4-11E8-BF66-D9AA8AFF4A69	SUBJECT_PROCESS	76A739B1-A13E-FD50-BEA1-B218A0FD0400	FILE_OBJECT_FILE	EVENT_MMAP	1523030868946109203
A6BE44A1-39B4-11E8-BF66-D9AA8AFF4A69	SUBJECT_PROCESS	76A739B1-A13E-FD50-BEA1-B218A0FD0400	FILE_OBJECT_FILE	EVENT_MMAP	1523030868946109203
A6BE44A1-39B4-11E8-BF66-D9AA8AFF4A69	SUBJECT_PROCESS	76A739B1-A13E-FD50-BEA1-B218A0FD0400	FILE_OBJECT_FILE	EVENT_MMAP	1523030868946109203
A6BE44A1-39B4-11E8-BF66-D9AA8AFF4A69	SUBJECT_PROCESS	76A739B1-A13E-FD50-BEA1-B218A0FD0400	FILE_OBJECT_FILE	EVENT_CLOSE	1523030868946109203
A6BE44A1-39B4-11E8-BF66-D9AA8AFF4A69	SUBJECT_PROCESS	F29977F6-07A2-935B-A207-C4871B93FE07	FILE_OBJECT_FILE	EVENT_OPEN	1523030868946109203
A6BE44A1-39B4-11E8-BF66-D9AA8AFF4A69	SUBJECT_PROCESS	F29977F6-07A2-935B-A207-C4871B93FE07	FILE_OBJECT_FILE	EVENT_MMAP	1523030868946109203
A6BE44A1-39B4-11E8-BF66-D9AA8AFF4A69	SUBJECT_PROCESS	F29977F6-07A2-935B-A207-C4871B93FE07	FILE_OBJECT_FILE	EVENT_MMAP	1523030868946109203
A6BE44A1-39B4-11E8-BF66-D9AA8AFF4A69	SUBJECT_PROCESS	F29977F6-07A2-935B-A207-C4871B93FE07	FILE_OBJECT_FILE	EVENT_MMAP	1523030868946109203
A6BE44A1-39B4-11E8-BF66-D9AA8AFF4A69	SUBJECT_PROCESS	F29977F6-07A2-935B-A207-C4871B93FE07	FILE_OBJECT_FILE	EVENT_MMAP	1523030868946109203
A6BE44A1-39B4-11E8-BF66-D9AA8AFF4A69	SUBJECT_PROCESS	F29977F6-07A2-935B-A207-C4871B93FE07	FILE_OBJECT_FILE	EVENT_MMAP	1523030868946109203
A6BE44A1-39B4-11E8-BF66-D9AA8AFF4A69	SUBJECT_PROCESS	F29977F6-07A2-935B-A207-C4871B93FE07	FILE_OBJECT_FILE	EVENT_MMAP	1523030868946109203
A6BE44A1-39B4-11E8-BF66-D9AA8AFF4A69	SUBJECT_PROCESS	F29977F6-07A2-935B-A207-C4871B93FE07	FILE_OBJECT_FILE	EVENT_CLOSE	1523030868946109203
A6BE44A1-39B4-11E8-BF66-D9AA8AFF4A69	SUBJECT_PROCESS	F410BE96-4C0C-765E-8C4C-6F0E2E760020	FILE_OBJECT_FILE	EVENT_OPEN	1523030868946109203
A6BE44A1-39B4-11E8-BF66-D9AA8AFF4A69	SUBJECT_PROCESS	F410BE96-4C0C-765E-8C4C-6F0E2E760020	FILE_OBJECT_FILE	EVENT_MMAP	1523030868946109203
A6BE44A1-39B4-11E8-BF66-D9AA8AFF4A69	SUBJECT_PROCESS	F410BE96-4C0C-765E-8C4C-6F0E2E760020	FILE_OBJECT_FILE	EVENT_MMAP	1523030868946109203
A6BE44A1-39B4-11E8-BF66-D9AA8AFF4A69	SUBJECT_PROCESS	F410BE96-4C0C-765E-8C4C-6F0E2E760020	FILE_OBJECT_FILE	EVENT_CLOSE	1523030868946109203
A6BE44A1-39B4-11E8-BF66-D9AA8AFF4A69	SUBJECT_PROCESS	4D344F9D-3989-8550-8939-91A3B085C709	FILE_OBJECT_FILE	EVENT_WRITE	1523030869016110488
A6BE44A1-39B4-11E8-BF66-D9AA8AFF4A69	SUBJECT_PROCESS	4D344F9D-3989-8550-8939-91A3B085C709	FILE_OBJECT_FILE	EVENT_WRITE	1523030869016110488
A6BE44A1-39B4-11E8-BF66-D9AA8AFF4A69	SUBJECT_PROCESS	A6BE44A1-39B4-11E8-BF66-D9AA8AFF4A69	SUBJECT_PROCESS	EVENT_EXIT	1523030869016110488
D59C58B7-373D-11E8-BF66-D9AA8AFF4A69	SUBJECT_PROCESS	A6CF14F9-39B4-11E8-BF66-D9AA8AFF4A69	SUBJECT_PROCESS	EVENT_FORK	1523030869026112269
A6CF14F9-39B4-11E8-BF66-D9AA8AFF4A69	SUBJECT_PROCESS	CC349957-3DA4-8E5E-A43D-C7740E8ECAA9	FILE_OBJECT_FILE	EVENT_CLOSE	1523030869026112269
A6CF14F9-39B4-11E8-BF66-D9AA8AFF4A69	SUBJECT_PROCESS	6C836AA2-BB54-3A58-94BB-1E5D583A637E	FILE_OBJECT_FILE	EVENT_EXECUTE	1523030869026112269
A6CF14F9-39B4-11E8-BF66-D9AA8AFF4A69	SUBJECT_PROCESS	7A350F75-9945-425D-8599-15CEBD426F06	FILE_OBJECT_FILE	EVENT_EXECUTE	1523030869026112269
A6CF14F9-39B4-11E8-BF66-D9AA8AFF4A69	SUBJECT_PROCESS	51110606-D232-9652-B2D2-3A7242968F8A	FILE_OBJECT_FILE	EVENT_OPEN	1523030869026112269
A6CF14F9-39B4-11E8-BF66-D9AA8AFF4A69	SUBJECT_PROCESS	51110606-D232-9652-B2D2-3A7242968F8A	FILE_OBJECT_FILE	EVENT_READ	1523030869026112269
A6CF14F9-39B4-11E8-BF66-D9AA8AFF4A69	SUBJECT_PROCESS	51110606-D232-9652-B2D2-3A7242968F8A	FILE_OBJECT_FILE	EVENT_CLOSE	1523030869026112269
A6CF14F9-39B4-11E8-BF66-D9AA8AFF4A69	SUBJECT_PROCESS	8A44F292-648B-7854-8B64-00F954785A79	FILE_OBJECT_FILE	EVENT_OPEN	1523030869026112269
A6CF14F9-39B4-11E8-BF66-D9AA8AFF4A69	SUBJECT_PROCESS	8A44F292-648B-7854-8B64-00F954785A79	FILE_OBJECT_FILE	EVENT_READ	1523030869026112269
A6CF14F9-39B4-11E8-BF66-D9AA8AFF4A69	SUBJECT_PROCESS	8A44F292-648B-7854-8B64-00F954785A79	FILE_OBJECT_FILE	EVENT_READ	1523030869026112269
A6CF14F9-39B4-11E8-BF66-D9AA8AFF4A69	SUBJECT_PROCESS	8A44F292-648B-7854-8B64-00F954785A79	FILE_OBJECT_FILE	EVENT_CLOSE	1523030869026112269
A6CF14F9-39B4-11E8-BF66-D9AA8AFF4A69	SUBJECT_PROCESS	76A739B1-A13E-FD50-BEA1-B218A0FD0400	FILE_OBJECT_FILE	EVENT_OPEN	1523030869026112269
A6CF14F9-39B4-11E8-BF66-D9AA8AFF4A69	SUBJECT_PROCESS	76A739B1-A13E-FD50-BEA1-B218A0FD0400	FILE_OBJECT_FILE	EVENT_MMAP	1523030869026112269
A6CF14F9-39B4-11E8-BF66-D9AA8AFF4A69	SUBJECT_PROCESS	76A739B1-A13E-FD50-BEA1-B218A0FD0400	FILE_OBJECT_FILE	EVENT_MMAP	1523030869026112269
A6CF14F9-39B4-11E8-BF66-D9AA8AFF4A69	SUBJECT_PROCESS	76A739B1-A13E-FD50-BEA1-B218A0FD0400	FILE_OBJECT_FILE	EVENT_MMAP	1523030869026112269
A6CF14F9-39B4-11E8-BF66-D9AA8AFF4A69	SUBJECT_PROCESS	76A739B1-A13E-FD50-BEA1-B218A0FD0400	FILE_OBJECT_FILE	EVENT_MMAP	1523030869026112269
A6CF14F9-39B4-11E8-BF66-D9AA8AFF4A69	SUBJECT_PROCESS	76A739B1-A13E-FD50-BEA1-B218A0FD0400	FILE_OBJECT_FILE	EVENT_MMAP	1523030869026112269
A6CF14F9-39B4-11E8-BF66-D9AA8AFF4A69	SUBJECT_PROCESS	76A739B1-A13E-FD50-BEA1-B218A0FD0400	FILE_OBJECT_FILE	EVENT_MMAP	1523030869026112269
A6CF14F9-39B4-11E8-BF66-D9AA8AFF4A69	SUBJECT_PROCESS	76A739B1-A13E-FD50-BEA1-B218A0FD0400	FILE_OBJECT_FILE	EVENT_CLOSE	1523030869026112269
A6CF14F9-39B4-11E8-BF66-D9AA8AFF4A69	SUBJECT_PROCESS	F410BE96-4C0C-765E-8C4C-6F0E2E760020	FILE_OBJECT_FILE	EVENT_OPEN	1523030869026112269
A6CF14F9-39B4-11E8-BF66-D9AA8AFF4A69	SUBJECT_PROCESS	F410BE96-4C0C-765E-8C4C-6F0E2E760020	FILE_OBJECT_FILE	EVENT_MMAP	1523030869026112269
A6CF14F9-39B4-11E8-BF66-D9AA8AFF4A69	SUBJECT_PROCESS	F410BE96-4C0C-765E-8C4C-6F0E2E760020	FILE_OBJECT_FILE	EVENT_MMAP	1523030869026112269
A6CF14F9-39B4-11E8-BF66-D9AA8AFF4A69	SUBJECT_PROCESS	F410BE96-4C0C-765E-8C4C-6F0E2E760020	FILE_OBJECT_FILE	EVENT_CLOSE	1523030869036110590
72FB0406-3678-11E8-BF66-D9AA8AFF4A69	SUBJECT_PROCESS	A6AD7D98-39B4-11E8-BF66-D9AA8AFF4A69	FILE_OBJECT_UNIX_SOCKET	EVENT_CLOSE	1523030869816107462
72FB0406-3678-11E8-BF66-D9AA8AFF4A69	SUBJECT_PROCESS	A6AD7E02-39B4-11E8-BF66-D9AA8AFF4A69	FILE_OBJECT_UNIX_SOCKET	EVENT_CLOSE	1523030869816107462
72FB0406-3678-11E8-BF66-D9AA8AFF4A69	SUBJECT_PROCESS	A74790B2-39B4-11E8-BF66-D9AA8AFF4A69	FILE_OBJECT_UNIX_SOCKET	EVENT_CREATE_OBJECT	1523030869816107462
72FB0406-3678-11E8-BF66-D9AA8AFF4A69	SUBJECT_PROCESS	A7479119-39B4-11E8-BF66-D9AA8AFF4A69	FILE_OBJECT_UNIX_SOCKET	EVENT_CREATE_OBJECT	1523030869816107462
A6CF14F9-39B4-11E8-BF66-D9AA8AFF4A69	SUBJECT_PROCESS	A6CF14F9-39B4-11E8-BF66-D9AA8AFF4A69	SUBJECT_PROCESS	EVENT_EXIT	1523030870046110720
D59C58B7-373D-11E8-BF66-D9AA8AFF4A69	SUBJECT_PROCESS	A76A90C0-39B4-11E8-BF66-D9AA8AFF4A69	SUBJECT_PROCESS	EVENT_FORK	1523030870046110720
A76A90C0-39B4-11E8-BF66-D9AA8AFF4A69	SUBJECT_PROCESS	CC349957-3DA4-8E5E-A43D-C7740E8ECAA9	FILE_OBJECT_FILE	EVENT_CLOSE	1523030870046110720
A76A90C0-39B4-11E8-BF66-D9AA8AFF4A69	SUBJECT_PROCESS	0E1A657D-11F7-F051-B711-8D3E01F0DC22	FILE_OBJECT_FILE	EVENT_OPEN	1523030870046110720
A76A90C0-39B4-11E8-BF66-D9AA8AFF4A69	SUBJECT_PROCESS	0E1A657D-11F7-F051-B711-8D3E01F0DC22	FILE_OBJECT_FILE	EVENT_CLOSE	1523030870046110720
A76A90C0-39B4-11E8-BF66-D9AA8AFF4A69	SUBJECT_PROCESS	330061CF-6BB3-C45E-B36B-B89D7EC4F443	FILE_OBJECT_FILE	EVENT_EXECUTE	1523030870046110720
A76A90C0-39B4-11E8-BF66-D9AA8AFF4A69	SUBJECT_PROCESS	7A350F75-9945-425D-8599-15CEBD426F06	FILE_OBJECT_FILE	EVENT_EXECUTE	1523030870046110720
A76A90C0-39B4-11E8-BF66-D9AA8AFF4A69	SUBJECT_PROCESS	51110606-D232-9652-B2D2-3A7242968F8A	FILE_OBJECT_FILE	EVENT_OPEN	1523030870046110720
A76A90C0-39B4-11E8-BF66-D9AA8AFF4A69	SUBJECT_PROCESS	51110606-D232-9652-B2D2-3A7242968F8A	FILE_OBJECT_FILE	EVENT_READ	1523030870046110720
A76A90C0-39B4-11E8-BF66-D9AA8AFF4A69	SUBJECT_PROCESS	51110606-D232-9652-B2D2-3A7242968F8A	FILE_OBJECT_FILE	EVENT_CLOSE	1523030870046110720
A76A90C0-39B4-11E8-BF66-D9AA8AFF4A69	SUBJECT_PROCESS	8A44F292-648B-7854-8B64-00F954785A79	FILE_OBJECT_FILE	EVENT_OPEN	1523030870046110720
A76A90C0-39B4-11E8-BF66-D9AA8AFF4A69	SUBJECT_PROCESS	8A44F292-648B-7854-8B64-00F954785A79	FILE_OBJECT_FILE	EVENT_READ	1523030870046110720
A76A90C0-39B4-11E8-BF66-D9AA8AFF4A69	SUBJECT_PROCESS	8A44F292-648B-7854-8B64-00F954785A79	FILE_OBJECT_FILE	EVENT_READ	1523030870046110720
A76A90C0-39B4-11E8-BF66-D9AA8AFF4A69	SUBJECT_PROCESS	8A44F292-648B-7854-8B64-00F954785A79	FILE_OBJECT_FILE	EVENT_CLOSE	1523030870046110720
A76A90C0-39B4-11E8-BF66-D9AA8AFF4A69	SUBJECT_PROCESS	FC2CA9A1-1BCF-8B57-8F1B-A854778B9026	FILE_OBJECT_FILE	EVENT_OPEN	1523030870046110720
A76A90C0-39B4-11E8-BF66-D9AA8AFF4A69	SUBJECT_PROCESS	FC2CA9A1-1BCF-8B57-8F1B-A854778B9026	FILE_OBJECT_FILE	EVENT_MMAP	1523030870046110720
A76A90C0-39B4-11E8-BF66-D9AA8AFF4A69	SUBJECT_PROCESS	FC2CA9A1-1BCF-8B57-8F1B-A854778B9026	FILE_OBJECT_FILE	EVENT_MMAP	1523030870046110720
A76A90C0-39B4-11E8-BF66-D9AA8AFF4A69	SUBJECT_PROCESS	FC2CA9A1-1BCF-8B57-8F1B-A854778B9026	FILE_OBJECT_FILE	EVENT_MMAP	1523030870046110720
A76A90C0-39B4-11E8-BF66-D9AA8AFF4A69	SUBJECT_PROCESS	FC2CA9A1-1BCF-8B57-8F1B-A854778B9026	FILE_OBJECT_FILE	EVENT_MMAP	1523030870046110720
A76A90C0-39B4-11E8-BF66-D9AA8AFF4A69	SUBJECT_PROCESS	FC2CA9A1-1BCF-8B57-8F1B-A854778B9026	FILE_OBJECT_FILE	EVENT_MMAP	1523030870046110720
A76A90C0-39B4-11E8-BF66-D9AA8AFF4A69	SUBJECT_PROCESS	FC2CA9A1-1BCF-8B57-8F1B-A854778B9026	FILE_OBJECT_FILE	EVENT_MMAP	1523030870046110720
A76A90C0-39B4-11E8-BF66-D9AA8AFF4A69	SUBJECT_PROCESS	FC2CA9A1-1BCF-8B57-8F1B-A854778B9026	FILE_OBJECT_FILE	EVENT_CLOSE	1523030870046110720
A76A90C0-39B4-11E8-BF66-D9AA8AFF4A69	SUBJECT_PROCESS	718F288D-A702-1B5D-82A7-80807D1BB326	FILE_OBJECT_FILE	EVENT_OPEN	1523030870046110720
A76A90C0-39B4-11E8-BF66-D9AA8AFF4A69	SUBJECT_PROCESS	718F288D-A702-1B5D-82A7-80807D1BB326	FILE_OBJECT_FILE	EVENT_MMAP	1523030870046110720
A76A90C0-39B4-11E8-BF66-D9AA8AFF4A69	SUBJECT_PROCESS	718F288D-A702-1B5D-82A7-80807D1BB326	FILE_OBJECT_FILE	EVENT_MMAP	1523030870046110720
A76A90C0-39B4-11E8-BF66-D9AA8AFF4A69	SUBJECT_PROCESS	718F288D-A702-1B5D-82A7-80807D1BB326	FILE_OBJECT_FILE	EVENT_MMAP	1523030870046110720
A76A90C0-39B4-11E8-BF66-D9AA8AFF4A69	SUBJECT_PROCESS	718F288D-A702-1B5D-82A7-80807D1BB326	FILE_OBJECT_FILE	EVENT_MMAP	1523030870056113391
A76A90C0-39B4-11E8-BF66-D9AA8AFF4A69	SUBJECT_PROCESS	718F288D-A702-1B5D-82A7-80807D1BB326	FILE_OBJECT_FILE	EVENT_MMAP	1523030870056113391
A76A90C0-39B4-11E8-BF66-D9AA8AFF4A69	SUBJECT_PROCESS	718F288D-A702-1B5D-82A7-80807D1BB326	FILE_OBJECT_FILE	EVENT_MMAP	1523030870056113391
A76A90C0-39B4-11E8-BF66-D9AA8AFF4A69	SUBJECT_PROCESS	718F288D-A702-1B5D-82A7-80807D1BB326	FILE_OBJECT_FILE	EVENT_CLOSE	1523030870056113391
A76A90C0-39B4-11E8-BF66-D9AA8AFF4A69	SUBJECT_PROCESS	4F909471-32BE-7C54-BE32-1D05C47CA876	FILE_OBJECT_FILE	EVENT_OPEN	1523030870056113391
A76A90C0-39B4-11E8-BF66-D9AA8AFF4A69	SUBJECT_PROCESS	4F909471-32BE-7C54-BE32-1D05C47CA876	FILE_OBJECT_FILE	EVENT_MMAP	1523030870056113391
A76A90C0-39B4-11E8-BF66-D9AA8AFF4A69	SUBJECT_PROCESS	4F909471-32BE-7C54-BE32-1D05C47CA876	FILE_OBJECT_FILE	EVENT_MMAP	1523030870056113391
A76A90C0-39B4-11E8-BF66-D9AA8AFF4A69	SUBJECT_PROCESS	4F909471-32BE-7C54-BE32-1D05C47CA876	FILE_OBJECT_FILE	EVENT_MMAP	1523030870056113391
A76A90C0-39B4-11E8-BF66-D9AA8AFF4A69	SUBJECT_PROCESS	4F909471-32BE-7C54-BE32-1D05C47CA876	FILE_OBJECT_FILE	EVENT_MMAP	1523030870056113391
A76A90C0-39B4-11E8-BF66-D9AA8AFF4A69	SUBJECT_PROCESS	4F909471-32BE-7C54-BE32-1D05C47CA876	FILE_OBJECT_FILE	EVENT_MMAP	1523030870056113391
A76A90C0-39B4-11E8-BF66-D9AA8AFF4A69	SUBJECT_PROCESS	4F909471-32BE-7C54-BE32-1D05C47CA876	FILE_OBJECT_FILE	EVENT_MMAP	1523030870056113391
A76A90C0-39B4-11E8-BF66-D9AA8AFF4A69	SUBJECT_PROCESS	4F909471-32BE-7C54-BE32-1D05C47CA876	FILE_OBJECT_FILE	EVENT_CLOSE	1523030870056113391
A76A90C0-39B4-11E8-BF66-D9AA8AFF4A69	SUBJECT_PROCESS	0905A02C-D979-5D57-B9D9-F12D475D7A9B	FILE_OBJECT_FILE	EVENT_OPEN	1523030870056113391
A76A90C0-39B4-11E8-BF66-D9AA8AFF4A69	SUBJECT_PROCESS	0905A02C-D979-5D57-B9D9-F12D475D7A9B	FILE_OBJECT_FILE	EVENT_MMAP	1523030870056113391
A76A90C0-39B4-11E8-BF66-D9AA8AFF4A69	SUBJECT_PROCESS	0905A02C-D979-5D57-B9D9-F12D475D7A9B	FILE_OBJECT_FILE	EVENT_MMAP	1523030870056113391
A76A90C0-39B4-11E8-BF66-D9AA8AFF4A69	SUBJECT_PROCESS	0905A02C-D979-5D57-B9D9-F12D475D7A9B	FILE_OBJECT_FILE	EVENT_MMAP	1523030870056113391
A76A90C0-39B4-11E8-BF66-D9AA8AFF4A69	SUBJECT_PROCESS	0905A02C-D979-5D57-B9D9-F12D475D7A9B	FILE_OBJECT_FILE	EVENT_MMAP	1523030870056113391
A76A90C0-39B4-11E8-BF66-D9AA8AFF4A69	SUBJECT_PROCESS	0905A02C-D979-5D57-B9D9-F12D475D7A9B	FILE_OBJECT_FILE	EVENT_MMAP	1523030870056113391
A76A90C0-39B4-11E8-BF66-D9AA8AFF4A69	SUBJECT_PROCESS	0905A02C-D979-5D57-B9D9-F12D475D7A9B	FILE_OBJECT_FILE	EVENT_MMAP	1523030870056113391
A76A90C0-39B4-11E8-BF66-D9AA8AFF4A69	SUBJECT_PROCESS	0905A02C-D979-5D57-B9D9-F12D475D7A9B	FILE_OBJECT_FILE	EVENT_CLOSE	1523030870056113391
A76A90C0-39B4-11E8-BF66-D9AA8AFF4A69	SUBJECT_PROCESS	9FF334BB-9072-D756-B290-556656D73728	FILE_OBJECT_FILE	EVENT_OPEN	1523030870056113391
A76A90C0-39B4-11E8-BF66-D9AA8AFF4A69	SUBJECT_PROCESS	9FF334BB-9072-D756-B290-556656D73728	FILE_OBJECT_FILE	EVENT_MMAP	1523030870056113391
A76A90C0-39B4-11E8-BF66-D9AA8AFF4A69	SUBJECT_PROCESS	9FF334BB-9072-D756-B290-556656D73728	FILE_OBJECT_FILE	EVENT_MMAP	1523030870056113391
A76A90C0-39B4-11E8-BF66-D9AA8AFF4A69	SUBJECT_PROCESS	9FF334BB-9072-D756-B290-556656D73728	FILE_OBJECT_FILE	EVENT_MMAP	1523030870056113391
A76A90C0-39B4-11E8-BF66-D9AA8AFF4A69	SUBJECT_PROCESS	9FF334BB-9072-D756-B290-556656D73728	FILE_OBJECT_FILE	EVENT_MMAP	1523030870056113391
A76A90C0-39B4-11E8-BF66-D9AA8AFF4A69	SUBJECT_PROCESS	9FF334BB-9072-D756-B290-556656D73728	FILE_OBJECT_FILE	EVENT_MMAP	1523030870056113391
A76A90C0-39B4-11E8-BF66-D9AA8AFF4A69	SUBJECT_PROCESS	9FF334BB-9072-D756-B290-556656D73728	FILE_OBJECT_FILE	EVENT_MMAP	1523030870056113391
A76A90C0-39B4-11E8-BF66-D9AA8AFF4A69	SUBJECT_PROCESS	9FF334BB-9072-D756-B290-556656D73728	FILE_OBJECT_FILE	EVENT_CLOSE	1523030870056113391
A76A90C0-39B4-11E8-BF66-D9AA8AFF4A69	SUBJECT_PROCESS	76A739B1-A13E-FD50-BEA1-B218A0FD0400	FILE_OBJECT_FILE	EVENT_OPEN	1523030870056113391
A76A90C0-39B4-11E8-BF66-D9AA8AFF4A69	SUBJECT_PROCESS	76A739B1-A13E-FD50-BEA1-B218A0FD0400	FILE_OBJECT_FILE	EVENT_MMAP	1523030870066111722
A76A90C0-39B4-11E8-BF66-D9AA8AFF4A69	SUBJECT_PROCESS	76A739B1-A13E-FD50-BEA1-B218A0FD0400	FILE_OBJECT_FILE	EVENT_MMAP	1523030870066111722
A76A90C0-39B4-11E8-BF66-D9AA8AFF4A69	SUBJECT_PROCESS	76A739B1-A13E-FD50-BEA1-B218A0FD0400	FILE_OBJECT_FILE	EVENT_MMAP	1523030870066111722
A76A90C0-39B4-11E8-BF66-D9AA8AFF4A69	SUBJECT_PROCESS	76A739B1-A13E-FD50-BEA1-B218A0FD0400	FILE_OBJECT_FILE	EVENT_MMAP	1523030870066111722
A76A90C0-39B4-11E8-BF66-D9AA8AFF4A69	SUBJECT_PROCESS	76A739B1-A13E-FD50-BEA1-B218A0FD0400	FILE_OBJECT_FILE	EVENT_MMAP	1523030870066111722
A76A90C0-39B4-11E8-BF66-D9AA8AFF4A69	SUBJECT_PROCESS	76A739B1-A13E-FD50-BEA1-B218A0FD0400	FILE_OBJECT_FILE	EVENT_MMAP	1523030870066111722
A76A90C0-39B4-11E8-BF66-D9AA8AFF4A69	SUBJECT_PROCESS	76A739B1-A13E-FD50-BEA1-B218A0FD0400	FILE_OBJECT_FILE	EVENT_CLOSE	1523030870066111722
A76A90C0-39B4-11E8-BF66-D9AA8AFF4A69	SUBJECT_PROCESS	F29977F6-07A2-935B-A207-C4871B93FE07	FILE_OBJECT_FILE	EVENT_OPEN	1523030870066111722
A76A90C0-39B4-11E8-BF66-D9AA8AFF4A69	SUBJECT_PROCESS	F29977F6-07A2-935B-A207-C4871B93FE07	FILE_OBJECT_FILE	EVENT_MMAP	1523030870066111722
A76A90C0-39B4-11E8-BF66-D9AA8AFF4A69	SUBJECT_PROCESS	F29977F6-07A2-935B-A207-C4871B93FE07	FILE_OBJECT_FILE	EVENT_MMAP	1523030870066111722
A76A90C0-39B4-11E8-BF66-D9AA8AFF4A69	SUBJECT_PROCESS	F29977F6-07A2-935B-A207-C4871B93FE07	FILE_OBJECT_FILE	EVENT_MMAP	1523030870066111722
A76A90C0-39B4-11E8-BF66-D9AA8AFF4A69	SUBJECT_PROCESS	F29977F6-07A2-935B-A207-C4871B93FE07	FILE_OBJECT_FILE	EVENT_MMAP	1523030870066111722
A76A90C0-39B4-11E8-BF66-D9AA8AFF4A69	SUBJECT_PROCESS	F29977F6-07A2-935B-A207-C4871B93FE07	FILE_OBJECT_FILE	EVENT_MMAP	1523030870066111722
A76A90C0-39B4-11E8-BF66-D9AA8AFF4A69	SUBJECT_PROCESS	F29977F6-07A2-935B-A207-C4871B93FE07	FILE_OBJECT_FILE	EVENT_MMAP	1523030870066111722
A76A90C0-39B4-11E8-BF66-D9AA8AFF4A69	SUBJECT_PROCESS	F29977F6-07A2-935B-A207-C4871B93FE07	FILE_OBJECT_FILE	EVENT_CLOSE	1523030870066111722
A76A90C0-39B4-11E8-BF66-D9AA8AFF4A69	SUBJECT_PROCESS	F410BE96-4C0C-765E-8C4C-6F0E2E760020	FILE_OBJECT_FILE	EVENT_OPEN	1523030870066111722
A76A90C0-39B4-11E8-BF66-D9AA8AFF4A69	SUBJECT_PROCESS	F410BE96-4C0C-765E-8C4C-6F0E2E760020	FILE_OBJECT_FILE	EVENT_MMAP	1523030870066111722
A76A90C0-39B4-11E8-BF66-D9AA8AFF4A69	SUBJECT_PROCESS	F410BE96-4C0C-765E-8C4C-6F0E2E760020	FILE_OBJECT_FILE	EVENT_MMAP	1523030870066111722
A76A90C0-39B4-11E8-BF66-D9AA8AFF4A69	SUBJECT_PROCESS	F410BE96-4C0C-765E-8C4C-6F0E2E760020	FILE_OBJECT_FILE	EVENT_CLOSE	1523030870066111722
A76A90C0-39B4-11E8-BF66-D9AA8AFF4A69	SUBJECT_PROCESS	0E1A657D-11F7-F051-B711-8D3E01F0DC22	FILE_OBJECT_FILE	EVENT_WRITE	1523030870066111722
A76A90C0-39B4-11E8-BF66-D9AA8AFF4A69	SUBJECT_PROCESS	0E1A657D-11F7-F051-B711-8D3E01F0DC22	FILE_OBJECT_FILE	EVENT_WRITE	1523030870076113333
A76A90C0-39B4-11E8-BF66-D9AA8AFF4A69	SUBJECT_PROCESS	0E1A657D-11F7-F051-B711-8D3E01F0DC22	FILE_OBJECT_FILE	EVENT_WRITE	1523030870076113333
A76A90C0-39B4-11E8-BF66-D9AA8AFF4A69	SUBJECT_PROCESS	A76A90C0-39B4-11E8-BF66-D9AA8AFF4A69	SUBJECT_PROCESS	EVENT_EXIT	1523030870076113333
D59C58B7-373D-11E8-BF66-D9AA8AFF4A69	SUBJECT_PROCESS	A76F42C8-39B4-11E8-BF66-D9AA8AFF4A69	SUBJECT_PROCESS	EVENT_FORK	1523030870076113333
A76F42C8-39B4-11E8-BF66-D9AA8AFF4A69	SUBJECT_PROCESS	CC349957-3DA4-8E5E-A43D-C7740E8ECAA9	FILE_OBJECT_FILE	EVENT_CLOSE	1523030870076113333
A76F42C8-39B4-11E8-BF66-D9AA8AFF4A69	SUBJECT_PROCESS	6C836AA2-BB54-3A58-94BB-1E5D583A637E	FILE_OBJECT_FILE	EVENT_EXECUTE	1523030870076113333
A76F42C8-39B4-11E8-BF66-D9AA8AFF4A69	SUBJECT_PROCESS	7A350F75-9945-425D-8599-15CEBD426F06	FILE_OBJECT_FILE	EVENT_EXECUTE	1523030870076113333
A76F42C8-39B4-11E8-BF66-D9AA8AFF4A69	SUBJECT_PROCESS	51110606-D232-9652-B2D2-3A7242968F8A	FILE_OBJECT_FILE	EVENT_OPEN	1523030870076113333
A76F42C8-39B4-11E8-BF66-D9AA8AFF4A69	SUBJECT_PROCESS	51110606-D232-9652-B2D2-3A7242968F8A	FILE_OBJECT_FILE	EVENT_READ	1523030870076113333
A76F42C8-39B4-11E8-BF66-D9AA8AFF4A69	SUBJECT_PROCESS	51110606-D232-9652-B2D2-3A7242968F8A	FILE_OBJECT_FILE	EVENT_CLOSE	1523030870076113333
A76F42C8-39B4-11E8-BF66-D9AA8AFF4A69	SUBJECT_PROCESS	8A44F292-648B-7854-8B64-00F954785A79	FILE_OBJECT_FILE	EVENT_OPEN	1523030870076113333
A76F42C8-39B4-11E8-BF66-D9AA8AFF4A69	SUBJECT_PROCESS	8A44F292-648B-7854-8B64-00F954785A79	FILE_OBJECT_FILE	EVENT_READ	1523030870076113333
A76F42C8-39B4-11E8-BF66-D9AA8AFF4A69	SUBJECT_PROCESS	8A44F292-648B-7854-8B64-00F954785A79	FILE_OBJECT_FILE	EVENT_READ	1523030870076113333
A76F42C8-39B4-11E8-BF66-D9AA8AFF4A69	SUBJECT_PROCESS	8A44F292-648B-7854-8B64-00F954785A79	FILE_OBJECT_FILE	EVENT_CLOSE	1523030870076113333
A76F42C8-39B4-11E8-BF66-D9AA8AFF4A69	SUBJECT_PROCESS	76A739B1-A13E-FD50-BEA1-B218A0FD0400	FILE_OBJECT_FILE	EVENT_OPEN	1523030870076113333
A76F42C8-39B4-11E8-BF66-D9AA8AFF4A69	SUBJECT_PROCESS	76A739B1-A13E-FD50-BEA1-B218A0FD0400	FILE_OBJECT_FILE	EVENT_MMAP	1523030870076113333
A76F42C8-39B4-11E8-BF66-D9AA8AFF4A69	SUBJECT_PROCESS	76A739B1-A13E-FD50-BEA1-B218A0FD0400	FILE_OBJECT_FILE	EVENT_MMAP	1523030870076113333
A76F42C8-39B4-11E8-BF66-D9AA8AFF4A69	SUBJECT_PROCESS	76A739B1-A13E-FD50-BEA1-B218A0FD0400	FILE_OBJECT_FILE	EVENT_MMAP	1523030870076113333
A76F42C8-39B4-11E8-BF66-D9AA8AFF4A69	SUBJECT_PROCESS	76A739B1-A13E-FD50-BEA1-B218A0FD0400	FILE_OBJECT_FILE	EVENT_MMAP	1523030870076113333
A76F42C8-39B4-11E8-BF66-D9AA8AFF4A69	SUBJECT_PROCESS	76A739B1-A13E-FD50-BEA1-B218A0FD0400	FILE_OBJECT_FILE	EVENT_MMAP	1523030870076113333
A76F42C8-39B4-11E8-BF66-D9AA8AFF4A69	SUBJECT_PROCESS	76A739B1-A13E-FD50-BEA1-B218A0FD0400	FILE_OBJECT_FILE	EVENT_MMAP	1523030870076113333
A76F42C8-39B4-11E8-BF66-D9AA8AFF4A69	SUBJECT_PROCESS	76A739B1-A13E-FD50-BEA1-B218A0FD0400	FILE_OBJECT_FILE	EVENT_CLOSE	1523030870076113333
A76F42C8-39B4-11E8-BF66-D9AA8AFF4A69	SUBJECT_PROCESS	F410BE96-4C0C-765E-8C4C-6F0E2E760020	FILE_OBJECT_FILE	EVENT_OPEN	1523030870076113333
A76F42C8-39B4-11E8-BF66-D9AA8AFF4A69	SUBJECT_PROCESS	F410BE96-4C0C-765E-8C4C-6F0E2E760020	FILE_OBJECT_FILE	EVENT_MMAP	1523030870076113333
A76F42C8-39B4-11E8-BF66-D9AA8AFF4A69	SUBJECT_PROCESS	F410BE96-4C0C-765E-8C4C-6F0E2E760020	FILE_OBJECT_FILE	EVENT_MMAP	1523030870076113333
A76F42C8-39B4-11E8-BF66-D9AA8AFF4A69	SUBJECT_PROCESS	F410BE96-4C0C-765E-8C4C-6F0E2E760020	FILE_OBJECT_FILE	EVENT_CLOSE	1523030870076113333
72FB0406-3678-11E8-BF66-D9AA8AFF4A69	SUBJECT_PROCESS	A74790B2-39B4-11E8-BF66-D9AA8AFF4A69	FILE_OBJECT_UNIX_SOCKET	EVENT_CLOSE	1523030870806108081
72FB0406-3678-11E8-BF66-D9AA8AFF4A69	SUBJECT_PROCESS	A7479119-39B4-11E8-BF66-D9AA8AFF4A69	FILE_OBJECT_UNIX_SOCKET	EVENT_CLOSE	1523030870806108081
72FB0406-3678-11E8-BF66-D9AA8AFF4A69	SUBJECT_PROCESS	A7DEA12C-39B4-11E8-BF66-D9AA8AFF4A69	FILE_OBJECT_UNIX_SOCKET	EVENT_CREATE_OBJECT	1523030870806108081
72FB0406-3678-11E8-BF66-D9AA8AFF4A69	SUBJECT_PROCESS	A7DEA193-39B4-11E8-BF66-D9AA8AFF4A69	FILE_OBJECT_UNIX_SOCKET	EVENT_CREATE_OBJECT	1523030870806108081
1E51718B-39B3-11E8-BF66-D9AA8AFF4A69	SUBJECT_PROCESS	1E5157A9-39B3-11E8-BF66-D9AA8AFF4A69	NetFlowObject	EVENT_WRITE	1523030870956109613
1E51718B-39B3-11E8-BF66-D9AA8AFF4A69	SUBJECT_PROCESS	1E5157A9-39B3-11E8-BF66-D9AA8AFF4A69	NetFlowObject	EVENT_READ	1523030870956109613
1E51718B-39B3-11E8-BF66-D9AA8AFF4A69	SUBJECT_PROCESS	1E5157A9-39B3-11E8-BF66-D9AA8AFF4A69	NetFlowObject	EVENT_WRITE	1523030870956109613
1E51718B-39B3-11E8-BF66-D9AA8AFF4A69	SUBJECT_PROCESS	1E5157A9-39B3-11E8-BF66-D9AA8AFF4A69	NetFlowObject	EVENT_READ	1523030870956109613
1E51718B-39B3-11E8-BF66-D9AA8AFF4A69	SUBJECT_PROCESS	1E5157A9-39B3-11E8-BF66-D9AA8AFF4A69	NetFlowObject	EVENT_WRITE	1523030870956109613
1E51718B-39B3-11E8-BF66-D9AA8AFF4A69	SUBJECT_PROCESS	1E5157A9-39B3-11E8-BF66-D9AA8AFF4A69	NetFlowObject	EVENT_READ	1523030870956109613
1E51718B-39B3-11E8-BF66-D9AA8AFF4A69	SUBJECT_PROCESS	1E5157A9-39B3-11E8-BF66-D9AA8AFF4A69	NetFlowObject	EVENT_WRITE	1523030870956109613
1E51718B-39B3-11E8-BF66-D9AA8AFF4A69	SUBJECT_PROCESS	1E5157A9-39B3-11E8-BF66-D9AA8AFF4A69	NetFlowObject	EVENT_READ	1523030870956109613
1E51718B-39B3-11E8-BF66-D9AA8AFF4A69	SUBJECT_PROCESS	1E5157A9-39B3-11E8-BF66-D9AA8AFF4A69	NetFlowObject	EVENT_WRITE	1523030870956109613
A76F42C8-39B4-11E8-BF66-D9AA8AFF4A69	SUBJECT_PROCESS	A76F42C8-39B4-11E8-BF66-D9AA8AFF4A69	SUBJECT_PROCESS	EVENT_EXIT	1523030871106107385
D59C58B7-373D-11E8-BF66-D9AA8AFF4A69	SUBJECT_PROCESS	6E70F466-D61F-5B86-8EF7-93E1B4584E6B	UnnamedPipeObject	EVENT_CREATE_OBJECT	1523030871106107385
D59C58B7-373D-11E8-BF66-D9AA8AFF4A69	SUBJECT_PROCESS	A80C64A3-39B4-11E8-BF66-D9AA8AFF4A69	SUBJECT_PROCESS	EVENT_FORK	1523030871106107385
A80C64A3-39B4-11E8-BF66-D9AA8AFF4A69	SUBJECT_PROCESS	CC349957-3DA4-8E5E-A43D-C7740E8ECAA9	FILE_OBJECT_FILE	EVENT_CLOSE	1523030871106107385
D59C58B7-373D-11E8-BF66-D9AA8AFF4A69	SUBJECT_PROCESS	A80C88A4-39B4-11E8-BF66-D9AA8AFF4A69	SUBJECT_PROCESS	EVENT_FORK	1523030871106107385
A80C88A4-39B4-11E8-BF66-D9AA8AFF4A69	SUBJECT_PROCESS	CC349957-3DA4-8E5E-A43D-C7740E8ECAA9	FILE_OBJECT_FILE	EVENT_CLOSE	1523030871106107385
A80C64A3-39B4-11E8-BF66-D9AA8AFF4A69	SUBJECT_PROCESS	9D6CE3F1-AA37-D656-B7AA-BA6D46D61C69	FILE_OBJECT_FILE	EVENT_EXECUTE	1523030871106107385
A80C64A3-39B4-11E8-BF66-D9AA8AFF4A69	SUBJECT_PROCESS	7A350F75-9945-425D-8599-15CEBD426F06	FILE_OBJECT_FILE	EVENT_EXECUTE	1523030871106107385
A80C64A3-39B4-11E8-BF66-D9AA8AFF4A69	SUBJECT_PROCESS	51110606-D232-9652-B2D2-3A7242968F8A	FILE_OBJECT_FILE	EVENT_OPEN	1523030871106107385
A80C64A3-39B4-11E8-BF66-D9AA8AFF4A69	SUBJECT_PROCESS	51110606-D232-9652-B2D2-3A7242968F8A	FILE_OBJECT_FILE	EVENT_READ	1523030871106107385
A80C88A4-39B4-11E8-BF66-D9AA8AFF4A69	SUBJECT_PROCESS	FADB56EB-6919-8A51-9969-955CD18AFFC9	FILE_OBJECT_FILE	EVENT_OPEN	1523030871106107385
A80C64A3-39B4-11E8-BF66-D9AA8AFF4A69	SUBJECT_PROCESS	51110606-D232-9652-B2D2-3A7242968F8A	FILE_OBJECT_FILE	EVENT_CLOSE	1523030871106107385
A80C64A3-39B4-11E8-BF66-D9AA8AFF4A69	SUBJECT_PROCESS	8A44F292-648B-7854-8B64-00F954785A79	FILE_OBJECT_FILE	EVENT_OPEN	1523030871106107385
A80C64A3-39B4-11E8-BF66-D9AA8AFF4A69	SUBJECT_PROCESS	8A44F292-648B-7854-8B64-00F954785A79	FILE_OBJECT_FILE	EVENT_READ	1523030871106107385
A80C88A4-39B4-11E8-BF66-D9AA8AFF4A69	SUBJECT_PROCESS	FADB56EB-6919-8A51-9969-955CD18AFFC9	FILE_OBJECT_FILE	EVENT_CLOSE	1523030871106107385
A80C64A3-39B4-11E8-BF66-D9AA8AFF4A69	SUBJECT_PROCESS	8A44F292-648B-7854-8B64-00F954785A79	FILE_OBJECT_FILE	EVENT_READ	1523030871106107385
A80C64A3-39B4-11E8-BF66-D9AA8AFF4A69	SUBJECT_PROCESS	8A44F292-648B-7854-8B64-00F954785A79	FILE_OBJECT_FILE	EVENT_CLOSE	1523030871106107385
A80C88A4-39B4-11E8-BF66-D9AA8AFF4A69	SUBJECT_PROCESS	91207D42-8B6E-6454-AE8B-D3FF24648D84	FILE_OBJECT_FILE	EVENT_EXECUTE	1523030871106107385
A80C88A4-39B4-11E8-BF66-D9AA8AFF4A69	SUBJECT_PROCESS	7A350F75-9945-425D-8599-15CEBD426F06	FILE_OBJECT_FILE	EVENT_EXECUTE	1523030871106107385
A80C64A3-39B4-11E8-BF66-D9AA8AFF4A69	SUBJECT_PROCESS	7A1B4973-09E5-AA50-A509-1753C0AA87A1	FILE_OBJECT_FILE	EVENT_OPEN	1523030871106107385
A80C64A3-39B4-11E8-BF66-D9AA8AFF4A69	SUBJECT_PROCESS	7A1B4973-09E5-AA50-A509-1753C0AA87A1	FILE_OBJECT_FILE	EVENT_MMAP	1523030871106107385
A80C88A4-39B4-11E8-BF66-D9AA8AFF4A69	SUBJECT_PROCESS	51110606-D232-9652-B2D2-3A7242968F8A	FILE_OBJECT_FILE	EVENT_OPEN	1523030871106107385
A80C64A3-39B4-11E8-BF66-D9AA8AFF4A69	SUBJECT_PROCESS	7A1B4973-09E5-AA50-A509-1753C0AA87A1	FILE_OBJECT_FILE	EVENT_MMAP	1523030871106107385
A80C88A4-39B4-11E8-BF66-D9AA8AFF4A69	SUBJECT_PROCESS	51110606-D232-9652-B2D2-3A7242968F8A	FILE_OBJECT_FILE	EVENT_READ	1523030871106107385
A80C64A3-39B4-11E8-BF66-D9AA8AFF4A69	SUBJECT_PROCESS	7A1B4973-09E5-AA50-A509-1753C0AA87A1	FILE_OBJECT_FILE	EVENT_MMAP	1523030871106107385
A80C64A3-39B4-11E8-BF66-D9AA8AFF4A69	SUBJECT_PROCESS	7A1B4973-09E5-AA50-A509-1753C0AA87A1	FILE_OBJECT_FILE	EVENT_MMAP	1523030871106107385
A80C88A4-39B4-11E8-BF66-D9AA8AFF4A69	SUBJECT_PROCESS	51110606-D232-9652-B2D2-3A7242968F8A	FILE_OBJECT_FILE	EVENT_CLOSE	1523030871106107385
A80C64A3-39B4-11E8-BF66-D9AA8AFF4A69	SUBJECT_PROCESS	7A1B4973-09E5-AA50-A509-1753C0AA87A1	FILE_OBJECT_FILE	EVENT_MMAP	1523030871106107385
A80C64A3-39B4-11E8-BF66-D9AA8AFF4A69	SUBJECT_PROCESS	7A1B4973-09E5-AA50-A509-1753C0AA87A1	FILE_OBJECT_FILE	EVENT_MMAP	1523030871106107385
A80C88A4-39B4-11E8-BF66-D9AA8AFF4A69	SUBJECT_PROCESS	8A44F292-648B-7854-8B64-00F954785A79	FILE_OBJECT_FILE	EVENT_OPEN	1523030871106107385
A80C64A3-39B4-11E8-BF66-D9AA8AFF4A69	SUBJECT_PROCESS	7A1B4973-09E5-AA50-A509-1753C0AA87A1	FILE_OBJECT_FILE	EVENT_CLOSE	1523030871106107385
A80C64A3-39B4-11E8-BF66-D9AA8AFF4A69	SUBJECT_PROCESS	D57B2A07-B373-B75A-B3B3-93790AB76535	FILE_OBJECT_FILE	EVENT_OPEN	1523030871106107385
A80C88A4-39B4-11E8-BF66-D9AA8AFF4A69	SUBJECT_PROCESS	8A44F292-648B-7854-8B64-00F954785A79	FILE_OBJECT_FILE	EVENT_READ	1523030871106107385
A80C64A3-39B4-11E8-BF66-D9AA8AFF4A69	SUBJECT_PROCESS	D57B2A07-B373-B75A-B3B3-93790AB76535	FILE_OBJECT_FILE	EVENT_MMAP	1523030871106107385
A80C64A3-39B4-11E8-BF66-D9AA8AFF4A69	SUBJECT_PROCESS	D57B2A07-B373-B75A-B3B3-93790AB76535	FILE_OBJECT_FILE	EVENT_MMAP	1523030871116111705
A80C88A4-39B4-11E8-BF66-D9AA8AFF4A69	SUBJECT_PROCESS	8A44F292-648B-7854-8B64-00F954785A79	FILE_OBJECT_FILE	EVENT_READ	1523030871116111705
A80C64A3-39B4-11E8-BF66-D9AA8AFF4A69	SUBJECT_PROCESS	D57B2A07-B373-B75A-B3B3-93790AB76535	FILE_OBJECT_FILE	EVENT_MMAP	1523030871116111705
A80C88A4-39B4-11E8-BF66-D9AA8AFF4A69	SUBJECT_PROCESS	8A44F292-648B-7854-8B64-00F954785A79	FILE_OBJECT_FILE	EVENT_CLOSE	1523030871116111705
A80C64A3-39B4-11E8-BF66-D9AA8AFF4A69	SUBJECT_PROCESS	D57B2A07-B373-B75A-B3B3-93790AB76535	FILE_OBJECT_FILE	EVENT_MMAP	1523030871116111705
A80C64A3-39B4-11E8-BF66-D9AA8AFF4A69	SUBJECT_PROCESS	D57B2A07-B373-B75A-B3B3-93790AB76535	FILE_OBJECT_FILE	EVENT_MMAP	1523030871116111705
A80C88A4-39B4-11E8-BF66-D9AA8AFF4A69	SUBJECT_PROCESS	76A739B1-A13E-FD50-BEA1-B218A0FD0400	FILE_OBJECT_FILE	EVENT_OPEN	1523030871116111705
A80C64A3-39B4-11E8-BF66-D9AA8AFF4A69	SUBJECT_PROCESS	D57B2A07-B373-B75A-B3B3-93790AB76535	FILE_OBJECT_FILE	EVENT_MMAP	1523030871116111705
A80C88A4-39B4-11E8-BF66-D9AA8AFF4A69	SUBJECT_PROCESS	76A739B1-A13E-FD50-BEA1-B218A0FD0400	FILE_OBJECT_FILE	EVENT_MMAP	1523030871116111705
A80C88A4-39B4-11E8-BF66-D9AA8AFF4A69	SUBJECT_PROCESS	76A739B1-A13E-FD50-BEA1-B218A0FD0400	FILE_OBJECT_FILE	EVENT_MMAP	1523030871116111705
A80C64A3-39B4-11E8-BF66-D9AA8AFF4A69	SUBJECT_PROCESS	D57B2A07-B373-B75A-B3B3-93790AB76535	FILE_OBJECT_FILE	EVENT_CLOSE	1523030871116111705
A80C64A3-39B4-11E8-BF66-D9AA8AFF4A69	SUBJECT_PROCESS	718F288D-A702-1B5D-82A7-80807D1BB326	FILE_OBJECT_FILE	EVENT_OPEN	1523030871116111705
A80C88A4-39B4-11E8-BF66-D9AA8AFF4A69	SUBJECT_PROCESS	76A739B1-A13E-FD50-BEA1-B218A0FD0400	FILE_OBJECT_FILE	EVENT_MMAP	1523030871116111705
A80C64A3-39B4-11E8-BF66-D9AA8AFF4A69	SUBJECT_PROCESS	718F288D-A702-1B5D-82A7-80807D1BB326	FILE_OBJECT_FILE	EVENT_MMAP	1523030871116111705
A80C88A4-39B4-11E8-BF66-D9AA8AFF4A69	SUBJECT_PROCESS	76A739B1-A13E-FD50-BEA1-B218A0FD0400	FILE_OBJECT_FILE	EVENT_MMAP	1523030871116111705
A80C64A3-39B4-11E8-BF66-D9AA8AFF4A69	SUBJECT_PROCESS	718F288D-A702-1B5D-82A7-80807D1BB326	FILE_OBJECT_FILE	EVENT_MMAP	1523030871116111705
A80C88A4-39B4-11E8-BF66-D9AA8AFF4A69	SUBJECT_PROCESS	76A739B1-A13E-FD50-BEA1-B218A0FD0400	FILE_OBJECT_FILE	EVENT_MMAP	1523030871116111705
A80C88A4-39B4-11E8-BF66-D9AA8AFF4A69	SUBJECT_PROCESS	76A739B1-A13E-FD50-BEA1-B218A0FD0400	FILE_OBJECT_FILE	EVENT_MMAP	1523030871116111705
A80C64A3-39B4-11E8-BF66-D9AA8AFF4A69	SUBJECT_PROCESS	718F288D-A702-1B5D-82A7-80807D1BB326	FILE_OBJECT_FILE	EVENT_MMAP	1523030871116111705
A80C64A3-39B4-11E8-BF66-D9AA8AFF4A69	SUBJECT_PROCESS	718F288D-A702-1B5D-82A7-80807D1BB326	FILE_OBJECT_FILE	EVENT_MMAP	1523030871116111705
A80C88A4-39B4-11E8-BF66-D9AA8AFF4A69	SUBJECT_PROCESS	76A739B1-A13E-FD50-BEA1-B218A0FD0400	FILE_OBJECT_FILE	EVENT_CLOSE	1523030871116111705
A80C64A3-39B4-11E8-BF66-D9AA8AFF4A69	SUBJECT_PROCESS	718F288D-A702-1B5D-82A7-80807D1BB326	FILE_OBJECT_FILE	EVENT_MMAP	1523030871116111705
A80C64A3-39B4-11E8-BF66-D9AA8AFF4A69	SUBJECT_PROCESS	718F288D-A702-1B5D-82A7-80807D1BB326	FILE_OBJECT_FILE	EVENT_MMAP	1523030871116111705
A80C88A4-39B4-11E8-BF66-D9AA8AFF4A69	SUBJECT_PROCESS	F410BE96-4C0C-765E-8C4C-6F0E2E760020	FILE_OBJECT_FILE	EVENT_OPEN	1523030871116111705
A80C64A3-39B4-11E8-BF66-D9AA8AFF4A69	SUBJECT_PROCESS	718F288D-A702-1B5D-82A7-80807D1BB326	FILE_OBJECT_FILE	EVENT_CLOSE	1523030871116111705
A80C88A4-39B4-11E8-BF66-D9AA8AFF4A69	SUBJECT_PROCESS	F410BE96-4C0C-765E-8C4C-6F0E2E760020	FILE_OBJECT_FILE	EVENT_MMAP	1523030871116111705
A80C64A3-39B4-11E8-BF66-D9AA8AFF4A69	SUBJECT_PROCESS	D3F11983-FFD7-8A58-97FF-D38E388A1453	FILE_OBJECT_FILE	EVENT_OPEN	1523030871116111705
A80C88A4-39B4-11E8-BF66-D9AA8AFF4A69	SUBJECT_PROCESS	F410BE96-4C0C-765E-8C4C-6F0E2E760020	FILE_OBJECT_FILE	EVENT_MMAP	1523030871116111705
A80C64A3-39B4-11E8-BF66-D9AA8AFF4A69	SUBJECT_PROCESS	D3F11983-FFD7-8A58-97FF-D38E388A1453	FILE_OBJECT_FILE	EVENT_MMAP	1523030871116111705
A80C88A4-39B4-11E8-BF66-D9AA8AFF4A69	SUBJECT_PROCESS	F410BE96-4C0C-765E-8C4C-6F0E2E760020	FILE_OBJECT_FILE	EVENT_CLOSE	1523030871116111705
A80C64A3-39B4-11E8-BF66-D9AA8AFF4A69	SUBJECT_PROCESS	D3F11983-FFD7-8A58-97FF-D38E388A1453	FILE_OBJECT_FILE	EVENT_MMAP	1523030871116111705
A80C64A3-39B4-11E8-BF66-D9AA8AFF4A69	SUBJECT_PROCESS	D3F11983-FFD7-8A58-97FF-D38E388A1453	FILE_OBJECT_FILE	EVENT_MMAP	1523030871116111705
A80C64A3-39B4-11E8-BF66-D9AA8AFF4A69	SUBJECT_PROCESS	D3F11983-FFD7-8A58-97FF-D38E388A1453	FILE_OBJECT_FILE	EVENT_MMAP	1523030871116111705
A80C64A3-39B4-11E8-BF66-D9AA8AFF4A69	SUBJECT_PROCESS	D3F11983-FFD7-8A58-97FF-D38E388A1453	FILE_OBJECT_FILE	EVENT_MMAP	1523030871116111705
A80C64A3-39B4-11E8-BF66-D9AA8AFF4A69	SUBJECT_PROCESS	D3F11983-FFD7-8A58-97FF-D38E388A1453	FILE_OBJECT_FILE	EVENT_MMAP	1523030871116111705
A80C64A3-39B4-11E8-BF66-D9AA8AFF4A69	SUBJECT_PROCESS	D3F11983-FFD7-8A58-97FF-D38E388A1453	FILE_OBJECT_FILE	EVENT_CLOSE	1523030871116111705
A80C64A3-39B4-11E8-BF66-D9AA8AFF4A69	SUBJECT_PROCESS	76A739B1-A13E-FD50-BEA1-B218A0FD0400	FILE_OBJECT_FILE	EVENT_OPEN	1523030871116111705
A80C64A3-39B4-11E8-BF66-D9AA8AFF4A69	SUBJECT_PROCESS	76A739B1-A13E-FD50-BEA1-B218A0FD0400	FILE_OBJECT_FILE	EVENT_MMAP	1523030871116111705
A80C64A3-39B4-11E8-BF66-D9AA8AFF4A69	SUBJECT_PROCESS	76A739B1-A13E-FD50-BEA1-B218A0FD0400	FILE_OBJECT_FILE	EVENT_MMAP	1523030871116111705
A80C64A3-39B4-11E8-BF66-D9AA8AFF4A69	SUBJECT_PROCESS	76A739B1-A13E-FD50-BEA1-B218A0FD0400	FILE_OBJECT_FILE	EVENT_MMAP	1523030871116111705
A80C64A3-39B4-11E8-BF66-D9AA8AFF4A69	SUBJECT_PROCESS	76A739B1-A13E-FD50-BEA1-B218A0FD0400	FILE_OBJECT_FILE	EVENT_MMAP	1523030871116111705
A80C64A3-39B4-11E8-BF66-D9AA8AFF4A69	SUBJECT_PROCESS	76A739B1-A13E-FD50-BEA1-B218A0FD0400	FILE_OBJECT_FILE	EVENT_MMAP	1523030871116111705
A80C64A3-39B4-11E8-BF66-D9AA8AFF4A69	SUBJECT_PROCESS	76A739B1-A13E-FD50-BEA1-B218A0FD0400	FILE_OBJECT_FILE	EVENT_MMAP	1523030871116111705
A80C64A3-39B4-11E8-BF66-D9AA8AFF4A69	SUBJECT_PROCESS	76A739B1-A13E-FD50-BEA1-B218A0FD0400	FILE_OBJECT_FILE	EVENT_CLOSE	1523030871116111705
A80C64A3-39B4-11E8-BF66-D9AA8AFF4A69	SUBJECT_PROCESS	F29977F6-07A2-935B-A207-C4871B93FE07	FILE_OBJECT_FILE	EVENT_OPEN	1523030871126111776
A80C64A3-39B4-11E8-BF66-D9AA8AFF4A69	SUBJECT_PROCESS	F29977F6-07A2-935B-A207-C4871B93FE07	FILE_OBJECT_FILE	EVENT_MMAP	1523030871126111776
A80C64A3-39B4-11E8-BF66-D9AA8AFF4A69	SUBJECT_PROCESS	F29977F6-07A2-935B-A207-C4871B93FE07	FILE_OBJECT_FILE	EVENT_MMAP	1523030871126111776
A80C64A3-39B4-11E8-BF66-D9AA8AFF4A69	SUBJECT_PROCESS	F29977F6-07A2-935B-A207-C4871B93FE07	FILE_OBJECT_FILE	EVENT_MMAP	1523030871126111776
A80C64A3-39B4-11E8-BF66-D9AA8AFF4A69	SUBJECT_PROCESS	F29977F6-07A2-935B-A207-C4871B93FE07	FILE_OBJECT_FILE	EVENT_MMAP	1523030871126111776
A80C64A3-39B4-11E8-BF66-D9AA8AFF4A69	SUBJECT_PROCESS	F29977F6-07A2-935B-A207-C4871B93FE07	FILE_OBJECT_FILE	EVENT_MMAP	1523030871126111776
A80C64A3-39B4-11E8-BF66-D9AA8AFF4A69	SUBJECT_PROCESS	F29977F6-07A2-935B-A207-C4871B93FE07	FILE_OBJECT_FILE	EVENT_MMAP	1523030871126111776
A80C64A3-39B4-11E8-BF66-D9AA8AFF4A69	SUBJECT_PROCESS	F29977F6-07A2-935B-A207-C4871B93FE07	FILE_OBJECT_FILE	EVENT_CLOSE	1523030871126111776
A80C64A3-39B4-11E8-BF66-D9AA8AFF4A69	SUBJECT_PROCESS	F410BE96-4C0C-765E-8C4C-6F0E2E760020	FILE_OBJECT_FILE	EVENT_OPEN	1523030871126111776
A80C64A3-39B4-11E8-BF66-D9AA8AFF4A69	SUBJECT_PROCESS	F410BE96-4C0C-765E-8C4C-6F0E2E760020	FILE_OBJECT_FILE	EVENT_MMAP	1523030871126111776
A80C64A3-39B4-11E8-BF66-D9AA8AFF4A69	SUBJECT_PROCESS	F410BE96-4C0C-765E-8C4C-6F0E2E760020	FILE_OBJECT_FILE	EVENT_MMAP	1523030871126111776
A80C64A3-39B4-11E8-BF66-D9AA8AFF4A69	SUBJECT_PROCESS	F410BE96-4C0C-765E-8C4C-6F0E2E760020	FILE_OBJECT_FILE	EVENT_CLOSE	1523030871126111776
A80C64A3-39B4-11E8-BF66-D9AA8AFF4A69	SUBJECT_PROCESS	BCDBE64D-1703-005A-8317-44DD6A00589D	FILE_OBJECT_FILE	EVENT_OPEN	1523030871126111776
A80C64A3-39B4-11E8-BF66-D9AA8AFF4A69	SUBJECT_PROCESS	BCDBE64D-1703-005A-8317-44DD6A00589D	FILE_OBJECT_FILE	EVENT_READ	1523030871126111776
A80C64A3-39B4-11E8-BF66-D9AA8AFF4A69	SUBJECT_PROCESS	BCDBE64D-1703-005A-8317-44DD6A00589D	FILE_OBJECT_FILE	EVENT_READ	1523030871126111776
A80C64A3-39B4-11E8-BF66-D9AA8AFF4A69	SUBJECT_PROCESS	BCDBE64D-1703-005A-8317-44DD6A00589D	FILE_OBJECT_FILE	EVENT_CLOSE	1523030871126111776
A80C64A3-39B4-11E8-BF66-D9AA8AFF4A69	SUBJECT_PROCESS	C53609B6-A912-B65B-92A9-B89E0BB6C2E1	FILE_OBJECT_FILE	EVENT_OPEN	1523030871126111776
A80C64A3-39B4-11E8-BF66-D9AA8AFF4A69	SUBJECT_PROCESS	C53609B6-A912-B65B-92A9-B89E0BB6C2E1	FILE_OBJECT_FILE	EVENT_READ	1523030871126111776
A80C64A3-39B4-11E8-BF66-D9AA8AFF4A69	SUBJECT_PROCESS	C53609B6-A912-B65B-92A9-B89E0BB6C2E1	FILE_OBJECT_FILE	EVENT_READ	1523030871126111776
A80C64A3-39B4-11E8-BF66-D9AA8AFF4A69	SUBJECT_PROCESS	C53609B6-A912-B65B-92A9-B89E0BB6C2E1	FILE_OBJECT_FILE	EVENT_READ	1523030871126111776
A80C64A3-39B4-11E8-BF66-D9AA8AFF4A69	SUBJECT_PROCESS	C53609B6-A912-B65B-92A9-B89E0BB6C2E1	FILE_OBJECT_FILE	EVENT_READ	1523030871126111776
A80C64A3-39B4-11E8-BF66-D9AA8AFF4A69	SUBJECT_PROCESS	C53609B6-A912-B65B-92A9-B89E0BB6C2E1	FILE_OBJECT_FILE	EVENT_READ	1523030871126111776
A80C64A3-39B4-11E8-BF66-D9AA8AFF4A69	SUBJECT_PROCESS	C53609B6-A912-B65B-92A9-B89E0BB6C2E1	FILE_OBJECT_FILE	EVENT_READ	1523030871136108617
A80C64A3-39B4-11E8-BF66-D9AA8AFF4A69	SUBJECT_PROCESS	C53609B6-A912-B65B-92A9-B89E0BB6C2E1	FILE_OBJECT_FILE	EVENT_READ	1523030871136108617
A80C64A3-39B4-11E8-BF66-D9AA8AFF4A69	SUBJECT_PROCESS	C53609B6-A912-B65B-92A9-B89E0BB6C2E1	FILE_OBJECT_FILE	EVENT_READ	1523030871136108617
A80C64A3-39B4-11E8-BF66-D9AA8AFF4A69	SUBJECT_PROCESS	C53609B6-A912-B65B-92A9-B89E0BB6C2E1	FILE_OBJECT_FILE	EVENT_READ	1523030871136108617
A80C64A3-39B4-11E8-BF66-D9AA8AFF4A69	SUBJECT_PROCESS	1633500B-D34B-8058-8BD3-ABB7D880915E	FILE_OBJECT_FILE	EVENT_OPEN	1523030871136108617
A80C64A3-39B4-11E8-BF66-D9AA8AFF4A69	SUBJECT_PROCESS	1633500B-D34B-8058-8BD3-ABB7D880915E	FILE_OBJECT_FILE	EVENT_OPEN	1523030871136108617
A80C64A3-39B4-11E8-BF66-D9AA8AFF4A69	SUBJECT_PROCESS	D5D2F4F4-4EC5-6456-854E-5E2A46640650	FILE_OBJECT_FILE	EVENT_OPEN	1523030871136108617
A80C64A3-39B4-11E8-BF66-D9AA8AFF4A69	SUBJECT_PROCESS	D5D2F4F4-4EC5-6456-854E-5E2A46640650	FILE_OBJECT_FILE	EVENT_READ	1523030871136108617
A80C64A3-39B4-11E8-BF66-D9AA8AFF4A69	SUBJECT_PROCESS	D5D2F4F4-4EC5-6456-854E-5E2A46640650	FILE_OBJECT_FILE	EVENT_READ	1523030871136108617
A80C64A3-39B4-11E8-BF66-D9AA8AFF4A69	SUBJECT_PROCESS	D5D2F4F4-4EC5-6456-854E-5E2A46640650	FILE_OBJECT_FILE	EVENT_READ	1523030871136108617
A80C64A3-39B4-11E8-BF66-D9AA8AFF4A69	SUBJECT_PROCESS	D5D2F4F4-4EC5-6456-854E-5E2A46640650	FILE_OBJECT_FILE	EVENT_CLOSE	1523030871136108617
A80C64A3-39B4-11E8-BF66-D9AA8AFF4A69	SUBJECT_PROCESS	AE441C70-DEC0-BD5F-80DE-3DE4DFBDF253	FILE_OBJECT_FILE	EVENT_OPEN	1523030871136108617
A80C64A3-39B4-11E8-BF66-D9AA8AFF4A69	SUBJECT_PROCESS	AE441C70-DEC0-BD5F-80DE-3DE4DFBDF253	FILE_OBJECT_FILE	EVENT_READ	1523030871136108617
A80C64A3-39B4-11E8-BF66-D9AA8AFF4A69	SUBJECT_PROCESS	AE441C70-DEC0-BD5F-80DE-3DE4DFBDF253	FILE_OBJECT_FILE	EVENT_CLOSE	1523030871136108617
A80C64A3-39B4-11E8-BF66-D9AA8AFF4A69	SUBJECT_PROCESS	104A8C35-2200-3156-8022-4129E631EA52	FILE_OBJECT_FILE	EVENT_OPEN	1523030871136108617
A80C64A3-39B4-11E8-BF66-D9AA8AFF4A69	SUBJECT_PROCESS	104A8C35-2200-3156-8022-4129E631EA52	FILE_OBJECT_FILE	EVENT_READ	1523030871136108617
A80C64A3-39B4-11E8-BF66-D9AA8AFF4A69	SUBJECT_PROCESS	104A8C35-2200-3156-8022-4129E631EA52	FILE_OBJECT_FILE	EVENT_CLOSE	1523030871136108617
A80C64A3-39B4-11E8-BF66-D9AA8AFF4A69	SUBJECT_PROCESS	C53609B6-A912-B65B-92A9-B89E0BB6C2E1	FILE_OBJECT_FILE	EVENT_CLOSE	1523030871136108617
A80C64A3-39B4-11E8-BF66-D9AA8AFF4A69	SUBJECT_PROCESS	C53609B6-A912-B65B-92A9-B89E0BB6C2E1	FILE_OBJECT_FILE	EVENT_OPEN	1523030871146116008
A80C64A3-39B4-11E8-BF66-D9AA8AFF4A69	SUBJECT_PROCESS	C53609B6-A912-B65B-92A9-B89E0BB6C2E1	FILE_OBJECT_FILE	EVENT_READ	1523030871146116008
A80C64A3-39B4-11E8-BF66-D9AA8AFF4A69	SUBJECT_PROCESS	C53609B6-A912-B65B-92A9-B89E0BB6C2E1	FILE_OBJECT_FILE	EVENT_READ	1523030871146116008
A80C64A3-39B4-11E8-BF66-D9AA8AFF4A69	SUBJECT_PROCESS	C53609B6-A912-B65B-92A9-B89E0BB6C2E1	FILE_OBJECT_FILE	EVENT_READ	1523030871146116008
A80C64A3-39B4-11E8-BF66-D9AA8AFF4A69	SUBJECT_PROCESS	C53609B6-A912-B65B-92A9-B89E0BB6C2E1	FILE_OBJECT_FILE	EVENT_READ	1523030871146116008
A80C64A3-39B4-11E8-BF66-D9AA8AFF4A69	SUBJECT_PROCESS	C53609B6-A912-B65B-92A9-B89E0BB6C2E1	FILE_OBJECT_FILE	EVENT_READ	1523030871146116008
A80C64A3-39B4-11E8-BF66-D9AA8AFF4A69	SUBJECT_PROCESS	C53609B6-A912-B65B-92A9-B89E0BB6C2E1	FILE_OBJECT_FILE	EVENT_READ	1523030871146116008
A80C64A3-39B4-11E8-BF66-D9AA8AFF4A69	SUBJECT_PROCESS	C53609B6-A912-B65B-92A9-B89E0BB6C2E1	FILE_OBJECT_FILE	EVENT_READ	1523030871146116008
A80C64A3-39B4-11E8-BF66-D9AA8AFF4A69	SUBJECT_PROCESS	C53609B6-A912-B65B-92A9-B89E0BB6C2E1	FILE_OBJECT_FILE	EVENT_READ	1523030871146116008
A80C64A3-39B4-11E8-BF66-D9AA8AFF4A69	SUBJECT_PROCESS	C53609B6-A912-B65B-92A9-B89E0BB6C2E1	FILE_OBJECT_FILE	EVENT_READ	1523030871146116008
A80C64A3-39B4-11E8-BF66-D9AA8AFF4A69	SUBJECT_PROCESS	C53609B6-A912-B65B-92A9-B89E0BB6C2E1	FILE_OBJECT_FILE	EVENT_CLOSE	1523030871146116008
A80C64A3-39B4-11E8-BF66-D9AA8AFF4A69	SUBJECT_PROCESS	C53609B6-A912-B65B-92A9-B89E0BB6C2E1	FILE_OBJECT_FILE	EVENT_OPEN	1523030871146116008
A80C64A3-39B4-11E8-BF66-D9AA8AFF4A69	SUBJECT_PROCESS	C53609B6-A912-B65B-92A9-B89E0BB6C2E1	FILE_OBJECT_FILE	EVENT_READ	1523030871146116008
A80C64A3-39B4-11E8-BF66-D9AA8AFF4A69	SUBJECT_PROCESS	C53609B6-A912-B65B-92A9-B89E0BB6C2E1	FILE_OBJECT_FILE	EVENT_READ	1523030871146116008
A80C64A3-39B4-11E8-BF66-D9AA8AFF4A69	SUBJECT_PROCESS	C53609B6-A912-B65B-92A9-B89E0BB6C2E1	FILE_OBJECT_FILE	EVENT_READ	1523030871146116008
A80C64A3-39B4-11E8-BF66-D9AA8AFF4A69	SUBJECT_PROCESS	C53609B6-A912-B65B-92A9-B89E0BB6C2E1	FILE_OBJECT_FILE	EVENT_READ	1523030871146116008
A80C64A3-39B4-11E8-BF66-D9AA8AFF4A69	SUBJECT_PROCESS	C53609B6-A912-B65B-92A9-B89E0BB6C2E1	FILE_OBJECT_FILE	EVENT_READ	1523030871146116008
A80C64A3-39B4-11E8-BF66-D9AA8AFF4A69	SUBJECT_PROCESS	C53609B6-A912-B65B-92A9-B89E0BB6C2E1	FILE_OBJECT_FILE	EVENT_READ	1523030871146116008
A80C64A3-39B4-11E8-BF66-D9AA8AFF4A69	SUBJECT_PROCESS	C53609B6-A912-B65B-92A9-B89E0BB6C2E1	FILE_OBJECT_FILE	EVENT_READ	1523030871146116008
A80C64A3-39B4-11E8-BF66-D9AA8AFF4A69	SUBJECT_PROCESS	C53609B6-A912-B65B-92A9-B89E0BB6C2E1	FILE_OBJECT_FILE	EVENT_READ	1523030871146116008
A80C64A3-39B4-11E8-BF66-D9AA8AFF4A69	SUBJECT_PROCESS	C53609B6-A912-B65B-92A9-B89E0BB6C2E1	FILE_OBJECT_FILE	EVENT_READ	1523030871146116008
A80C64A3-39B4-11E8-BF66-D9AA8AFF4A69	SUBJECT_PROCESS	C53609B6-A912-B65B-92A9-B89E0BB6C2E1	FILE_OBJECT_FILE	EVENT_CLOSE	1523030871146116008
A80C64A3-39B4-11E8-BF66-D9AA8AFF4A69	SUBJECT_PROCESS	C53609B6-A912-B65B-92A9-B89E0BB6C2E1	FILE_OBJECT_FILE	EVENT_OPEN	1523030871146116008
A80C64A3-39B4-11E8-BF66-D9AA8AFF4A69	SUBJECT_PROCESS	C53609B6-A912-B65B-92A9-B89E0BB6C2E1	FILE_OBJECT_FILE	EVENT_READ	1523030871146116008
A80C64A3-39B4-11E8-BF66-D9AA8AFF4A69	SUBJECT_PROCESS	C53609B6-A912-B65B-92A9-B89E0BB6C2E1	FILE_OBJECT_FILE	EVENT_READ	1523030871146116008
A80C64A3-39B4-11E8-BF66-D9AA8AFF4A69	SUBJECT_PROCESS	C53609B6-A912-B65B-92A9-B89E0BB6C2E1	FILE_OBJECT_FILE	EVENT_READ	1523030871146116008
A80C64A3-39B4-11E8-BF66-D9AA8AFF4A69	SUBJECT_PROCESS	C53609B6-A912-B65B-92A9-B89E0BB6C2E1	FILE_OBJECT_FILE	EVENT_READ	1523030871146116008
A80C64A3-39B4-11E8-BF66-D9AA8AFF4A69	SUBJECT_PROCESS	C53609B6-A912-B65B-92A9-B89E0BB6C2E1	FILE_OBJECT_FILE	EVENT_READ	1523030871146116008
A80C64A3-39B4-11E8-BF66-D9AA8AFF4A69	SUBJECT_PROCESS	C53609B6-A912-B65B-92A9-B89E0BB6C2E1	FILE_OBJECT_FILE	EVENT_READ	1523030871146116008
A80C64A3-39B4-11E8-BF66-D9AA8AFF4A69	SUBJECT_PROCESS	C53609B6-A912-B65B-92A9-B89E0BB6C2E1	FILE_OBJECT_FILE	EVENT_READ	1523030871146116008
A80C64A3-39B4-11E8-BF66-D9AA8AFF4A69	SUBJECT_PROCESS	C53609B6-A912-B65B-92A9-B89E0BB6C2E1	FILE_OBJECT_FILE	EVENT_READ	1523030871156112839
A80C64A3-39B4-11E8-BF66-D9AA8AFF4A69	SUBJECT_PROCESS	C53609B6-A912-B65B-92A9-B89E0BB6C2E1	FILE_OBJECT_FILE	EVENT_READ	1523030871156112839
A80C64A3-39B4-11E8-BF66-D9AA8AFF4A69	SUBJECT_PROCESS	C53609B6-A912-B65B-92A9-B89E0BB6C2E1	FILE_OBJECT_FILE	EVENT_CLOSE	1523030871156112839
A80C64A3-39B4-11E8-BF66-D9AA8AFF4A69	SUBJECT_PROCESS	C53609B6-A912-B65B-92A9-B89E0BB6C2E1	FILE_OBJECT_FILE	EVENT_OPEN	1523030871156112839
A80C64A3-39B4-11E8-BF66-D9AA8AFF4A69	SUBJECT_PROCESS	C53609B6-A912-B65B-92A9-B89E0BB6C2E1	FILE_OBJECT_FILE	EVENT_READ	1523030871156112839
A80C64A3-39B4-11E8-BF66-D9AA8AFF4A69	SUBJECT_PROCESS	C53609B6-A912-B65B-92A9-B89E0BB6C2E1	FILE_OBJECT_FILE	EVENT_READ	1523030871156112839
A80C64A3-39B4-11E8-BF66-D9AA8AFF4A69	SUBJECT_PROCESS	C53609B6-A912-B65B-92A9-B89E0BB6C2E1	FILE_OBJECT_FILE	EVENT_READ	1523030871156112839
A80C64A3-39B4-11E8-BF66-D9AA8AFF4A69	SUBJECT_PROCESS	C53609B6-A912-B65B-92A9-B89E0BB6C2E1	FILE_OBJECT_FILE	EVENT_READ	1523030871156112839
A80C64A3-39B4-11E8-BF66-D9AA8AFF4A69	SUBJECT_PROCESS	C53609B6-A912-B65B-92A9-B89E0BB6C2E1	FILE_OBJECT_FILE	EVENT_READ	1523030871156112839
A80C64A3-39B4-11E8-BF66-D9AA8AFF4A69	SUBJECT_PROCESS	C53609B6-A912-B65B-92A9-B89E0BB6C2E1	FILE_OBJECT_FILE	EVENT_READ	1523030871156112839
A80C64A3-39B4-11E8-BF66-D9AA8AFF4A69	SUBJECT_PROCESS	C53609B6-A912-B65B-92A9-B89E0BB6C2E1	FILE_OBJECT_FILE	EVENT_READ	1523030871156112839
A80C64A3-39B4-11E8-BF66-D9AA8AFF4A69	SUBJECT_PROCESS	C53609B6-A912-B65B-92A9-B89E0BB6C2E1	FILE_OBJECT_FILE	EVENT_READ	1523030871156112839
A80C64A3-39B4-11E8-BF66-D9AA8AFF4A69	SUBJECT_PROCESS	C53609B6-A912-B65B-92A9-B89E0BB6C2E1	FILE_OBJECT_FILE	EVENT_READ	1523030871156112839
A80C64A3-39B4-11E8-BF66-D9AA8AFF4A69	SUBJECT_PROCESS	C53609B6-A912-B65B-92A9-B89E0BB6C2E1	FILE_OBJECT_FILE	EVENT_CLOSE	1523030871156112839
A80C64A3-39B4-11E8-BF66-D9AA8AFF4A69	SUBJECT_PROCESS	C53609B6-A912-B65B-92A9-B89E0BB6C2E1	FILE_OBJECT_FILE	EVENT_OPEN	1523030871156112839
A80C64A3-39B4-11E8-BF66-D9AA8AFF4A69	SUBJECT_PROCESS	C53609B6-A912-B65B-92A9-B89E0BB6C2E1	FILE_OBJECT_FILE	EVENT_READ	1523030871156112839
A80C64A3-39B4-11E8-BF66-D9AA8AFF4A69	SUBJECT_PROCESS	C53609B6-A912-B65B-92A9-B89E0BB6C2E1	FILE_OBJECT_FILE	EVENT_READ	1523030871156112839
A80C64A3-39B4-11E8-BF66-D9AA8AFF4A69	SUBJECT_PROCESS	C53609B6-A912-B65B-92A9-B89E0BB6C2E1	FILE_OBJECT_FILE	EVENT_READ	1523030871156112839
A80C64A3-39B4-11E8-BF66-D9AA8AFF4A69	SUBJECT_PROCESS	C53609B6-A912-B65B-92A9-B89E0BB6C2E1	FILE_OBJECT_FILE	EVENT_READ	1523030871156112839
A80C64A3-39B4-11E8-BF66-D9AA8AFF4A69	SUBJECT_PROCESS	C53609B6-A912-B65B-92A9-B89E0BB6C2E1	FILE_OBJECT_FILE	EVENT_READ	1523030871156112839
A80C64A3-39B4-11E8-BF66-D9AA8AFF4A69	SUBJECT_PROCESS	C53609B6-A912-B65B-92A9-B89E0BB6C2E1	FILE_OBJECT_FILE	EVENT_READ	1523030871156112839
A80C64A3-39B4-11E8-BF66-D9AA8AFF4A69	SUBJECT_PROCESS	C53609B6-A912-B65B-92A9-B89E0BB6C2E1	FILE_OBJECT_FILE	EVENT_READ	1523030871156112839
A80C64A3-39B4-11E8-BF66-D9AA8AFF4A69	SUBJECT_PROCESS	C53609B6-A912-B65B-92A9-B89E0BB6C2E1	FILE_OBJECT_FILE	EVENT_READ	1523030871156112839
A80C64A3-39B4-11E8-BF66-D9AA8AFF4A69	SUBJECT_PROCESS	C53609B6-A912-B65B-92A9-B89E0BB6C2E1	FILE_OBJECT_FILE	EVENT_READ	1523030871156112839
A80C64A3-39B4-11E8-BF66-D9AA8AFF4A69	SUBJECT_PROCESS	C53609B6-A912-B65B-92A9-B89E0BB6C2E1	FILE_OBJECT_FILE	EVENT_CLOSE	1523030871156112839
A80C64A3-39B4-11E8-BF66-D9AA8AFF4A69	SUBJECT_PROCESS	6E70F466-D61F-5B86-8EF7-93E1B4584E6B	UnnamedPipeObject	EVENT_WRITE	1523030871156112839
A80C88A4-39B4-11E8-BF66-D9AA8AFF4A69	SUBJECT_PROCESS	6E70F466-D61F-5B86-8EF7-93E1B4584E6B	UnnamedPipeObject	EVENT_READ	1523030871156112839
A80C64A3-39B4-11E8-BF66-D9AA8AFF4A69	SUBJECT_PROCESS	A80C64A3-39B4-11E8-BF66-D9AA8AFF4A69	SUBJECT_PROCESS	EVENT_EXIT	1523030871156112839
A80C88A4-39B4-11E8-BF66-D9AA8AFF4A69	SUBJECT_PROCESS	FADB56EB-6919-8A51-9969-955CD18AFFC9	FILE_OBJECT_FILE	EVENT_WRITE	1523030871156112839
A80C88A4-39B4-11E8-BF66-D9AA8AFF4A69	SUBJECT_PROCESS	A80C88A4-39B4-11E8-BF66-D9AA8AFF4A69	SUBJECT_PROCESS	EVENT_EXIT	1523030871156112839
D59C58B7-373D-11E8-BF66-D9AA8AFF4A69	SUBJECT_PROCESS	A8154677-39B4-11E8-BF66-D9AA8AFF4A69	SUBJECT_PROCESS	EVENT_FORK	1523030871166109069
A8154677-39B4-11E8-BF66-D9AA8AFF4A69	SUBJECT_PROCESS	CC349957-3DA4-8E5E-A43D-C7740E8ECAA9	FILE_OBJECT_FILE	EVENT_CLOSE	1523030871166109069
A8154677-39B4-11E8-BF66-D9AA8AFF4A69	SUBJECT_PROCESS	6C836AA2-BB54-3A58-94BB-1E5D583A637E	FILE_OBJECT_FILE	EVENT_EXECUTE	1523030871166109069
A8154677-39B4-11E8-BF66-D9AA8AFF4A69	SUBJECT_PROCESS	7A350F75-9945-425D-8599-15CEBD426F06	FILE_OBJECT_FILE	EVENT_EXECUTE	1523030871166109069
A8154677-39B4-11E8-BF66-D9AA8AFF4A69	SUBJECT_PROCESS	51110606-D232-9652-B2D2-3A7242968F8A	FILE_OBJECT_FILE	EVENT_OPEN	1523030871166109069
A8154677-39B4-11E8-BF66-D9AA8AFF4A69	SUBJECT_PROCESS	51110606-D232-9652-B2D2-3A7242968F8A	FILE_OBJECT_FILE	EVENT_READ	1523030871166109069
A8154677-39B4-11E8-BF66-D9AA8AFF4A69	SUBJECT_PROCESS	51110606-D232-9652-B2D2-3A7242968F8A	FILE_OBJECT_FILE	EVENT_CLOSE	1523030871166109069
A8154677-39B4-11E8-BF66-D9AA8AFF4A69	SUBJECT_PROCESS	8A44F292-648B-7854-8B64-00F954785A79	FILE_OBJECT_FILE	EVENT_OPEN	1523030871166109069
A8154677-39B4-11E8-BF66-D9AA8AFF4A69	SUBJECT_PROCESS	8A44F292-648B-7854-8B64-00F954785A79	FILE_OBJECT_FILE	EVENT_READ	1523030871166109069
A8154677-39B4-11E8-BF66-D9AA8AFF4A69	SUBJECT_PROCESS	8A44F292-648B-7854-8B64-00F954785A79	FILE_OBJECT_FILE	EVENT_READ	1523030871166109069
A8154677-39B4-11E8-BF66-D9AA8AFF4A69	SUBJECT_PROCESS	8A44F292-648B-7854-8B64-00F954785A79	FILE_OBJECT_FILE	EVENT_CLOSE	1523030871166109069
A8154677-39B4-11E8-BF66-D9AA8AFF4A69	SUBJECT_PROCESS	76A739B1-A13E-FD50-BEA1-B218A0FD0400	FILE_OBJECT_FILE	EVENT_OPEN	1523030871166109069
A8154677-39B4-11E8-BF66-D9AA8AFF4A69	SUBJECT_PROCESS	76A739B1-A13E-FD50-BEA1-B218A0FD0400	FILE_OBJECT_FILE	EVENT_MMAP	1523030871166109069
A8154677-39B4-11E8-BF66-D9AA8AFF4A69	SUBJECT_PROCESS	76A739B1-A13E-FD50-BEA1-B218A0FD0400	FILE_OBJECT_FILE	EVENT_MMAP	1523030871166109069
A8154677-39B4-11E8-BF66-D9AA8AFF4A69	SUBJECT_PROCESS	76A739B1-A13E-FD50-BEA1-B218A0FD0400	FILE_OBJECT_FILE	EVENT_MMAP	1523030871166109069
A8154677-39B4-11E8-BF66-D9AA8AFF4A69	SUBJECT_PROCESS	76A739B1-A13E-FD50-BEA1-B218A0FD0400	FILE_OBJECT_FILE	EVENT_MMAP	1523030871166109069
A8154677-39B4-11E8-BF66-D9AA8AFF4A69	SUBJECT_PROCESS	76A739B1-A13E-FD50-BEA1-B218A0FD0400	FILE_OBJECT_FILE	EVENT_MMAP	1523030871166109069
A8154677-39B4-11E8-BF66-D9AA8AFF4A69	SUBJECT_PROCESS	76A739B1-A13E-FD50-BEA1-B218A0FD0400	FILE_OBJECT_FILE	EVENT_MMAP	1523030871166109069
A8154677-39B4-11E8-BF66-D9AA8AFF4A69	SUBJECT_PROCESS	76A739B1-A13E-FD50-BEA1-B218A0FD0400	FILE_OBJECT_FILE	EVENT_CLOSE	1523030871166109069
A8154677-39B4-11E8-BF66-D9AA8AFF4A69	SUBJECT_PROCESS	F410BE96-4C0C-765E-8C4C-6F0E2E760020	FILE_OBJECT_FILE	EVENT_OPEN	1523030871166109069
A8154677-39B4-11E8-BF66-D9AA8AFF4A69	SUBJECT_PROCESS	F410BE96-4C0C-765E-8C4C-6F0E2E760020	FILE_OBJECT_FILE	EVENT_MMAP	1523030871166109069
A8154677-39B4-11E8-BF66-D9AA8AFF4A69	SUBJECT_PROCESS	F410BE96-4C0C-765E-8C4C-6F0E2E760020	FILE_OBJECT_FILE	EVENT_MMAP	1523030871166109069
A8154677-39B4-11E8-BF66-D9AA8AFF4A69	SUBJECT_PROCESS	F410BE96-4C0C-765E-8C4C-6F0E2E760020	FILE_OBJECT_FILE	EVENT_CLOSE	1523030871166109069
72FB0406-3678-11E8-BF66-D9AA8AFF4A69	SUBJECT_PROCESS	A7DEA12C-39B4-11E8-BF66-D9AA8AFF4A69	FILE_OBJECT_UNIX_SOCKET	EVENT_CLOSE	1523030871806109770
72FB0406-3678-11E8-BF66-D9AA8AFF4A69	SUBJECT_PROCESS	A7DEA193-39B4-11E8-BF66-D9AA8AFF4A69	FILE_OBJECT_UNIX_SOCKET	EVENT_CLOSE	1523030871806109770
72FB0406-3678-11E8-BF66-D9AA8AFF4A69	SUBJECT_PROCESS	A8774F9E-39B4-11E8-BF66-D9AA8AFF4A69	FILE_OBJECT_UNIX_SOCKET	EVENT_CREATE_OBJECT	1523030871806109770
72FB0406-3678-11E8-BF66-D9AA8AFF4A69	SUBJECT_PROCESS	A8775005-39B4-11E8-BF66-D9AA8AFF4A69	FILE_OBJECT_UNIX_SOCKET	EVENT_CREATE_OBJECT	1523030871806109770
A8154677-39B4-11E8-BF66-D9AA8AFF4A69	SUBJECT_PROCESS	A8154677-39B4-11E8-BF66-D9AA8AFF4A69	SUBJECT_PROCESS	EVENT_EXIT	1523030872186109940
D59C58B7-373D-11E8-BF66-D9AA8AFF4A69	SUBJECT_PROCESS	A8B1341A-39B4-11E8-BF66-D9AA8AFF4A69	SUBJECT_PROCESS	EVENT_FORK	1523030872186109940
A8B1341A-39B4-11E8-BF66-D9AA8AFF4A69	SUBJECT_PROCESS	CC349957-3DA4-8E5E-A43D-C7740E8ECAA9	FILE_OBJECT_FILE	EVENT_CLOSE	1523030872186109940
A8B1341A-39B4-11E8-BF66-D9AA8AFF4A69	SUBJECT_PROCESS	0A5174D8-80FB-4258-BB80-C79A98427D6A	FILE_OBJECT_FILE	EVENT_EXECUTE	1523030872186109940
A8B1341A-39B4-11E8-BF66-D9AA8AFF4A69	SUBJECT_PROCESS	7A350F75-9945-425D-8599-15CEBD426F06	FILE_OBJECT_FILE	EVENT_EXECUTE	1523030872186109940
A8B1341A-39B4-11E8-BF66-D9AA8AFF4A69	SUBJECT_PROCESS	51110606-D232-9652-B2D2-3A7242968F8A	FILE_OBJECT_FILE	EVENT_OPEN	1523030872186109940
A8B1341A-39B4-11E8-BF66-D9AA8AFF4A69	SUBJECT_PROCESS	51110606-D232-9652-B2D2-3A7242968F8A	FILE_OBJECT_FILE	EVENT_READ	1523030872186109940
A8B1341A-39B4-11E8-BF66-D9AA8AFF4A69	SUBJECT_PROCESS	51110606-D232-9652-B2D2-3A7242968F8A	FILE_OBJECT_FILE	EVENT_CLOSE	1523030872186109940
A8B1341A-39B4-11E8-BF66-D9AA8AFF4A69	SUBJECT_PROCESS	8A44F292-648B-7854-8B64-00F954785A79	FILE_OBJECT_FILE	EVENT_OPEN	1523030872186109940
A8B1341A-39B4-11E8-BF66-D9AA8AFF4A69	SUBJECT_PROCESS	8A44F292-648B-7854-8B64-00F954785A79	FILE_OBJECT_FILE	EVENT_READ	1523030872186109940
A8B1341A-39B4-11E8-BF66-D9AA8AFF4A69	SUBJECT_PROCESS	8A44F292-648B-7854-8B64-00F954785A79	FILE_OBJECT_FILE	EVENT_READ	1523030872186109940
A8B1341A-39B4-11E8-BF66-D9AA8AFF4A69	SUBJECT_PROCESS	8A44F292-648B-7854-8B64-00F954785A79	FILE_OBJECT_FILE	EVENT_CLOSE	1523030872186109940
A8B1341A-39B4-11E8-BF66-D9AA8AFF4A69	SUBJECT_PROCESS	76A739B1-A13E-FD50-BEA1-B218A0FD0400	FILE_OBJECT_FILE	EVENT_OPEN	1523030872186109940
A8B1341A-39B4-11E8-BF66-D9AA8AFF4A69	SUBJECT_PROCESS	76A739B1-A13E-FD50-BEA1-B218A0FD0400	FILE_OBJECT_FILE	EVENT_MMAP	1523030872186109940
A8B1341A-39B4-11E8-BF66-D9AA8AFF4A69	SUBJECT_PROCESS	76A739B1-A13E-FD50-BEA1-B218A0FD0400	FILE_OBJECT_FILE	EVENT_MMAP	1523030872186109940
A8B1341A-39B4-11E8-BF66-D9AA8AFF4A69	SUBJECT_PROCESS	76A739B1-A13E-FD50-BEA1-B218A0FD0400	FILE_OBJECT_FILE	EVENT_MMAP	1523030872186109940
A8B1341A-39B4-11E8-BF66-D9AA8AFF4A69	SUBJECT_PROCESS	76A739B1-A13E-FD50-BEA1-B218A0FD0400	FILE_OBJECT_FILE	EVENT_MMAP	1523030872186109940
A8B1341A-39B4-11E8-BF66-D9AA8AFF4A69	SUBJECT_PROCESS	76A739B1-A13E-FD50-BEA1-B218A0FD0400	FILE_OBJECT_FILE	EVENT_MMAP	1523030872186109940
A8B1341A-39B4-11E8-BF66-D9AA8AFF4A69	SUBJECT_PROCESS	76A739B1-A13E-FD50-BEA1-B218A0FD0400	FILE_OBJECT_FILE	EVENT_MMAP	1523030872186109940
A8B1341A-39B4-11E8-BF66-D9AA8AFF4A69	SUBJECT_PROCESS	76A739B1-A13E-FD50-BEA1-B218A0FD0400	FILE_OBJECT_FILE	EVENT_CLOSE	1523030872186109940
A8B1341A-39B4-11E8-BF66-D9AA8AFF4A69	SUBJECT_PROCESS	F410BE96-4C0C-765E-8C4C-6F0E2E760020	FILE_OBJECT_FILE	EVENT_OPEN	1523030872186109940
A8B1341A-39B4-11E8-BF66-D9AA8AFF4A69	SUBJECT_PROCESS	F410BE96-4C0C-765E-8C4C-6F0E2E760020	FILE_OBJECT_FILE	EVENT_MMAP	1523030872186109940
A8B1341A-39B4-11E8-BF66-D9AA8AFF4A69	SUBJECT_PROCESS	F410BE96-4C0C-765E-8C4C-6F0E2E760020	FILE_OBJECT_FILE	EVENT_MMAP	1523030872186109940
A8B1341A-39B4-11E8-BF66-D9AA8AFF4A69	SUBJECT_PROCESS	F410BE96-4C0C-765E-8C4C-6F0E2E760020	FILE_OBJECT_FILE	EVENT_CLOSE	1523030872186109940
A8B1341A-39B4-11E8-BF66-D9AA8AFF4A69	SUBJECT_PROCESS	AE441C70-DEC0-BD5F-80DE-3DE4DFBDF253	FILE_OBJECT_FILE	EVENT_OPEN	1523030872186109940
A8B1341A-39B4-11E8-BF66-D9AA8AFF4A69	SUBJECT_PROCESS	AE441C70-DEC0-BD5F-80DE-3DE4DFBDF253	FILE_OBJECT_FILE	EVENT_READ	1523030872196109281
A8B1341A-39B4-11E8-BF66-D9AA8AFF4A69	SUBJECT_PROCESS	AE441C70-DEC0-BD5F-80DE-3DE4DFBDF253	FILE_OBJECT_FILE	EVENT_CLOSE	1523030872196109281
A8B1341A-39B4-11E8-BF66-D9AA8AFF4A69	SUBJECT_PROCESS	104A8C35-2200-3156-8022-4129E631EA52	FILE_OBJECT_FILE	EVENT_OPEN	1523030872196109281
A8B1341A-39B4-11E8-BF66-D9AA8AFF4A69	SUBJECT_PROCESS	104A8C35-2200-3156-8022-4129E631EA52	FILE_OBJECT_FILE	EVENT_READ	1523030872196109281
A8B1341A-39B4-11E8-BF66-D9AA8AFF4A69	SUBJECT_PROCESS	104A8C35-2200-3156-8022-4129E631EA52	FILE_OBJECT_FILE	EVENT_CLOSE	1523030872196109281
A8B1341A-39B4-11E8-BF66-D9AA8AFF4A69	SUBJECT_PROCESS	DB1A5421-4509-D15D-8945-9F45CDD1A77E	FILE_OBJECT_FILE	EVENT_WRITE	1523030872196109281
A8B1341A-39B4-11E8-BF66-D9AA8AFF4A69	SUBJECT_PROCESS	A8B1341A-39B4-11E8-BF66-D9AA8AFF4A69	SUBJECT_PROCESS	EVENT_EXIT	1523030872196109281
D59C58B7-373D-11E8-BF66-D9AA8AFF4A69	SUBJECT_PROCESS	A8B2EAFA-39B4-11E8-BF66-D9AA8AFF4A69	SUBJECT_PROCESS	EVENT_FORK	1523030872196109281
A8B2EAFA-39B4-11E8-BF66-D9AA8AFF4A69	SUBJECT_PROCESS	CC349957-3DA4-8E5E-A43D-C7740E8ECAA9	FILE_OBJECT_FILE	EVENT_CLOSE	1523030872196109281
A8B2EAFA-39B4-11E8-BF66-D9AA8AFF4A69	SUBJECT_PROCESS	76899EA5-9D25-4352-A59D-8CB74243F4C0	FILE_OBJECT_FILE	EVENT_EXECUTE	1523030872196109281
A8B2EAFA-39B4-11E8-BF66-D9AA8AFF4A69	SUBJECT_PROCESS	7A350F75-9945-425D-8599-15CEBD426F06	FILE_OBJECT_FILE	EVENT_EXECUTE	1523030872196109281
A8B2EAFA-39B4-11E8-BF66-D9AA8AFF4A69	SUBJECT_PROCESS	51110606-D232-9652-B2D2-3A7242968F8A	FILE_OBJECT_FILE	EVENT_OPEN	1523030872196109281
A8B2EAFA-39B4-11E8-BF66-D9AA8AFF4A69	SUBJECT_PROCESS	51110606-D232-9652-B2D2-3A7242968F8A	FILE_OBJECT_FILE	EVENT_READ	1523030872196109281
A8B2EAFA-39B4-11E8-BF66-D9AA8AFF4A69	SUBJECT_PROCESS	51110606-D232-9652-B2D2-3A7242968F8A	FILE_OBJECT_FILE	EVENT_CLOSE	1523030872196109281
A8B2EAFA-39B4-11E8-BF66-D9AA8AFF4A69	SUBJECT_PROCESS	8A44F292-648B-7854-8B64-00F954785A79	FILE_OBJECT_FILE	EVENT_OPEN	1523030872196109281
A8B2EAFA-39B4-11E8-BF66-D9AA8AFF4A69	SUBJECT_PROCESS	8A44F292-648B-7854-8B64-00F954785A79	FILE_OBJECT_FILE	EVENT_READ	1523030872196109281
A8B2EAFA-39B4-11E8-BF66-D9AA8AFF4A69	SUBJECT_PROCESS	8A44F292-648B-7854-8B64-00F954785A79	FILE_OBJECT_FILE	EVENT_READ	1523030872196109281
A8B2EAFA-39B4-11E8-BF66-D9AA8AFF4A69	SUBJECT_PROCESS	8A44F292-648B-7854-8B64-00F954785A79	FILE_OBJECT_FILE	EVENT_CLOSE	1523030872196109281
A8B2EAFA-39B4-11E8-BF66-D9AA8AFF4A69	SUBJECT_PROCESS	718F288D-A702-1B5D-82A7-80807D1BB326	FILE_OBJECT_FILE	EVENT_OPEN	1523030872196109281
A8B2EAFA-39B4-11E8-BF66-D9AA8AFF4A69	SUBJECT_PROCESS	718F288D-A702-1B5D-82A7-80807D1BB326	FILE_OBJECT_FILE	EVENT_MMAP	1523030872196109281
A8B2EAFA-39B4-11E8-BF66-D9AA8AFF4A69	SUBJECT_PROCESS	718F288D-A702-1B5D-82A7-80807D1BB326	FILE_OBJECT_FILE	EVENT_MMAP	1523030872196109281
A8B2EAFA-39B4-11E8-BF66-D9AA8AFF4A69	SUBJECT_PROCESS	718F288D-A702-1B5D-82A7-80807D1BB326	FILE_OBJECT_FILE	EVENT_MMAP	1523030872206113052
A8B2EAFA-39B4-11E8-BF66-D9AA8AFF4A69	SUBJECT_PROCESS	718F288D-A702-1B5D-82A7-80807D1BB326	FILE_OBJECT_FILE	EVENT_MMAP	1523030872206113052
A8B2EAFA-39B4-11E8-BF66-D9AA8AFF4A69	SUBJECT_PROCESS	718F288D-A702-1B5D-82A7-80807D1BB326	FILE_OBJECT_FILE	EVENT_MMAP	1523030872206113052
A8B2EAFA-39B4-11E8-BF66-D9AA8AFF4A69	SUBJECT_PROCESS	718F288D-A702-1B5D-82A7-80807D1BB326	FILE_OBJECT_FILE	EVENT_MMAP	1523030872206113052
A8B2EAFA-39B4-11E8-BF66-D9AA8AFF4A69	SUBJECT_PROCESS	718F288D-A702-1B5D-82A7-80807D1BB326	FILE_OBJECT_FILE	EVENT_CLOSE	1523030872206113052
A8B2EAFA-39B4-11E8-BF66-D9AA8AFF4A69	SUBJECT_PROCESS	76A739B1-A13E-FD50-BEA1-B218A0FD0400	FILE_OBJECT_FILE	EVENT_OPEN	1523030872206113052
A8B2EAFA-39B4-11E8-BF66-D9AA8AFF4A69	SUBJECT_PROCESS	76A739B1-A13E-FD50-BEA1-B218A0FD0400	FILE_OBJECT_FILE	EVENT_MMAP	1523030872206113052
A8B2EAFA-39B4-11E8-BF66-D9AA8AFF4A69	SUBJECT_PROCESS	76A739B1-A13E-FD50-BEA1-B218A0FD0400	FILE_OBJECT_FILE	EVENT_MMAP	1523030872206113052
A8B2EAFA-39B4-11E8-BF66-D9AA8AFF4A69	SUBJECT_PROCESS	76A739B1-A13E-FD50-BEA1-B218A0FD0400	FILE_OBJECT_FILE	EVENT_MMAP	1523030872206113052
A8B2EAFA-39B4-11E8-BF66-D9AA8AFF4A69	SUBJECT_PROCESS	76A739B1-A13E-FD50-BEA1-B218A0FD0400	FILE_OBJECT_FILE	EVENT_MMAP	1523030872206113052
A8B2EAFA-39B4-11E8-BF66-D9AA8AFF4A69	SUBJECT_PROCESS	76A739B1-A13E-FD50-BEA1-B218A0FD0400	FILE_OBJECT_FILE	EVENT_MMAP	1523030872206113052
A8B2EAFA-39B4-11E8-BF66-D9AA8AFF4A69	SUBJECT_PROCESS	76A739B1-A13E-FD50-BEA1-B218A0FD0400	FILE_OBJECT_FILE	EVENT_MMAP	1523030872206113052
A8B2EAFA-39B4-11E8-BF66-D9AA8AFF4A69	SUBJECT_PROCESS	76A739B1-A13E-FD50-BEA1-B218A0FD0400	FILE_OBJECT_FILE	EVENT_CLOSE	1523030872206113052
A8B2EAFA-39B4-11E8-BF66-D9AA8AFF4A69	SUBJECT_PROCESS	F29977F6-07A2-935B-A207-C4871B93FE07	FILE_OBJECT_FILE	EVENT_OPEN	1523030872206113052
A8B2EAFA-39B4-11E8-BF66-D9AA8AFF4A69	SUBJECT_PROCESS	F29977F6-07A2-935B-A207-C4871B93FE07	FILE_OBJECT_FILE	EVENT_MMAP	1523030872206113052
A8B2EAFA-39B4-11E8-BF66-D9AA8AFF4A69	SUBJECT_PROCESS	F29977F6-07A2-935B-A207-C4871B93FE07	FILE_OBJECT_FILE	EVENT_MMAP	1523030872206113052
A8B2EAFA-39B4-11E8-BF66-D9AA8AFF4A69	SUBJECT_PROCESS	F29977F6-07A2-935B-A207-C4871B93FE07	FILE_OBJECT_FILE	EVENT_MMAP	1523030872206113052
A8B2EAFA-39B4-11E8-BF66-D9AA8AFF4A69	SUBJECT_PROCESS	F29977F6-07A2-935B-A207-C4871B93FE07	FILE_OBJECT_FILE	EVENT_MMAP	1523030872206113052
A8B2EAFA-39B4-11E8-BF66-D9AA8AFF4A69	SUBJECT_PROCESS	F29977F6-07A2-935B-A207-C4871B93FE07	FILE_OBJECT_FILE	EVENT_MMAP	1523030872206113052
A8B2EAFA-39B4-11E8-BF66-D9AA8AFF4A69	SUBJECT_PROCESS	F29977F6-07A2-935B-A207-C4871B93FE07	FILE_OBJECT_FILE	EVENT_MMAP	1523030872206113052
A8B2EAFA-39B4-11E8-BF66-D9AA8AFF4A69	SUBJECT_PROCESS	F29977F6-07A2-935B-A207-C4871B93FE07	FILE_OBJECT_FILE	EVENT_CLOSE	1523030872206113052
A8B2EAFA-39B4-11E8-BF66-D9AA8AFF4A69	SUBJECT_PROCESS	F410BE96-4C0C-765E-8C4C-6F0E2E760020	FILE_OBJECT_FILE	EVENT_OPEN	1523030872216108733
A8B2EAFA-39B4-11E8-BF66-D9AA8AFF4A69	SUBJECT_PROCESS	F410BE96-4C0C-765E-8C4C-6F0E2E760020	FILE_OBJECT_FILE	EVENT_MMAP	1523030872216108733
A8B2EAFA-39B4-11E8-BF66-D9AA8AFF4A69	SUBJECT_PROCESS	F410BE96-4C0C-765E-8C4C-6F0E2E760020	FILE_OBJECT_FILE	EVENT_MMAP	1523030872216108733
A8B2EAFA-39B4-11E8-BF66-D9AA8AFF4A69	SUBJECT_PROCESS	F410BE96-4C0C-765E-8C4C-6F0E2E760020	FILE_OBJECT_FILE	EVENT_CLOSE	1523030872216108733
A8B2EAFA-39B4-11E8-BF66-D9AA8AFF4A69	SUBJECT_PROCESS	1633500B-D34B-8058-8BD3-ABB7D880915E	FILE_OBJECT_FILE	EVENT_OPEN	1523030872216108733
A8B2EAFA-39B4-11E8-BF66-D9AA8AFF4A69	SUBJECT_PROCESS	1633500B-D34B-8058-8BD3-ABB7D880915E	FILE_OBJECT_FILE	EVENT_CLOSE	1523030872216108733
A8B2EAFA-39B4-11E8-BF66-D9AA8AFF4A69	SUBJECT_PROCESS	A8B2EAFA-39B4-11E8-BF66-D9AA8AFF4A69	SUBJECT_PROCESS	EVENT_MODIFY_PROCESS	1523030872216108733
A8B2EAFA-39B4-11E8-BF66-D9AA8AFF4A69	SUBJECT_PROCESS	EDC9C006-38C1-1659-8138-925D3916B899	FILE_OBJECT_FILE	EVENT_OPEN	1523030872216108733
A8B2EAFA-39B4-11E8-BF66-D9AA8AFF4A69	SUBJECT_PROCESS	0C51AAE3-0594-4A51-9405-4FC4214A0041	FILE_OBJECT_FILE	EVENT_OPEN	1523030872216108733
A8B2EAFA-39B4-11E8-BF66-D9AA8AFF4A69	SUBJECT_PROCESS	0C51AAE3-0594-4A51-9405-4FC4214A0041	FILE_OBJECT_FILE	EVENT_READ	1523030872216108733
A8B2EAFA-39B4-11E8-BF66-D9AA8AFF4A69	SUBJECT_PROCESS	0C51AAE3-0594-4A51-9405-4FC4214A0041	FILE_OBJECT_FILE	EVENT_READ	1523030872216108733
A8B2EAFA-39B4-11E8-BF66-D9AA8AFF4A69	SUBJECT_PROCESS	0C51AAE3-0594-4A51-9405-4FC4214A0041	FILE_OBJECT_FILE	EVENT_LSEEK	1523030872216108733
A8B2EAFA-39B4-11E8-BF66-D9AA8AFF4A69	SUBJECT_PROCESS	0C51AAE3-0594-4A51-9405-4FC4214A0041	FILE_OBJECT_FILE	EVENT_READ	1523030872216108733
A8B2EAFA-39B4-11E8-BF66-D9AA8AFF4A69	SUBJECT_PROCESS	0C51AAE3-0594-4A51-9405-4FC4214A0041	FILE_OBJECT_FILE	EVENT_LSEEK	1523030872216108733
A8B2EAFA-39B4-11E8-BF66-D9AA8AFF4A69	SUBJECT_PROCESS	0C51AAE3-0594-4A51-9405-4FC4214A0041	FILE_OBJECT_FILE	EVENT_READ	1523030872216108733
A8B2EAFA-39B4-11E8-BF66-D9AA8AFF4A69	SUBJECT_PROCESS	0C51AAE3-0594-4A51-9405-4FC4214A0041	FILE_OBJECT_FILE	EVENT_READ	1523030872216108733
A8B2EAFA-39B4-11E8-BF66-D9AA8AFF4A69	SUBJECT_PROCESS	0C51AAE3-0594-4A51-9405-4FC4214A0041	FILE_OBJECT_FILE	EVENT_LSEEK	1523030872216108733
A8B2EAFA-39B4-11E8-BF66-D9AA8AFF4A69	SUBJECT_PROCESS	0C51AAE3-0594-4A51-9405-4FC4214A0041	FILE_OBJECT_FILE	EVENT_READ	1523030872216108733
A8B2EAFA-39B4-11E8-BF66-D9AA8AFF4A69	SUBJECT_PROCESS	0C51AAE3-0594-4A51-9405-4FC4214A0041	FILE_OBJECT_FILE	EVENT_READ	1523030872226113494
A8B2EAFA-39B4-11E8-BF66-D9AA8AFF4A69	SUBJECT_PROCESS	0C51AAE3-0594-4A51-9405-4FC4214A0041	FILE_OBJECT_FILE	EVENT_READ	1523030872226113494
A8B2EAFA-39B4-11E8-BF66-D9AA8AFF4A69	SUBJECT_PROCESS	A8B2EAFA-39B4-11E8-BF66-D9AA8AFF4A69	SUBJECT_PROCESS	EVENT_CHANGE_PRINCIPAL	1523030872226113494
A8B2EAFA-39B4-11E8-BF66-D9AA8AFF4A69	SUBJECT_PROCESS	BCDBE64D-1703-005A-8317-44DD6A00589D	FILE_OBJECT_FILE	EVENT_OPEN	1523030872226113494
A8B2EAFA-39B4-11E8-BF66-D9AA8AFF4A69	SUBJECT_PROCESS	BCDBE64D-1703-005A-8317-44DD6A00589D	FILE_OBJECT_FILE	EVENT_READ	1523030872226113494
A8B2EAFA-39B4-11E8-BF66-D9AA8AFF4A69	SUBJECT_PROCESS	BCDBE64D-1703-005A-8317-44DD6A00589D	FILE_OBJECT_FILE	EVENT_READ	1523030872226113494
A8B2EAFA-39B4-11E8-BF66-D9AA8AFF4A69	SUBJECT_PROCESS	BCDBE64D-1703-005A-8317-44DD6A00589D	FILE_OBJECT_FILE	EVENT_CLOSE	1523030872226113494
A8B2EAFA-39B4-11E8-BF66-D9AA8AFF4A69	SUBJECT_PROCESS	C53609B6-A912-B65B-92A9-B89E0BB6C2E1	FILE_OBJECT_FILE	EVENT_OPEN	1523030872226113494
A8B2EAFA-39B4-11E8-BF66-D9AA8AFF4A69	SUBJECT_PROCESS	C53609B6-A912-B65B-92A9-B89E0BB6C2E1	FILE_OBJECT_FILE	EVENT_READ	1523030872226113494
A8B2EAFA-39B4-11E8-BF66-D9AA8AFF4A69	SUBJECT_PROCESS	C53609B6-A912-B65B-92A9-B89E0BB6C2E1	FILE_OBJECT_FILE	EVENT_READ	1523030872226113494
A8B2EAFA-39B4-11E8-BF66-D9AA8AFF4A69	SUBJECT_PROCESS	C53609B6-A912-B65B-92A9-B89E0BB6C2E1	FILE_OBJECT_FILE	EVENT_READ	1523030872226113494
A8B2EAFA-39B4-11E8-BF66-D9AA8AFF4A69	SUBJECT_PROCESS	C53609B6-A912-B65B-92A9-B89E0BB6C2E1	FILE_OBJECT_FILE	EVENT_READ	1523030872226113494
A8B2EAFA-39B4-11E8-BF66-D9AA8AFF4A69	SUBJECT_PROCESS	C53609B6-A912-B65B-92A9-B89E0BB6C2E1	FILE_OBJECT_FILE	EVENT_READ	1523030872226113494
A8B2EAFA-39B4-11E8-BF66-D9AA8AFF4A69	SUBJECT_PROCESS	C53609B6-A912-B65B-92A9-B89E0BB6C2E1	FILE_OBJECT_FILE	EVENT_READ	1523030872236108224
A8B2EAFA-39B4-11E8-BF66-D9AA8AFF4A69	SUBJECT_PROCESS	C53609B6-A912-B65B-92A9-B89E0BB6C2E1	FILE_OBJECT_FILE	EVENT_READ	1523030872236108224
A8B2EAFA-39B4-11E8-BF66-D9AA8AFF4A69	SUBJECT_PROCESS	C53609B6-A912-B65B-92A9-B89E0BB6C2E1	FILE_OBJECT_FILE	EVENT_READ	1523030872236108224
A8B2EAFA-39B4-11E8-BF66-D9AA8AFF4A69	SUBJECT_PROCESS	C53609B6-A912-B65B-92A9-B89E0BB6C2E1	FILE_OBJECT_FILE	EVENT_READ	1523030872236108224
A8B2EAFA-39B4-11E8-BF66-D9AA8AFF4A69	SUBJECT_PROCESS	C53609B6-A912-B65B-92A9-B89E0BB6C2E1	FILE_OBJECT_FILE	EVENT_CLOSE	1523030872236108224
A8B2EAFA-39B4-11E8-BF66-D9AA8AFF4A69	SUBJECT_PROCESS	D496A680-EF0C-5554-8CEF-97252455C14A	FILE_OBJECT_FILE	EVENT_OPEN	1523030872236108224
A8B2EAFA-39B4-11E8-BF66-D9AA8AFF4A69	SUBJECT_PROCESS	D496A680-EF0C-5554-8CEF-97252455C14A	FILE_OBJECT_FILE	EVENT_READ	1523030872236108224
A8B2EAFA-39B4-11E8-BF66-D9AA8AFF4A69	SUBJECT_PROCESS	D496A680-EF0C-5554-8CEF-97252455C14A	FILE_OBJECT_FILE	EVENT_READ	1523030872236108224
A8B2EAFA-39B4-11E8-BF66-D9AA8AFF4A69	SUBJECT_PROCESS	D496A680-EF0C-5554-8CEF-97252455C14A	FILE_OBJECT_FILE	EVENT_CLOSE	1523030872236108224
A8B2EAFA-39B4-11E8-BF66-D9AA8AFF4A69	SUBJECT_PROCESS	0C51AAE3-0594-4A51-9405-4FC4214A0041	FILE_OBJECT_FILE	EVENT_READ	1523030872236108224
A8B2EAFA-39B4-11E8-BF66-D9AA8AFF4A69	SUBJECT_PROCESS	0C51AAE3-0594-4A51-9405-4FC4214A0041	FILE_OBJECT_FILE	EVENT_READ	1523030872236108224
A8B2EAFA-39B4-11E8-BF66-D9AA8AFF4A69	SUBJECT_PROCESS	0C51AAE3-0594-4A51-9405-4FC4214A0041	FILE_OBJECT_FILE	EVENT_LSEEK	1523030872236108224
A8B2EAFA-39B4-11E8-BF66-D9AA8AFF4A69	SUBJECT_PROCESS	0C51AAE3-0594-4A51-9405-4FC4214A0041	FILE_OBJECT_FILE	EVENT_READ	1523030872236108224
A8B2EAFA-39B4-11E8-BF66-D9AA8AFF4A69	SUBJECT_PROCESS	0C51AAE3-0594-4A51-9405-4FC4214A0041	FILE_OBJECT_FILE	EVENT_READ	1523030872236108224
A8B2EAFA-39B4-11E8-BF66-D9AA8AFF4A69	SUBJECT_PROCESS	0C51AAE3-0594-4A51-9405-4FC4214A0041	FILE_OBJECT_FILE	EVENT_READ	1523030872236108224
A8B2EAFA-39B4-11E8-BF66-D9AA8AFF4A69	SUBJECT_PROCESS	0C51AAE3-0594-4A51-9405-4FC4214A0041	FILE_OBJECT_FILE	EVENT_READ	1523030872236108224
A8B2EAFA-39B4-11E8-BF66-D9AA8AFF4A69	SUBJECT_PROCESS	0C51AAE3-0594-4A51-9405-4FC4214A0041	FILE_OBJECT_FILE	EVENT_READ	1523030872236108224
A8B2EAFA-39B4-11E8-BF66-D9AA8AFF4A69	SUBJECT_PROCESS	0C51AAE3-0594-4A51-9405-4FC4214A0041	FILE_OBJECT_FILE	EVENT_READ	1523030872236108224
A8B2EAFA-39B4-11E8-BF66-D9AA8AFF4A69	SUBJECT_PROCESS	0C51AAE3-0594-4A51-9405-4FC4214A0041	FILE_OBJECT_FILE	EVENT_READ	1523030872246112605
A8B2EAFA-39B4-11E8-BF66-D9AA8AFF4A69	SUBJECT_PROCESS	0C51AAE3-0594-4A51-9405-4FC4214A0041	FILE_OBJECT_FILE	EVENT_READ	1523030872246112605
A8B2EAFA-39B4-11E8-BF66-D9AA8AFF4A69	SUBJECT_PROCESS	0C51AAE3-0594-4A51-9405-4FC4214A0041	FILE_OBJECT_FILE	EVENT_READ	1523030872246112605
A8B2EAFA-39B4-11E8-BF66-D9AA8AFF4A69	SUBJECT_PROCESS	0C51AAE3-0594-4A51-9405-4FC4214A0041	FILE_OBJECT_FILE	EVENT_READ	1523030872246112605
A8B2EAFA-39B4-11E8-BF66-D9AA8AFF4A69	SUBJECT_PROCESS	0C51AAE3-0594-4A51-9405-4FC4214A0041	FILE_OBJECT_FILE	EVENT_LSEEK	1523030872246112605
A8B2EAFA-39B4-11E8-BF66-D9AA8AFF4A69	SUBJECT_PROCESS	0C51AAE3-0594-4A51-9405-4FC4214A0041	FILE_OBJECT_FILE	EVENT_READ	1523030872246112605
A8B2EAFA-39B4-11E8-BF66-D9AA8AFF4A69	SUBJECT_PROCESS	0C51AAE3-0594-4A51-9405-4FC4214A0041	FILE_OBJECT_FILE	EVENT_LSEEK	1523030872246112605
A8B2EAFA-39B4-11E8-BF66-D9AA8AFF4A69	SUBJECT_PROCESS	0C51AAE3-0594-4A51-9405-4FC4214A0041	FILE_OBJECT_FILE	EVENT_READ	1523030872246112605
A8B2EAFA-39B4-11E8-BF66-D9AA8AFF4A69	SUBJECT_PROCESS	0C51AAE3-0594-4A51-9405-4FC4214A0041	FILE_OBJECT_FILE	EVENT_READ	1523030872246112605
A8B2EAFA-39B4-11E8-BF66-D9AA8AFF4A69	SUBJECT_PROCESS	0C51AAE3-0594-4A51-9405-4FC4214A0041	FILE_OBJECT_FILE	EVENT_READ	1523030872246112605
A8B2EAFA-39B4-11E8-BF66-D9AA8AFF4A69	SUBJECT_PROCESS	0C51AAE3-0594-4A51-9405-4FC4214A0041	FILE_OBJECT_FILE	EVENT_READ	1523030872246112605
A8B2EAFA-39B4-11E8-BF66-D9AA8AFF4A69	SUBJECT_PROCESS	0C51AAE3-0594-4A51-9405-4FC4214A0041	FILE_OBJECT_FILE	EVENT_READ	1523030872246112605
A8B2EAFA-39B4-11E8-BF66-D9AA8AFF4A69	SUBJECT_PROCESS	0C51AAE3-0594-4A51-9405-4FC4214A0041	FILE_OBJECT_FILE	EVENT_LSEEK	1523030872246112605
A8B2EAFA-39B4-11E8-BF66-D9AA8AFF4A69	SUBJECT_PROCESS	0C51AAE3-0594-4A51-9405-4FC4214A0041	FILE_OBJECT_FILE	EVENT_READ	1523030872246112605
A8B2EAFA-39B4-11E8-BF66-D9AA8AFF4A69	SUBJECT_PROCESS	0C51AAE3-0594-4A51-9405-4FC4214A0041	FILE_OBJECT_FILE	EVENT_LSEEK	1523030872246112605
A8B2EAFA-39B4-11E8-BF66-D9AA8AFF4A69	SUBJECT_PROCESS	0C51AAE3-0594-4A51-9405-4FC4214A0041	FILE_OBJECT_FILE	EVENT_READ	1523030872246112605
A8B2EAFA-39B4-11E8-BF66-D9AA8AFF4A69	SUBJECT_PROCESS	0C51AAE3-0594-4A51-9405-4FC4214A0041	FILE_OBJECT_FILE	EVENT_READ	1523030872246112605
A8B2EAFA-39B4-11E8-BF66-D9AA8AFF4A69	SUBJECT_PROCESS	0C51AAE3-0594-4A51-9405-4FC4214A0041	FILE_OBJECT_FILE	EVENT_READ	1523030872246112605
A8B2EAFA-39B4-11E8-BF66-D9AA8AFF4A69	SUBJECT_PROCESS	0C51AAE3-0594-4A51-9405-4FC4214A0041	FILE_OBJECT_FILE	EVENT_LSEEK	1523030872246112605
A8B2EAFA-39B4-11E8-BF66-D9AA8AFF4A69	SUBJECT_PROCESS	0C51AAE3-0594-4A51-9405-4FC4214A0041	FILE_OBJECT_FILE	EVENT_READ	1523030872246112605
A8B2EAFA-39B4-11E8-BF66-D9AA8AFF4A69	SUBJECT_PROCESS	0C51AAE3-0594-4A51-9405-4FC4214A0041	FILE_OBJECT_FILE	EVENT_READ	1523030872246112605
A8B2EAFA-39B4-11E8-BF66-D9AA8AFF4A69	SUBJECT_PROCESS	0C51AAE3-0594-4A51-9405-4FC4214A0041	FILE_OBJECT_FILE	EVENT_LSEEK	1523030872256112166
A8B2EAFA-39B4-11E8-BF66-D9AA8AFF4A69	SUBJECT_PROCESS	0C51AAE3-0594-4A51-9405-4FC4214A0041	FILE_OBJECT_FILE	EVENT_READ	1523030872256112166
A8B2EAFA-39B4-11E8-BF66-D9AA8AFF4A69	SUBJECT_PROCESS	0C51AAE3-0594-4A51-9405-4FC4214A0041	FILE_OBJECT_FILE	EVENT_READ	1523030872256112166
A8B2EAFA-39B4-11E8-BF66-D9AA8AFF4A69	SUBJECT_PROCESS	0C51AAE3-0594-4A51-9405-4FC4214A0041	FILE_OBJECT_FILE	EVENT_READ	1523030872256112166
A8B2EAFA-39B4-11E8-BF66-D9AA8AFF4A69	SUBJECT_PROCESS	0C51AAE3-0594-4A51-9405-4FC4214A0041	FILE_OBJECT_FILE	EVENT_READ	1523030872256112166
A8B2EAFA-39B4-11E8-BF66-D9AA8AFF4A69	SUBJECT_PROCESS	0C51AAE3-0594-4A51-9405-4FC4214A0041	FILE_OBJECT_FILE	EVENT_LSEEK	1523030872256112166
A8B2EAFA-39B4-11E8-BF66-D9AA8AFF4A69	SUBJECT_PROCESS	0C51AAE3-0594-4A51-9405-4FC4214A0041	FILE_OBJECT_FILE	EVENT_READ	1523030872256112166
A8B2EAFA-39B4-11E8-BF66-D9AA8AFF4A69	SUBJECT_PROCESS	0C51AAE3-0594-4A51-9405-4FC4214A0041	FILE_OBJECT_FILE	EVENT_LSEEK	1523030872256112166
A8B2EAFA-39B4-11E8-BF66-D9AA8AFF4A69	SUBJECT_PROCESS	0C51AAE3-0594-4A51-9405-4FC4214A0041	FILE_OBJECT_FILE	EVENT_READ	1523030872256112166
A8B2EAFA-39B4-11E8-BF66-D9AA8AFF4A69	SUBJECT_PROCESS	0C51AAE3-0594-4A51-9405-4FC4214A0041	FILE_OBJECT_FILE	EVENT_LSEEK	1523030872256112166
A8B2EAFA-39B4-11E8-BF66-D9AA8AFF4A69	SUBJECT_PROCESS	0C51AAE3-0594-4A51-9405-4FC4214A0041	FILE_OBJECT_FILE	EVENT_READ	1523030872256112166
A8B2EAFA-39B4-11E8-BF66-D9AA8AFF4A69	SUBJECT_PROCESS	0C51AAE3-0594-4A51-9405-4FC4214A0041	FILE_OBJECT_FILE	EVENT_LSEEK	1523030872256112166
A8B2EAFA-39B4-11E8-BF66-D9AA8AFF4A69	SUBJECT_PROCESS	0C51AAE3-0594-4A51-9405-4FC4214A0041	FILE_OBJECT_FILE	EVENT_READ	1523030872256112166
A8B2EAFA-39B4-11E8-BF66-D9AA8AFF4A69	SUBJECT_PROCESS	0C51AAE3-0594-4A51-9405-4FC4214A0041	FILE_OBJECT_FILE	EVENT_LSEEK	1523030872256112166
A8B2EAFA-39B4-11E8-BF66-D9AA8AFF4A69	SUBJECT_PROCESS	0C51AAE3-0594-4A51-9405-4FC4214A0041	FILE_OBJECT_FILE	EVENT_READ	1523030872256112166
A8B2EAFA-39B4-11E8-BF66-D9AA8AFF4A69	SUBJECT_PROCESS	0C51AAE3-0594-4A51-9405-4FC4214A0041	FILE_OBJECT_FILE	EVENT_LSEEK	1523030872256112166
A8B2EAFA-39B4-11E8-BF66-D9AA8AFF4A69	SUBJECT_PROCESS	0C51AAE3-0594-4A51-9405-4FC4214A0041	FILE_OBJECT_FILE	EVENT_READ	1523030872256112166
A8B2EAFA-39B4-11E8-BF66-D9AA8AFF4A69	SUBJECT_PROCESS	0C51AAE3-0594-4A51-9405-4FC4214A0041	FILE_OBJECT_FILE	EVENT_READ	1523030872256112166
A8B2EAFA-39B4-11E8-BF66-D9AA8AFF4A69	SUBJECT_PROCESS	0C51AAE3-0594-4A51-9405-4FC4214A0041	FILE_OBJECT_FILE	EVENT_READ	1523030872256112166
A8B2EAFA-39B4-11E8-BF66-D9AA8AFF4A69	SUBJECT_PROCESS	0C51AAE3-0594-4A51-9405-4FC4214A0041	FILE_OBJECT_FILE	EVENT_READ	1523030872256112166
A8B2EAFA-39B4-11E8-BF66-D9AA8AFF4A69	SUBJECT_PROCESS	0C51AAE3-0594-4A51-9405-4FC4214A0041	FILE_OBJECT_FILE	EVENT_READ	1523030872256112166
A8B2EAFA-39B4-11E8-BF66-D9AA8AFF4A69	SUBJECT_PROCESS	0C51AAE3-0594-4A51-9405-4FC4214A0041	FILE_OBJECT_FILE	EVENT_LSEEK	1523030872256112166
A8B2EAFA-39B4-11E8-BF66-D9AA8AFF4A69	SUBJECT_PROCESS	0C51AAE3-0594-4A51-9405-4FC4214A0041	FILE_OBJECT_FILE	EVENT_READ	1523030872266109907
A8B2EAFA-39B4-11E8-BF66-D9AA8AFF4A69	SUBJECT_PROCESS	0C51AAE3-0594-4A51-9405-4FC4214A0041	FILE_OBJECT_FILE	EVENT_READ	1523030872266109907
A8B2EAFA-39B4-11E8-BF66-D9AA8AFF4A69	SUBJECT_PROCESS	0C51AAE3-0594-4A51-9405-4FC4214A0041	FILE_OBJECT_FILE	EVENT_READ	1523030872266109907
A8B2EAFA-39B4-11E8-BF66-D9AA8AFF4A69	SUBJECT_PROCESS	0C51AAE3-0594-4A51-9405-4FC4214A0041	FILE_OBJECT_FILE	EVENT_READ	1523030872266109907
A8B2EAFA-39B4-11E8-BF66-D9AA8AFF4A69	SUBJECT_PROCESS	0C51AAE3-0594-4A51-9405-4FC4214A0041	FILE_OBJECT_FILE	EVENT_LSEEK	1523030872266109907
A8B2EAFA-39B4-11E8-BF66-D9AA8AFF4A69	SUBJECT_PROCESS	0C51AAE3-0594-4A51-9405-4FC4214A0041	FILE_OBJECT_FILE	EVENT_READ	1523030872266109907
A8B2EAFA-39B4-11E8-BF66-D9AA8AFF4A69	SUBJECT_PROCESS	0C51AAE3-0594-4A51-9405-4FC4214A0041	FILE_OBJECT_FILE	EVENT_READ	1523030872266109907
A8B2EAFA-39B4-11E8-BF66-D9AA8AFF4A69	SUBJECT_PROCESS	0C51AAE3-0594-4A51-9405-4FC4214A0041	FILE_OBJECT_FILE	EVENT_LSEEK	1523030872266109907
A8B2EAFA-39B4-11E8-BF66-D9AA8AFF4A69	SUBJECT_PROCESS	0C51AAE3-0594-4A51-9405-4FC4214A0041	FILE_OBJECT_FILE	EVENT_READ	1523030872266109907
A8B2EAFA-39B4-11E8-BF66-D9AA8AFF4A69	SUBJECT_PROCESS	0C51AAE3-0594-4A51-9405-4FC4214A0041	FILE_OBJECT_FILE	EVENT_READ	1523030872266109907
A8B2EAFA-39B4-11E8-BF66-D9AA8AFF4A69	SUBJECT_PROCESS	0C51AAE3-0594-4A51-9405-4FC4214A0041	FILE_OBJECT_FILE	EVENT_LSEEK	1523030872266109907
A8B2EAFA-39B4-11E8-BF66-D9AA8AFF4A69	SUBJECT_PROCESS	0C51AAE3-0594-4A51-9405-4FC4214A0041	FILE_OBJECT_FILE	EVENT_READ	1523030872266109907
A8B2EAFA-39B4-11E8-BF66-D9AA8AFF4A69	SUBJECT_PROCESS	0C51AAE3-0594-4A51-9405-4FC4214A0041	FILE_OBJECT_FILE	EVENT_READ	1523030872266109907
A8B2EAFA-39B4-11E8-BF66-D9AA8AFF4A69	SUBJECT_PROCESS	0C51AAE3-0594-4A51-9405-4FC4214A0041	FILE_OBJECT_FILE	EVENT_LSEEK	1523030872266109907
A8B2EAFA-39B4-11E8-BF66-D9AA8AFF4A69	SUBJECT_PROCESS	0C51AAE3-0594-4A51-9405-4FC4214A0041	FILE_OBJECT_FILE	EVENT_READ	1523030872266109907
A8B2EAFA-39B4-11E8-BF66-D9AA8AFF4A69	SUBJECT_PROCESS	0C51AAE3-0594-4A51-9405-4FC4214A0041	FILE_OBJECT_FILE	EVENT_READ	1523030872266109907
A8B2EAFA-39B4-11E8-BF66-D9AA8AFF4A69	SUBJECT_PROCESS	0C51AAE3-0594-4A51-9405-4FC4214A0041	FILE_OBJECT_FILE	EVENT_LSEEK	1523030872266109907
A8B2EAFA-39B4-11E8-BF66-D9AA8AFF4A69	SUBJECT_PROCESS	0C51AAE3-0594-4A51-9405-4FC4214A0041	FILE_OBJECT_FILE	EVENT_READ	1523030872266109907
A8B2EAFA-39B4-11E8-BF66-D9AA8AFF4A69	SUBJECT_PROCESS	0C51AAE3-0594-4A51-9405-4FC4214A0041	FILE_OBJECT_FILE	EVENT_LSEEK	1523030872266109907
A8B2EAFA-39B4-11E8-BF66-D9AA8AFF4A69	SUBJECT_PROCESS	0C51AAE3-0594-4A51-9405-4FC4214A0041	FILE_OBJECT_FILE	EVENT_READ	1523030872266109907
A8B2EAFA-39B4-11E8-BF66-D9AA8AFF4A69	SUBJECT_PROCESS	0C51AAE3-0594-4A51-9405-4FC4214A0041	FILE_OBJECT_FILE	EVENT_LSEEK	1523030872266109907
A8B2EAFA-39B4-11E8-BF66-D9AA8AFF4A69	SUBJECT_PROCESS	0C51AAE3-0594-4A51-9405-4FC4214A0041	FILE_OBJECT_FILE	EVENT_READ	1523030872276109448
A8B2EAFA-39B4-11E8-BF66-D9AA8AFF4A69	SUBJECT_PROCESS	0C51AAE3-0594-4A51-9405-4FC4214A0041	FILE_OBJECT_FILE	EVENT_LSEEK	1523030872276109448
A8B2EAFA-39B4-11E8-BF66-D9AA8AFF4A69	SUBJECT_PROCESS	0C51AAE3-0594-4A51-9405-4FC4214A0041	FILE_OBJECT_FILE	EVENT_READ	1523030872276109448
A8B2EAFA-39B4-11E8-BF66-D9AA8AFF4A69	SUBJECT_PROCESS	0C51AAE3-0594-4A51-9405-4FC4214A0041	FILE_OBJECT_FILE	EVENT_LSEEK	1523030872276109448
A8B2EAFA-39B4-11E8-BF66-D9AA8AFF4A69	SUBJECT_PROCESS	0C51AAE3-0594-4A51-9405-4FC4214A0041	FILE_OBJECT_FILE	EVENT_READ	1523030872276109448
A8B2EAFA-39B4-11E8-BF66-D9AA8AFF4A69	SUBJECT_PROCESS	0C51AAE3-0594-4A51-9405-4FC4214A0041	FILE_OBJECT_FILE	EVENT_LSEEK	1523030872276109448
A8B2EAFA-39B4-11E8-BF66-D9AA8AFF4A69	SUBJECT_PROCESS	0C51AAE3-0594-4A51-9405-4FC4214A0041	FILE_OBJECT_FILE	EVENT_READ	1523030872276109448
A8B2EAFA-39B4-11E8-BF66-D9AA8AFF4A69	SUBJECT_PROCESS	0C51AAE3-0594-4A51-9405-4FC4214A0041	FILE_OBJECT_FILE	EVENT_LSEEK	1523030872276109448
A8B2EAFA-39B4-11E8-BF66-D9AA8AFF4A69	SUBJECT_PROCESS	0C51AAE3-0594-4A51-9405-4FC4214A0041	FILE_OBJECT_FILE	EVENT_READ	1523030872276109448
A8B2EAFA-39B4-11E8-BF66-D9AA8AFF4A69	SUBJECT_PROCESS	0C51AAE3-0594-4A51-9405-4FC4214A0041	FILE_OBJECT_FILE	EVENT_READ	1523030872276109448
A8B2EAFA-39B4-11E8-BF66-D9AA8AFF4A69	SUBJECT_PROCESS	0C51AAE3-0594-4A51-9405-4FC4214A0041	FILE_OBJECT_FILE	EVENT_READ	1523030872276109448
A8B2EAFA-39B4-11E8-BF66-D9AA8AFF4A69	SUBJECT_PROCESS	0C51AAE3-0594-4A51-9405-4FC4214A0041	FILE_OBJECT_FILE	EVENT_READ	1523030872276109448
A8B2EAFA-39B4-11E8-BF66-D9AA8AFF4A69	SUBJECT_PROCESS	0C51AAE3-0594-4A51-9405-4FC4214A0041	FILE_OBJECT_FILE	EVENT_LSEEK	1523030872276109448
A8B2EAFA-39B4-11E8-BF66-D9AA8AFF4A69	SUBJECT_PROCESS	0C51AAE3-0594-4A51-9405-4FC4214A0041	FILE_OBJECT_FILE	EVENT_READ	1523030872276109448
A8B2EAFA-39B4-11E8-BF66-D9AA8AFF4A69	SUBJECT_PROCESS	0C51AAE3-0594-4A51-9405-4FC4214A0041	FILE_OBJECT_FILE	EVENT_READ	1523030872276109448
A8B2EAFA-39B4-11E8-BF66-D9AA8AFF4A69	SUBJECT_PROCESS	0C51AAE3-0594-4A51-9405-4FC4214A0041	FILE_OBJECT_FILE	EVENT_READ	1523030872276109448
A8B2EAFA-39B4-11E8-BF66-D9AA8AFF4A69	SUBJECT_PROCESS	0C51AAE3-0594-4A51-9405-4FC4214A0041	FILE_OBJECT_FILE	EVENT_READ	1523030872276109448
A8B2EAFA-39B4-11E8-BF66-D9AA8AFF4A69	SUBJECT_PROCESS	0C51AAE3-0594-4A51-9405-4FC4214A0041	FILE_OBJECT_FILE	EVENT_READ	1523030872276109448
A8B2EAFA-39B4-11E8-BF66-D9AA8AFF4A69	SUBJECT_PROCESS	0C51AAE3-0594-4A51-9405-4FC4214A0041	FILE_OBJECT_FILE	EVENT_READ	1523030872276109448
A8B2EAFA-39B4-11E8-BF66-D9AA8AFF4A69	SUBJECT_PROCESS	0C51AAE3-0594-4A51-9405-4FC4214A0041	FILE_OBJECT_FILE	EVENT_LSEEK	1523030872276109448
A8B2EAFA-39B4-11E8-BF66-D9AA8AFF4A69	SUBJECT_PROCESS	0C51AAE3-0594-4A51-9405-4FC4214A0041	FILE_OBJECT_FILE	EVENT_READ	1523030872276109448
A8B2EAFA-39B4-11E8-BF66-D9AA8AFF4A69	SUBJECT_PROCESS	0C51AAE3-0594-4A51-9405-4FC4214A0041	FILE_OBJECT_FILE	EVENT_READ	1523030872286111808
A8B2EAFA-39B4-11E8-BF66-D9AA8AFF4A69	SUBJECT_PROCESS	0C51AAE3-0594-4A51-9405-4FC4214A0041	FILE_OBJECT_FILE	EVENT_LSEEK	1523030872286111808
A8B2EAFA-39B4-11E8-BF66-D9AA8AFF4A69	SUBJECT_PROCESS	0C51AAE3-0594-4A51-9405-4FC4214A0041	FILE_OBJECT_FILE	EVENT_READ	1523030872286111808
A8B2EAFA-39B4-11E8-BF66-D9AA8AFF4A69	SUBJECT_PROCESS	0C51AAE3-0594-4A51-9405-4FC4214A0041	FILE_OBJECT_FILE	EVENT_READ	1523030872286111808
A8B2EAFA-39B4-11E8-BF66-D9AA8AFF4A69	SUBJECT_PROCESS	0C51AAE3-0594-4A51-9405-4FC4214A0041	FILE_OBJECT_FILE	EVENT_LSEEK	1523030872286111808
A8B2EAFA-39B4-11E8-BF66-D9AA8AFF4A69	SUBJECT_PROCESS	0C51AAE3-0594-4A51-9405-4FC4214A0041	FILE_OBJECT_FILE	EVENT_READ	1523030872286111808
A8B2EAFA-39B4-11E8-BF66-D9AA8AFF4A69	SUBJECT_PROCESS	0C51AAE3-0594-4A51-9405-4FC4214A0041	FILE_OBJECT_FILE	EVENT_LSEEK	1523030872286111808
A8B2EAFA-39B4-11E8-BF66-D9AA8AFF4A69	SUBJECT_PROCESS	0C51AAE3-0594-4A51-9405-4FC4214A0041	FILE_OBJECT_FILE	EVENT_READ	1523030872286111808
A8B2EAFA-39B4-11E8-BF66-D9AA8AFF4A69	SUBJECT_PROCESS	0C51AAE3-0594-4A51-9405-4FC4214A0041	FILE_OBJECT_FILE	EVENT_LSEEK	1523030872286111808
A8B2EAFA-39B4-11E8-BF66-D9AA8AFF4A69	SUBJECT_PROCESS	0C51AAE3-0594-4A51-9405-4FC4214A0041	FILE_OBJECT_FILE	EVENT_READ	1523030872286111808
A8B2EAFA-39B4-11E8-BF66-D9AA8AFF4A69	SUBJECT_PROCESS	0C51AAE3-0594-4A51-9405-4FC4214A0041	FILE_OBJECT_FILE	EVENT_LSEEK	1523030872286111808
A8B2EAFA-39B4-11E8-BF66-D9AA8AFF4A69	SUBJECT_PROCESS	0C51AAE3-0594-4A51-9405-4FC4214A0041	FILE_OBJECT_FILE	EVENT_READ	1523030872286111808
A8B2EAFA-39B4-11E8-BF66-D9AA8AFF4A69	SUBJECT_PROCESS	0C51AAE3-0594-4A51-9405-4FC4214A0041	FILE_OBJECT_FILE	EVENT_LSEEK	1523030872286111808
A8B2EAFA-39B4-11E8-BF66-D9AA8AFF4A69	SUBJECT_PROCESS	0C51AAE3-0594-4A51-9405-4FC4214A0041	FILE_OBJECT_FILE	EVENT_READ	1523030872286111808
A8B2EAFA-39B4-11E8-BF66-D9AA8AFF4A69	SUBJECT_PROCESS	0C51AAE3-0594-4A51-9405-4FC4214A0041	FILE_OBJECT_FILE	EVENT_READ	1523030872286111808
A8B2EAFA-39B4-11E8-BF66-D9AA8AFF4A69	SUBJECT_PROCESS	0C51AAE3-0594-4A51-9405-4FC4214A0041	FILE_OBJECT_FILE	EVENT_READ	1523030872286111808
A8B2EAFA-39B4-11E8-BF66-D9AA8AFF4A69	SUBJECT_PROCESS	0C51AAE3-0594-4A51-9405-4FC4214A0041	FILE_OBJECT_FILE	EVENT_LSEEK	1523030872286111808
A8B2EAFA-39B4-11E8-BF66-D9AA8AFF4A69	SUBJECT_PROCESS	0C51AAE3-0594-4A51-9405-4FC4214A0041	FILE_OBJECT_FILE	EVENT_READ	1523030872286111808
A8B2EAFA-39B4-11E8-BF66-D9AA8AFF4A69	SUBJECT_PROCESS	0C51AAE3-0594-4A51-9405-4FC4214A0041	FILE_OBJECT_FILE	EVENT_LSEEK	1523030872286111808
A8B2EAFA-39B4-11E8-BF66-D9AA8AFF4A69	SUBJECT_PROCESS	0C51AAE3-0594-4A51-9405-4FC4214A0041	FILE_OBJECT_FILE	EVENT_READ	1523030872286111808
A8B2EAFA-39B4-11E8-BF66-D9AA8AFF4A69	SUBJECT_PROCESS	0C51AAE3-0594-4A51-9405-4FC4214A0041	FILE_OBJECT_FILE	EVENT_LSEEK	1523030872286111808
A8B2EAFA-39B4-11E8-BF66-D9AA8AFF4A69	SUBJECT_PROCESS	0C51AAE3-0594-4A51-9405-4FC4214A0041	FILE_OBJECT_FILE	EVENT_READ	1523030872286111808
A8B2EAFA-39B4-11E8-BF66-D9AA8AFF4A69	SUBJECT_PROCESS	0C51AAE3-0594-4A51-9405-4FC4214A0041	FILE_OBJECT_FILE	EVENT_LSEEK	1523030872296107789
A8B2EAFA-39B4-11E8-BF66-D9AA8AFF4A69	SUBJECT_PROCESS	0C51AAE3-0594-4A51-9405-4FC4214A0041	FILE_OBJECT_FILE	EVENT_READ	1523030872296107789
A8B2EAFA-39B4-11E8-BF66-D9AA8AFF4A69	SUBJECT_PROCESS	0C51AAE3-0594-4A51-9405-4FC4214A0041	FILE_OBJECT_FILE	EVENT_LSEEK	1523030872296107789
A8B2EAFA-39B4-11E8-BF66-D9AA8AFF4A69	SUBJECT_PROCESS	0C51AAE3-0594-4A51-9405-4FC4214A0041	FILE_OBJECT_FILE	EVENT_READ	1523030872296107789
A8B2EAFA-39B4-11E8-BF66-D9AA8AFF4A69	SUBJECT_PROCESS	0C51AAE3-0594-4A51-9405-4FC4214A0041	FILE_OBJECT_FILE	EVENT_LSEEK	1523030872296107789
A8B2EAFA-39B4-11E8-BF66-D9AA8AFF4A69	SUBJECT_PROCESS	0C51AAE3-0594-4A51-9405-4FC4214A0041	FILE_OBJECT_FILE	EVENT_READ	1523030872296107789
A8B2EAFA-39B4-11E8-BF66-D9AA8AFF4A69	SUBJECT_PROCESS	0C51AAE3-0594-4A51-9405-4FC4214A0041	FILE_OBJECT_FILE	EVENT_LSEEK	1523030872296107789
A8B2EAFA-39B4-11E8-BF66-D9AA8AFF4A69	SUBJECT_PROCESS	0C51AAE3-0594-4A51-9405-4FC4214A0041	FILE_OBJECT_FILE	EVENT_READ	1523030872296107789
A8B2EAFA-39B4-11E8-BF66-D9AA8AFF4A69	SUBJECT_PROCESS	0C51AAE3-0594-4A51-9405-4FC4214A0041	FILE_OBJECT_FILE	EVENT_READ	1523030872296107789
A8B2EAFA-39B4-11E8-BF66-D9AA8AFF4A69	SUBJECT_PROCESS	0C51AAE3-0594-4A51-9405-4FC4214A0041	FILE_OBJECT_FILE	EVENT_LSEEK	1523030872296107789
A8B2EAFA-39B4-11E8-BF66-D9AA8AFF4A69	SUBJECT_PROCESS	0C51AAE3-0594-4A51-9405-4FC4214A0041	FILE_OBJECT_FILE	EVENT_READ	1523030872296107789
A8B2EAFA-39B4-11E8-BF66-D9AA8AFF4A69	SUBJECT_PROCESS	0C51AAE3-0594-4A51-9405-4FC4214A0041	FILE_OBJECT_FILE	EVENT_LSEEK	1523030872296107789
A8B2EAFA-39B4-11E8-BF66-D9AA8AFF4A69	SUBJECT_PROCESS	0C51AAE3-0594-4A51-9405-4FC4214A0041	FILE_OBJECT_FILE	EVENT_READ	1523030872296107789
A8B2EAFA-39B4-11E8-BF66-D9AA8AFF4A69	SUBJECT_PROCESS	0C51AAE3-0594-4A51-9405-4FC4214A0041	FILE_OBJECT_FILE	EVENT_LSEEK	1523030872296107789
A8B2EAFA-39B4-11E8-BF66-D9AA8AFF4A69	SUBJECT_PROCESS	0C51AAE3-0594-4A51-9405-4FC4214A0041	FILE_OBJECT_FILE	EVENT_READ	1523030872296107789
A8B2EAFA-39B4-11E8-BF66-D9AA8AFF4A69	SUBJECT_PROCESS	0C51AAE3-0594-4A51-9405-4FC4214A0041	FILE_OBJECT_FILE	EVENT_LSEEK	1523030872296107789
A8B2EAFA-39B4-11E8-BF66-D9AA8AFF4A69	SUBJECT_PROCESS	0C51AAE3-0594-4A51-9405-4FC4214A0041	FILE_OBJECT_FILE	EVENT_READ	1523030872296107789
A8B2EAFA-39B4-11E8-BF66-D9AA8AFF4A69	SUBJECT_PROCESS	0C51AAE3-0594-4A51-9405-4FC4214A0041	FILE_OBJECT_FILE	EVENT_LSEEK	1523030872296107789
A8B2EAFA-39B4-11E8-BF66-D9AA8AFF4A69	SUBJECT_PROCESS	0C51AAE3-0594-4A51-9405-4FC4214A0041	FILE_OBJECT_FILE	EVENT_READ	1523030872296107789
A8B2EAFA-39B4-11E8-BF66-D9AA8AFF4A69	SUBJECT_PROCESS	0C51AAE3-0594-4A51-9405-4FC4214A0041	FILE_OBJECT_FILE	EVENT_READ	1523030872296107789
A8B2EAFA-39B4-11E8-BF66-D9AA8AFF4A69	SUBJECT_PROCESS	0C51AAE3-0594-4A51-9405-4FC4214A0041	FILE_OBJECT_FILE	EVENT_LSEEK	1523030872296107789
A8B2EAFA-39B4-11E8-BF66-D9AA8AFF4A69	SUBJECT_PROCESS	0C51AAE3-0594-4A51-9405-4FC4214A0041	FILE_OBJECT_FILE	EVENT_READ	1523030872296107789
A8B2EAFA-39B4-11E8-BF66-D9AA8AFF4A69	SUBJECT_PROCESS	0C51AAE3-0594-4A51-9405-4FC4214A0041	FILE_OBJECT_FILE	EVENT_LSEEK	1523030872306108280
A8B2EAFA-39B4-11E8-BF66-D9AA8AFF4A69	SUBJECT_PROCESS	0C51AAE3-0594-4A51-9405-4FC4214A0041	FILE_OBJECT_FILE	EVENT_READ	1523030872306108280
A8B2EAFA-39B4-11E8-BF66-D9AA8AFF4A69	SUBJECT_PROCESS	0C51AAE3-0594-4A51-9405-4FC4214A0041	FILE_OBJECT_FILE	EVENT_LSEEK	1523030872306108280
A8B2EAFA-39B4-11E8-BF66-D9AA8AFF4A69	SUBJECT_PROCESS	0C51AAE3-0594-4A51-9405-4FC4214A0041	FILE_OBJECT_FILE	EVENT_READ	1523030872306108280
A8B2EAFA-39B4-11E8-BF66-D9AA8AFF4A69	SUBJECT_PROCESS	0C51AAE3-0594-4A51-9405-4FC4214A0041	FILE_OBJECT_FILE	EVENT_READ	1523030872306108280
A8B2EAFA-39B4-11E8-BF66-D9AA8AFF4A69	SUBJECT_PROCESS	0C51AAE3-0594-4A51-9405-4FC4214A0041	FILE_OBJECT_FILE	EVENT_READ	1523030872306108280
A8B2EAFA-39B4-11E8-BF66-D9AA8AFF4A69	SUBJECT_PROCESS	0C51AAE3-0594-4A51-9405-4FC4214A0041	FILE_OBJECT_FILE	EVENT_LSEEK	1523030872306108280
A8B2EAFA-39B4-11E8-BF66-D9AA8AFF4A69	SUBJECT_PROCESS	0C51AAE3-0594-4A51-9405-4FC4214A0041	FILE_OBJECT_FILE	EVENT_READ	1523030872306108280
A8B2EAFA-39B4-11E8-BF66-D9AA8AFF4A69	SUBJECT_PROCESS	0C51AAE3-0594-4A51-9405-4FC4214A0041	FILE_OBJECT_FILE	EVENT_READ	1523030872306108280
A8B2EAFA-39B4-11E8-BF66-D9AA8AFF4A69	SUBJECT_PROCESS	0C51AAE3-0594-4A51-9405-4FC4214A0041	FILE_OBJECT_FILE	EVENT_LSEEK	1523030872306108280
A8B2EAFA-39B4-11E8-BF66-D9AA8AFF4A69	SUBJECT_PROCESS	0C51AAE3-0594-4A51-9405-4FC4214A0041	FILE_OBJECT_FILE	EVENT_READ	1523030872306108280
A8B2EAFA-39B4-11E8-BF66-D9AA8AFF4A69	SUBJECT_PROCESS	0C51AAE3-0594-4A51-9405-4FC4214A0041	FILE_OBJECT_FILE	EVENT_LSEEK	1523030872306108280
A8B2EAFA-39B4-11E8-BF66-D9AA8AFF4A69	SUBJECT_PROCESS	0C51AAE3-0594-4A51-9405-4FC4214A0041	FILE_OBJECT_FILE	EVENT_READ	1523030872306108280
A8B2EAFA-39B4-11E8-BF66-D9AA8AFF4A69	SUBJECT_PROCESS	0C51AAE3-0594-4A51-9405-4FC4214A0041	FILE_OBJECT_FILE	EVENT_LSEEK	1523030872306108280
A8B2EAFA-39B4-11E8-BF66-D9AA8AFF4A69	SUBJECT_PROCESS	0C51AAE3-0594-4A51-9405-4FC4214A0041	FILE_OBJECT_FILE	EVENT_READ	1523030872306108280
A8B2EAFA-39B4-11E8-BF66-D9AA8AFF4A69	SUBJECT_PROCESS	0C51AAE3-0594-4A51-9405-4FC4214A0041	FILE_OBJECT_FILE	EVENT_LSEEK	1523030872306108280
A8B2EAFA-39B4-11E8-BF66-D9AA8AFF4A69	SUBJECT_PROCESS	0C51AAE3-0594-4A51-9405-4FC4214A0041	FILE_OBJECT_FILE	EVENT_READ	1523030872306108280
A8B2EAFA-39B4-11E8-BF66-D9AA8AFF4A69	SUBJECT_PROCESS	0C51AAE3-0594-4A51-9405-4FC4214A0041	FILE_OBJECT_FILE	EVENT_LSEEK	1523030872306108280
A8B2EAFA-39B4-11E8-BF66-D9AA8AFF4A69	SUBJECT_PROCESS	0C51AAE3-0594-4A51-9405-4FC4214A0041	FILE_OBJECT_FILE	EVENT_READ	1523030872306108280
A8B2EAFA-39B4-11E8-BF66-D9AA8AFF4A69	SUBJECT_PROCESS	0C51AAE3-0594-4A51-9405-4FC4214A0041	FILE_OBJECT_FILE	EVENT_LSEEK	1523030872306108280
A8B2EAFA-39B4-11E8-BF66-D9AA8AFF4A69	SUBJECT_PROCESS	0C51AAE3-0594-4A51-9405-4FC4214A0041	FILE_OBJECT_FILE	EVENT_READ	1523030872306108280
A8B2EAFA-39B4-11E8-BF66-D9AA8AFF4A69	SUBJECT_PROCESS	0C51AAE3-0594-4A51-9405-4FC4214A0041	FILE_OBJECT_FILE	EVENT_READ	1523030872316111241
A8B2EAFA-39B4-11E8-BF66-D9AA8AFF4A69	SUBJECT_PROCESS	0C51AAE3-0594-4A51-9405-4FC4214A0041	FILE_OBJECT_FILE	EVENT_READ	1523030872316111241
A8B2EAFA-39B4-11E8-BF66-D9AA8AFF4A69	SUBJECT_PROCESS	0C51AAE3-0594-4A51-9405-4FC4214A0041	FILE_OBJECT_FILE	EVENT_READ	1523030872316111241
A8B2EAFA-39B4-11E8-BF66-D9AA8AFF4A69	SUBJECT_PROCESS	0C51AAE3-0594-4A51-9405-4FC4214A0041	FILE_OBJECT_FILE	EVENT_READ	1523030872316111241
A8B2EAFA-39B4-11E8-BF66-D9AA8AFF4A69	SUBJECT_PROCESS	0C51AAE3-0594-4A51-9405-4FC4214A0041	FILE_OBJECT_FILE	EVENT_LSEEK	1523030872316111241
A8B2EAFA-39B4-11E8-BF66-D9AA8AFF4A69	SUBJECT_PROCESS	0C51AAE3-0594-4A51-9405-4FC4214A0041	FILE_OBJECT_FILE	EVENT_READ	1523030872316111241
A8B2EAFA-39B4-11E8-BF66-D9AA8AFF4A69	SUBJECT_PROCESS	0C51AAE3-0594-4A51-9405-4FC4214A0041	FILE_OBJECT_FILE	EVENT_LSEEK	1523030872316111241
A8B2EAFA-39B4-11E8-BF66-D9AA8AFF4A69	SUBJECT_PROCESS	0C51AAE3-0594-4A51-9405-4FC4214A0041	FILE_OBJECT_FILE	EVENT_READ	1523030872316111241
A8B2EAFA-39B4-11E8-BF66-D9AA8AFF4A69	SUBJECT_PROCESS	0C51AAE3-0594-4A51-9405-4FC4214A0041	FILE_OBJECT_FILE	EVENT_LSEEK	1523030872316111241
A8B2EAFA-39B4-11E8-BF66-D9AA8AFF4A69	SUBJECT_PROCESS	0C51AAE3-0594-4A51-9405-4FC4214A0041	FILE_OBJECT_FILE	EVENT_READ	1523030872316111241
A8B2EAFA-39B4-11E8-BF66-D9AA8AFF4A69	SUBJECT_PROCESS	0C51AAE3-0594-4A51-9405-4FC4214A0041	FILE_OBJECT_FILE	EVENT_LSEEK	1523030872316111241
A8B2EAFA-39B4-11E8-BF66-D9AA8AFF4A69	SUBJECT_PROCESS	0C51AAE3-0594-4A51-9405-4FC4214A0041	FILE_OBJECT_FILE	EVENT_READ	1523030872316111241
A8B2EAFA-39B4-11E8-BF66-D9AA8AFF4A69	SUBJECT_PROCESS	0C51AAE3-0594-4A51-9405-4FC4214A0041	FILE_OBJECT_FILE	EVENT_LSEEK	1523030872316111241
A8B2EAFA-39B4-11E8-BF66-D9AA8AFF4A69	SUBJECT_PROCESS	0C51AAE3-0594-4A51-9405-4FC4214A0041	FILE_OBJECT_FILE	EVENT_READ	1523030872316111241
A8B2EAFA-39B4-11E8-BF66-D9AA8AFF4A69	SUBJECT_PROCESS	0C51AAE3-0594-4A51-9405-4FC4214A0041	FILE_OBJECT_FILE	EVENT_LSEEK	1523030872316111241
A8B2EAFA-39B4-11E8-BF66-D9AA8AFF4A69	SUBJECT_PROCESS	0C51AAE3-0594-4A51-9405-4FC4214A0041	FILE_OBJECT_FILE	EVENT_READ	1523030872316111241
A8B2EAFA-39B4-11E8-BF66-D9AA8AFF4A69	SUBJECT_PROCESS	0C51AAE3-0594-4A51-9405-4FC4214A0041	FILE_OBJECT_FILE	EVENT_LSEEK	1523030872316111241
A8B2EAFA-39B4-11E8-BF66-D9AA8AFF4A69	SUBJECT_PROCESS	0C51AAE3-0594-4A51-9405-4FC4214A0041	FILE_OBJECT_FILE	EVENT_READ	1523030872316111241
A8B2EAFA-39B4-11E8-BF66-D9AA8AFF4A69	SUBJECT_PROCESS	0C51AAE3-0594-4A51-9405-4FC4214A0041	FILE_OBJECT_FILE	EVENT_LSEEK	1523030872316111241
A8B2EAFA-39B4-11E8-BF66-D9AA8AFF4A69	SUBJECT_PROCESS	0C51AAE3-0594-4A51-9405-4FC4214A0041	FILE_OBJECT_FILE	EVENT_READ	1523030872316111241
A8B2EAFA-39B4-11E8-BF66-D9AA8AFF4A69	SUBJECT_PROCESS	0C51AAE3-0594-4A51-9405-4FC4214A0041	FILE_OBJECT_FILE	EVENT_LSEEK	1523030872316111241
A8B2EAFA-39B4-11E8-BF66-D9AA8AFF4A69	SUBJECT_PROCESS	0C51AAE3-0594-4A51-9405-4FC4214A0041	FILE_OBJECT_FILE	EVENT_READ	1523030872316111241
A8B2EAFA-39B4-11E8-BF66-D9AA8AFF4A69	SUBJECT_PROCESS	0C51AAE3-0594-4A51-9405-4FC4214A0041	FILE_OBJECT_FILE	EVENT_LSEEK	1523030872326108342
A8B2EAFA-39B4-11E8-BF66-D9AA8AFF4A69	SUBJECT_PROCESS	0C51AAE3-0594-4A51-9405-4FC4214A0041	FILE_OBJECT_FILE	EVENT_READ	1523030872326108342
A8B2EAFA-39B4-11E8-BF66-D9AA8AFF4A69	SUBJECT_PROCESS	0C51AAE3-0594-4A51-9405-4FC4214A0041	FILE_OBJECT_FILE	EVENT_READ	1523030872326108342
A8B2EAFA-39B4-11E8-BF66-D9AA8AFF4A69	SUBJECT_PROCESS	0C51AAE3-0594-4A51-9405-4FC4214A0041	FILE_OBJECT_FILE	EVENT_READ	1523030872326108342
A8B2EAFA-39B4-11E8-BF66-D9AA8AFF4A69	SUBJECT_PROCESS	0C51AAE3-0594-4A51-9405-4FC4214A0041	FILE_OBJECT_FILE	EVENT_READ	1523030872326108342
A8B2EAFA-39B4-11E8-BF66-D9AA8AFF4A69	SUBJECT_PROCESS	0C51AAE3-0594-4A51-9405-4FC4214A0041	FILE_OBJECT_FILE	EVENT_LSEEK	1523030872326108342
A8B2EAFA-39B4-11E8-BF66-D9AA8AFF4A69	SUBJECT_PROCESS	0C51AAE3-0594-4A51-9405-4FC4214A0041	FILE_OBJECT_FILE	EVENT_READ	1523030872326108342
A8B2EAFA-39B4-11E8-BF66-D9AA8AFF4A69	SUBJECT_PROCESS	0C51AAE3-0594-4A51-9405-4FC4214A0041	FILE_OBJECT_FILE	EVENT_LSEEK	1523030872326108342
A8B2EAFA-39B4-11E8-BF66-D9AA8AFF4A69	SUBJECT_PROCESS	0C51AAE3-0594-4A51-9405-4FC4214A0041	FILE_OBJECT_FILE	EVENT_READ	1523030872326108342
A8B2EAFA-39B4-11E8-BF66-D9AA8AFF4A69	SUBJECT_PROCESS	0C51AAE3-0594-4A51-9405-4FC4214A0041	FILE_OBJECT_FILE	EVENT_LSEEK	1523030872326108342
A8B2EAFA-39B4-11E8-BF66-D9AA8AFF4A69	SUBJECT_PROCESS	0C51AAE3-0594-4A51-9405-4FC4214A0041	FILE_OBJECT_FILE	EVENT_READ	1523030872326108342
A8B2EAFA-39B4-11E8-BF66-D9AA8AFF4A69	SUBJECT_PROCESS	0C51AAE3-0594-4A51-9405-4FC4214A0041	FILE_OBJECT_FILE	EVENT_READ	1523030872326108342
A8B2EAFA-39B4-11E8-BF66-D9AA8AFF4A69	SUBJECT_PROCESS	0C51AAE3-0594-4A51-9405-4FC4214A0041	FILE_OBJECT_FILE	EVENT_LSEEK	1523030872326108342
A8B2EAFA-39B4-11E8-BF66-D9AA8AFF4A69	SUBJECT_PROCESS	0C51AAE3-0594-4A51-9405-4FC4214A0041	FILE_OBJECT_FILE	EVENT_READ	1523030872326108342
A8B2EAFA-39B4-11E8-BF66-D9AA8AFF4A69	SUBJECT_PROCESS	0C51AAE3-0594-4A51-9405-4FC4214A0041	FILE_OBJECT_FILE	EVENT_READ	1523030872326108342
A8B2EAFA-39B4-11E8-BF66-D9AA8AFF4A69	SUBJECT_PROCESS	0C51AAE3-0594-4A51-9405-4FC4214A0041	FILE_OBJECT_FILE	EVENT_READ	1523030872326108342
A8B2EAFA-39B4-11E8-BF66-D9AA8AFF4A69	SUBJECT_PROCESS	0C51AAE3-0594-4A51-9405-4FC4214A0041	FILE_OBJECT_FILE	EVENT_READ	1523030872326108342
A8B2EAFA-39B4-11E8-BF66-D9AA8AFF4A69	SUBJECT_PROCESS	0C51AAE3-0594-4A51-9405-4FC4214A0041	FILE_OBJECT_FILE	EVENT_READ	1523030872326108342
A8B2EAFA-39B4-11E8-BF66-D9AA8AFF4A69	SUBJECT_PROCESS	0C51AAE3-0594-4A51-9405-4FC4214A0041	FILE_OBJECT_FILE	EVENT_READ	1523030872326108342
A8B2EAFA-39B4-11E8-BF66-D9AA8AFF4A69	SUBJECT_PROCESS	0C51AAE3-0594-4A51-9405-4FC4214A0041	FILE_OBJECT_FILE	EVENT_LSEEK	1523030872326108342
A8B2EAFA-39B4-11E8-BF66-D9AA8AFF4A69	SUBJECT_PROCESS	0C51AAE3-0594-4A51-9405-4FC4214A0041	FILE_OBJECT_FILE	EVENT_READ	1523030872326108342
A8B2EAFA-39B4-11E8-BF66-D9AA8AFF4A69	SUBJECT_PROCESS	0C51AAE3-0594-4A51-9405-4FC4214A0041	FILE_OBJECT_FILE	EVENT_LSEEK	1523030872326108342
A8B2EAFA-39B4-11E8-BF66-D9AA8AFF4A69	SUBJECT_PROCESS	0C51AAE3-0594-4A51-9405-4FC4214A0041	FILE_OBJECT_FILE	EVENT_READ	1523030872336110592
A8B2EAFA-39B4-11E8-BF66-D9AA8AFF4A69	SUBJECT_PROCESS	0C51AAE3-0594-4A51-9405-4FC4214A0041	FILE_OBJECT_FILE	EVENT_READ	1523030872336110592
A8B2EAFA-39B4-11E8-BF66-D9AA8AFF4A69	SUBJECT_PROCESS	0C51AAE3-0594-4A51-9405-4FC4214A0041	FILE_OBJECT_FILE	EVENT_LSEEK	1523030872336110592
A8B2EAFA-39B4-11E8-BF66-D9AA8AFF4A69	SUBJECT_PROCESS	0C51AAE3-0594-4A51-9405-4FC4214A0041	FILE_OBJECT_FILE	EVENT_READ	1523030872336110592
A8B2EAFA-39B4-11E8-BF66-D9AA8AFF4A69	SUBJECT_PROCESS	0C51AAE3-0594-4A51-9405-4FC4214A0041	FILE_OBJECT_FILE	EVENT_READ	1523030872336110592
A8B2EAFA-39B4-11E8-BF66-D9AA8AFF4A69	SUBJECT_PROCESS	0C51AAE3-0594-4A51-9405-4FC4214A0041	FILE_OBJECT_FILE	EVENT_LSEEK	1523030872336110592
A8B2EAFA-39B4-11E8-BF66-D9AA8AFF4A69	SUBJECT_PROCESS	0C51AAE3-0594-4A51-9405-4FC4214A0041	FILE_OBJECT_FILE	EVENT_READ	1523030872336110592
A8B2EAFA-39B4-11E8-BF66-D9AA8AFF4A69	SUBJECT_PROCESS	0C51AAE3-0594-4A51-9405-4FC4214A0041	FILE_OBJECT_FILE	EVENT_LSEEK	1523030872336110592
A8B2EAFA-39B4-11E8-BF66-D9AA8AFF4A69	SUBJECT_PROCESS	0C51AAE3-0594-4A51-9405-4FC4214A0041	FILE_OBJECT_FILE	EVENT_READ	1523030872336110592
A8B2EAFA-39B4-11E8-BF66-D9AA8AFF4A69	SUBJECT_PROCESS	0C51AAE3-0594-4A51-9405-4FC4214A0041	FILE_OBJECT_FILE	EVENT_READ	1523030872336110592
A8B2EAFA-39B4-11E8-BF66-D9AA8AFF4A69	SUBJECT_PROCESS	0C51AAE3-0594-4A51-9405-4FC4214A0041	FILE_OBJECT_FILE	EVENT_READ	1523030872336110592
A8B2EAFA-39B4-11E8-BF66-D9AA8AFF4A69	SUBJECT_PROCESS	0C51AAE3-0594-4A51-9405-4FC4214A0041	FILE_OBJECT_FILE	EVENT_READ	1523030872336110592
A8B2EAFA-39B4-11E8-BF66-D9AA8AFF4A69	SUBJECT_PROCESS	0C51AAE3-0594-4A51-9405-4FC4214A0041	FILE_OBJECT_FILE	EVENT_READ	1523030872336110592
A8B2EAFA-39B4-11E8-BF66-D9AA8AFF4A69	SUBJECT_PROCESS	0C51AAE3-0594-4A51-9405-4FC4214A0041	FILE_OBJECT_FILE	EVENT_LSEEK	1523030872336110592
A8B2EAFA-39B4-11E8-BF66-D9AA8AFF4A69	SUBJECT_PROCESS	0C51AAE3-0594-4A51-9405-4FC4214A0041	FILE_OBJECT_FILE	EVENT_READ	1523030872336110592
A8B2EAFA-39B4-11E8-BF66-D9AA8AFF4A69	SUBJECT_PROCESS	0C51AAE3-0594-4A51-9405-4FC4214A0041	FILE_OBJECT_FILE	EVENT_LSEEK	1523030872336110592
A8B2EAFA-39B4-11E8-BF66-D9AA8AFF4A69	SUBJECT_PROCESS	0C51AAE3-0594-4A51-9405-4FC4214A0041	FILE_OBJECT_FILE	EVENT_READ	1523030872336110592
A8B2EAFA-39B4-11E8-BF66-D9AA8AFF4A69	SUBJECT_PROCESS	0C51AAE3-0594-4A51-9405-4FC4214A0041	FILE_OBJECT_FILE	EVENT_LSEEK	1523030872336110592
A8B2EAFA-39B4-11E8-BF66-D9AA8AFF4A69	SUBJECT_PROCESS	0C51AAE3-0594-4A51-9405-4FC4214A0041	FILE_OBJECT_FILE	EVENT_READ	1523030872336110592
A8B2EAFA-39B4-11E8-BF66-D9AA8AFF4A69	SUBJECT_PROCESS	0C51AAE3-0594-4A51-9405-4FC4214A0041	FILE_OBJECT_FILE	EVENT_LSEEK	1523030872336110592
A8B2EAFA-39B4-11E8-BF66-D9AA8AFF4A69	SUBJECT_PROCESS	0C51AAE3-0594-4A51-9405-4FC4214A0041	FILE_OBJECT_FILE	EVENT_READ	1523030872336110592
A8B2EAFA-39B4-11E8-BF66-D9AA8AFF4A69	SUBJECT_PROCESS	0C51AAE3-0594-4A51-9405-4FC4214A0041	FILE_OBJECT_FILE	EVENT_LSEEK	1523030872346118373
A8B2EAFA-39B4-11E8-BF66-D9AA8AFF4A69	SUBJECT_PROCESS	0C51AAE3-0594-4A51-9405-4FC4214A0041	FILE_OBJECT_FILE	EVENT_READ	1523030872346118373
A8B2EAFA-39B4-11E8-BF66-D9AA8AFF4A69	SUBJECT_PROCESS	0C51AAE3-0594-4A51-9405-4FC4214A0041	FILE_OBJECT_FILE	EVENT_LSEEK	1523030872346118373
A8B2EAFA-39B4-11E8-BF66-D9AA8AFF4A69	SUBJECT_PROCESS	0C51AAE3-0594-4A51-9405-4FC4214A0041	FILE_OBJECT_FILE	EVENT_READ	1523030872346118373
A8B2EAFA-39B4-11E8-BF66-D9AA8AFF4A69	SUBJECT_PROCESS	0C51AAE3-0594-4A51-9405-4FC4214A0041	FILE_OBJECT_FILE	EVENT_READ	1523030872346118373
A8B2EAFA-39B4-11E8-BF66-D9AA8AFF4A69	SUBJECT_PROCESS	0C51AAE3-0594-4A51-9405-4FC4214A0041	FILE_OBJECT_FILE	EVENT_READ	1523030872346118373
A8B2EAFA-39B4-11E8-BF66-D9AA8AFF4A69	SUBJECT_PROCESS	0C51AAE3-0594-4A51-9405-4FC4214A0041	FILE_OBJECT_FILE	EVENT_LSEEK	1523030872346118373
A8B2EAFA-39B4-11E8-BF66-D9AA8AFF4A69	SUBJECT_PROCESS	0C51AAE3-0594-4A51-9405-4FC4214A0041	FILE_OBJECT_FILE	EVENT_READ	1523030872346118373
A8B2EAFA-39B4-11E8-BF66-D9AA8AFF4A69	SUBJECT_PROCESS	0C51AAE3-0594-4A51-9405-4FC4214A0041	FILE_OBJECT_FILE	EVENT_LSEEK	1523030872346118373
A8B2EAFA-39B4-11E8-BF66-D9AA8AFF4A69	SUBJECT_PROCESS	0C51AAE3-0594-4A51-9405-4FC4214A0041	FILE_OBJECT_FILE	EVENT_READ	1523030872346118373
A8B2EAFA-39B4-11E8-BF66-D9AA8AFF4A69	SUBJECT_PROCESS	0C51AAE3-0594-4A51-9405-4FC4214A0041	FILE_OBJECT_FILE	EVENT_LSEEK	1523030872346118373
A8B2EAFA-39B4-11E8-BF66-D9AA8AFF4A69	SUBJECT_PROCESS	0C51AAE3-0594-4A51-9405-4FC4214A0041	FILE_OBJECT_FILE	EVENT_READ	1523030872346118373
A8B2EAFA-39B4-11E8-BF66-D9AA8AFF4A69	SUBJECT_PROCESS	0C51AAE3-0594-4A51-9405-4FC4214A0041	FILE_OBJECT_FILE	EVENT_LSEEK	1523030872346118373
A8B2EAFA-39B4-11E8-BF66-D9AA8AFF4A69	SUBJECT_PROCESS	0C51AAE3-0594-4A51-9405-4FC4214A0041	FILE_OBJECT_FILE	EVENT_READ	1523030872346118373
A8B2EAFA-39B4-11E8-BF66-D9AA8AFF4A69	SUBJECT_PROCESS	0C51AAE3-0594-4A51-9405-4FC4214A0041	FILE_OBJECT_FILE	EVENT_LSEEK	1523030872346118373
A8B2EAFA-39B4-11E8-BF66-D9AA8AFF4A69	SUBJECT_PROCESS	0C51AAE3-0594-4A51-9405-4FC4214A0041	FILE_OBJECT_FILE	EVENT_READ	1523030872346118373
A8B2EAFA-39B4-11E8-BF66-D9AA8AFF4A69	SUBJECT_PROCESS	0C51AAE3-0594-4A51-9405-4FC4214A0041	FILE_OBJECT_FILE	EVENT_LSEEK	1523030872346118373
A8B2EAFA-39B4-11E8-BF66-D9AA8AFF4A69	SUBJECT_PROCESS	0C51AAE3-0594-4A51-9405-4FC4214A0041	FILE_OBJECT_FILE	EVENT_READ	1523030872346118373
A8B2EAFA-39B4-11E8-BF66-D9AA8AFF4A69	SUBJECT_PROCESS	0C51AAE3-0594-4A51-9405-4FC4214A0041	FILE_OBJECT_FILE	EVENT_LSEEK	1523030872346118373
A8B2EAFA-39B4-11E8-BF66-D9AA8AFF4A69	SUBJECT_PROCESS	0C51AAE3-0594-4A51-9405-4FC4214A0041	FILE_OBJECT_FILE	EVENT_READ	1523030872346118373
A8B2EAFA-39B4-11E8-BF66-D9AA8AFF4A69	SUBJECT_PROCESS	0C51AAE3-0594-4A51-9405-4FC4214A0041	FILE_OBJECT_FILE	EVENT_LSEEK	1523030872356122914
A8B2EAFA-39B4-11E8-BF66-D9AA8AFF4A69	SUBJECT_PROCESS	0C51AAE3-0594-4A51-9405-4FC4214A0041	FILE_OBJECT_FILE	EVENT_READ	1523030872356122914
A8B2EAFA-39B4-11E8-BF66-D9AA8AFF4A69	SUBJECT_PROCESS	0C51AAE3-0594-4A51-9405-4FC4214A0041	FILE_OBJECT_FILE	EVENT_READ	1523030872356122914
A8B2EAFA-39B4-11E8-BF66-D9AA8AFF4A69	SUBJECT_PROCESS	0C51AAE3-0594-4A51-9405-4FC4214A0041	FILE_OBJECT_FILE	EVENT_READ	1523030872356122914
A8B2EAFA-39B4-11E8-BF66-D9AA8AFF4A69	SUBJECT_PROCESS	0C51AAE3-0594-4A51-9405-4FC4214A0041	FILE_OBJECT_FILE	EVENT_LSEEK	1523030872356122914
A8B2EAFA-39B4-11E8-BF66-D9AA8AFF4A69	SUBJECT_PROCESS	0C51AAE3-0594-4A51-9405-4FC4214A0041	FILE_OBJECT_FILE	EVENT_READ	1523030872356122914
A8B2EAFA-39B4-11E8-BF66-D9AA8AFF4A69	SUBJECT_PROCESS	0C51AAE3-0594-4A51-9405-4FC4214A0041	FILE_OBJECT_FILE	EVENT_READ	1523030872356122914
A8B2EAFA-39B4-11E8-BF66-D9AA8AFF4A69	SUBJECT_PROCESS	0C51AAE3-0594-4A51-9405-4FC4214A0041	FILE_OBJECT_FILE	EVENT_READ	1523030872356122914
A8B2EAFA-39B4-11E8-BF66-D9AA8AFF4A69	SUBJECT_PROCESS	0C51AAE3-0594-4A51-9405-4FC4214A0041	FILE_OBJECT_FILE	EVENT_LSEEK	1523030872356122914
A8B2EAFA-39B4-11E8-BF66-D9AA8AFF4A69	SUBJECT_PROCESS	0C51AAE3-0594-4A51-9405-4FC4214A0041	FILE_OBJECT_FILE	EVENT_READ	1523030872356122914
A8B2EAFA-39B4-11E8-BF66-D9AA8AFF4A69	SUBJECT_PROCESS	0C51AAE3-0594-4A51-9405-4FC4214A0041	FILE_OBJECT_FILE	EVENT_READ	1523030872356122914
A8B2EAFA-39B4-11E8-BF66-D9AA8AFF4A69	SUBJECT_PROCESS	0C51AAE3-0594-4A51-9405-4FC4214A0041	FILE_OBJECT_FILE	EVENT_READ	1523030872356122914
A8B2EAFA-39B4-11E8-BF66-D9AA8AFF4A69	SUBJECT_PROCESS	0C51AAE3-0594-4A51-9405-4FC4214A0041	FILE_OBJECT_FILE	EVENT_LSEEK	1523030872356122914
A8B2EAFA-39B4-11E8-BF66-D9AA8AFF4A69	SUBJECT_PROCESS	0C51AAE3-0594-4A51-9405-4FC4214A0041	FILE_OBJECT_FILE	EVENT_READ	1523030872356122914
A8B2EAFA-39B4-11E8-BF66-D9AA8AFF4A69	SUBJECT_PROCESS	0C51AAE3-0594-4A51-9405-4FC4214A0041	FILE_OBJECT_FILE	EVENT_LSEEK	1523030872356122914
A8B2EAFA-39B4-11E8-BF66-D9AA8AFF4A69	SUBJECT_PROCESS	0C51AAE3-0594-4A51-9405-4FC4214A0041	FILE_OBJECT_FILE	EVENT_READ	1523030872356122914
A8B2EAFA-39B4-11E8-BF66-D9AA8AFF4A69	SUBJECT_PROCESS	0C51AAE3-0594-4A51-9405-4FC4214A0041	FILE_OBJECT_FILE	EVENT_LSEEK	1523030872356122914
A8B2EAFA-39B4-11E8-BF66-D9AA8AFF4A69	SUBJECT_PROCESS	0C51AAE3-0594-4A51-9405-4FC4214A0041	FILE_OBJECT_FILE	EVENT_READ	1523030872356122914
A8B2EAFA-39B4-11E8-BF66-D9AA8AFF4A69	SUBJECT_PROCESS	0C51AAE3-0594-4A51-9405-4FC4214A0041	FILE_OBJECT_FILE	EVENT_READ	1523030872356122914
A8B2EAFA-39B4-11E8-BF66-D9AA8AFF4A69	SUBJECT_PROCESS	0C51AAE3-0594-4A51-9405-4FC4214A0041	FILE_OBJECT_FILE	EVENT_LSEEK	1523030872356122914
A8B2EAFA-39B4-11E8-BF66-D9AA8AFF4A69	SUBJECT_PROCESS	0C51AAE3-0594-4A51-9405-4FC4214A0041	FILE_OBJECT_FILE	EVENT_READ	1523030872356122914
A8B2EAFA-39B4-11E8-BF66-D9AA8AFF4A69	SUBJECT_PROCESS	0C51AAE3-0594-4A51-9405-4FC4214A0041	FILE_OBJECT_FILE	EVENT_READ	1523030872366115945
A8B2EAFA-39B4-11E8-BF66-D9AA8AFF4A69	SUBJECT_PROCESS	0C51AAE3-0594-4A51-9405-4FC4214A0041	FILE_OBJECT_FILE	EVENT_LSEEK	1523030872366115945
A8B2EAFA-39B4-11E8-BF66-D9AA8AFF4A69	SUBJECT_PROCESS	0C51AAE3-0594-4A51-9405-4FC4214A0041	FILE_OBJECT_FILE	EVENT_READ	1523030872366115945
A8B2EAFA-39B4-11E8-BF66-D9AA8AFF4A69	SUBJECT_PROCESS	0C51AAE3-0594-4A51-9405-4FC4214A0041	FILE_OBJECT_FILE	EVENT_LSEEK	1523030872366115945
A8B2EAFA-39B4-11E8-BF66-D9AA8AFF4A69	SUBJECT_PROCESS	0C51AAE3-0594-4A51-9405-4FC4214A0041	FILE_OBJECT_FILE	EVENT_READ	1523030872366115945
A8B2EAFA-39B4-11E8-BF66-D9AA8AFF4A69	SUBJECT_PROCESS	0C51AAE3-0594-4A51-9405-4FC4214A0041	FILE_OBJECT_FILE	EVENT_LSEEK	1523030872366115945
A8B2EAFA-39B4-11E8-BF66-D9AA8AFF4A69	SUBJECT_PROCESS	0C51AAE3-0594-4A51-9405-4FC4214A0041	FILE_OBJECT_FILE	EVENT_READ	1523030872366115945
A8B2EAFA-39B4-11E8-BF66-D9AA8AFF4A69	SUBJECT_PROCESS	0C51AAE3-0594-4A51-9405-4FC4214A0041	FILE_OBJECT_FILE	EVENT_READ	1523030872366115945
A8B2EAFA-39B4-11E8-BF66-D9AA8AFF4A69	SUBJECT_PROCESS	0C51AAE3-0594-4A51-9405-4FC4214A0041	FILE_OBJECT_FILE	EVENT_LSEEK	1523030872366115945
A8B2EAFA-39B4-11E8-BF66-D9AA8AFF4A69	SUBJECT_PROCESS	0C51AAE3-0594-4A51-9405-4FC4214A0041	FILE_OBJECT_FILE	EVENT_READ	1523030872366115945
A8B2EAFA-39B4-11E8-BF66-D9AA8AFF4A69	SUBJECT_PROCESS	0C51AAE3-0594-4A51-9405-4FC4214A0041	FILE_OBJECT_FILE	EVENT_READ	1523030872366115945
A8B2EAFA-39B4-11E8-BF66-D9AA8AFF4A69	SUBJECT_PROCESS	0C51AAE3-0594-4A51-9405-4FC4214A0041	FILE_OBJECT_FILE	EVENT_READ	1523030872366115945
A8B2EAFA-39B4-11E8-BF66-D9AA8AFF4A69	SUBJECT_PROCESS	0C51AAE3-0594-4A51-9405-4FC4214A0041	FILE_OBJECT_FILE	EVENT_READ	1523030872366115945
A8B2EAFA-39B4-11E8-BF66-D9AA8AFF4A69	SUBJECT_PROCESS	0C51AAE3-0594-4A51-9405-4FC4214A0041	FILE_OBJECT_FILE	EVENT_LSEEK	1523030872366115945
A8B2EAFA-39B4-11E8-BF66-D9AA8AFF4A69	SUBJECT_PROCESS	0C51AAE3-0594-4A51-9405-4FC4214A0041	FILE_OBJECT_FILE	EVENT_READ	1523030872366115945
A8B2EAFA-39B4-11E8-BF66-D9AA8AFF4A69	SUBJECT_PROCESS	0C51AAE3-0594-4A51-9405-4FC4214A0041	FILE_OBJECT_FILE	EVENT_READ	1523030872366115945
A8B2EAFA-39B4-11E8-BF66-D9AA8AFF4A69	SUBJECT_PROCESS	0C51AAE3-0594-4A51-9405-4FC4214A0041	FILE_OBJECT_FILE	EVENT_LSEEK	1523030872366115945
A8B2EAFA-39B4-11E8-BF66-D9AA8AFF4A69	SUBJECT_PROCESS	0C51AAE3-0594-4A51-9405-4FC4214A0041	FILE_OBJECT_FILE	EVENT_READ	1523030872366115945
A8B2EAFA-39B4-11E8-BF66-D9AA8AFF4A69	SUBJECT_PROCESS	0C51AAE3-0594-4A51-9405-4FC4214A0041	FILE_OBJECT_FILE	EVENT_READ	1523030872366115945
A8B2EAFA-39B4-11E8-BF66-D9AA8AFF4A69	SUBJECT_PROCESS	0C51AAE3-0594-4A51-9405-4FC4214A0041	FILE_OBJECT_FILE	EVENT_LSEEK	1523030872366115945
A8B2EAFA-39B4-11E8-BF66-D9AA8AFF4A69	SUBJECT_PROCESS	0C51AAE3-0594-4A51-9405-4FC4214A0041	FILE_OBJECT_FILE	EVENT_READ	1523030872366115945
A8B2EAFA-39B4-11E8-BF66-D9AA8AFF4A69	SUBJECT_PROCESS	0C51AAE3-0594-4A51-9405-4FC4214A0041	FILE_OBJECT_FILE	EVENT_LSEEK	1523030872366115945
A8B2EAFA-39B4-11E8-BF66-D9AA8AFF4A69	SUBJECT_PROCESS	0C51AAE3-0594-4A51-9405-4FC4214A0041	FILE_OBJECT_FILE	EVENT_READ	1523030872366115945
A8B2EAFA-39B4-11E8-BF66-D9AA8AFF4A69	SUBJECT_PROCESS	0C51AAE3-0594-4A51-9405-4FC4214A0041	FILE_OBJECT_FILE	EVENT_LSEEK	1523030872366115945
A8B2EAFA-39B4-11E8-BF66-D9AA8AFF4A69	SUBJECT_PROCESS	0C51AAE3-0594-4A51-9405-4FC4214A0041	FILE_OBJECT_FILE	EVENT_READ	1523030872366115945
A8B2EAFA-39B4-11E8-BF66-D9AA8AFF4A69	SUBJECT_PROCESS	0C51AAE3-0594-4A51-9405-4FC4214A0041	FILE_OBJECT_FILE	EVENT_LSEEK	1523030872366115945
A8B2EAFA-39B4-11E8-BF66-D9AA8AFF4A69	SUBJECT_PROCESS	0C51AAE3-0594-4A51-9405-4FC4214A0041	FILE_OBJECT_FILE	EVENT_READ	1523030872366115945
A8B2EAFA-39B4-11E8-BF66-D9AA8AFF4A69	SUBJECT_PROCESS	0C51AAE3-0594-4A51-9405-4FC4214A0041	FILE_OBJECT_FILE	EVENT_LSEEK	1523030872366115945
A8B2EAFA-39B4-11E8-BF66-D9AA8AFF4A69	SUBJECT_PROCESS	0C51AAE3-0594-4A51-9405-4FC4214A0041	FILE_OBJECT_FILE	EVENT_READ	1523030872366115945
A8B2EAFA-39B4-11E8-BF66-D9AA8AFF4A69	SUBJECT_PROCESS	0C51AAE3-0594-4A51-9405-4FC4214A0041	FILE_OBJECT_FILE	EVENT_LSEEK	1523030872366115945
A8B2EAFA-39B4-11E8-BF66-D9AA8AFF4A69	SUBJECT_PROCESS	0C51AAE3-0594-4A51-9405-4FC4214A0041	FILE_OBJECT_FILE	EVENT_READ	1523030872366115945
A8B2EAFA-39B4-11E8-BF66-D9AA8AFF4A69	SUBJECT_PROCESS	0C51AAE3-0594-4A51-9405-4FC4214A0041	FILE_OBJECT_FILE	EVENT_LSEEK	1523030872366115945
A8B2EAFA-39B4-11E8-BF66-D9AA8AFF4A69	SUBJECT_PROCESS	0C51AAE3-0594-4A51-9405-4FC4214A0041	FILE_OBJECT_FILE	EVENT_READ	1523030872376110716
A8B2EAFA-39B4-11E8-BF66-D9AA8AFF4A69	SUBJECT_PROCESS	0C51AAE3-0594-4A51-9405-4FC4214A0041	FILE_OBJECT_FILE	EVENT_LSEEK	1523030872376110716
A8B2EAFA-39B4-11E8-BF66-D9AA8AFF4A69	SUBJECT_PROCESS	0C51AAE3-0594-4A51-9405-4FC4214A0041	FILE_OBJECT_FILE	EVENT_READ	1523030872376110716
A8B2EAFA-39B4-11E8-BF66-D9AA8AFF4A69	SUBJECT_PROCESS	0C51AAE3-0594-4A51-9405-4FC4214A0041	FILE_OBJECT_FILE	EVENT_LSEEK	1523030872376110716
A8B2EAFA-39B4-11E8-BF66-D9AA8AFF4A69	SUBJECT_PROCESS	0C51AAE3-0594-4A51-9405-4FC4214A0041	FILE_OBJECT_FILE	EVENT_READ	1523030872376110716
A8B2EAFA-39B4-11E8-BF66-D9AA8AFF4A69	SUBJECT_PROCESS	0C51AAE3-0594-4A51-9405-4FC4214A0041	FILE_OBJECT_FILE	EVENT_LSEEK	1523030872376110716
A8B2EAFA-39B4-11E8-BF66-D9AA8AFF4A69	SUBJECT_PROCESS	0C51AAE3-0594-4A51-9405-4FC4214A0041	FILE_OBJECT_FILE	EVENT_READ	1523030872376110716
A8B2EAFA-39B4-11E8-BF66-D9AA8AFF4A69	SUBJECT_PROCESS	0C51AAE3-0594-4A51-9405-4FC4214A0041	FILE_OBJECT_FILE	EVENT_LSEEK	1523030872376110716
A8B2EAFA-39B4-11E8-BF66-D9AA8AFF4A69	SUBJECT_PROCESS	0C51AAE3-0594-4A51-9405-4FC4214A0041	FILE_OBJECT_FILE	EVENT_READ	1523030872376110716
A8B2EAFA-39B4-11E8-BF66-D9AA8AFF4A69	SUBJECT_PROCESS	0C51AAE3-0594-4A51-9405-4FC4214A0041	FILE_OBJECT_FILE	EVENT_LSEEK	1523030872376110716
A8B2EAFA-39B4-11E8-BF66-D9AA8AFF4A69	SUBJECT_PROCESS	0C51AAE3-0594-4A51-9405-4FC4214A0041	FILE_OBJECT_FILE	EVENT_READ	1523030872376110716
A8B2EAFA-39B4-11E8-BF66-D9AA8AFF4A69	SUBJECT_PROCESS	0C51AAE3-0594-4A51-9405-4FC4214A0041	FILE_OBJECT_FILE	EVENT_LSEEK	1523030872376110716
A8B2EAFA-39B4-11E8-BF66-D9AA8AFF4A69	SUBJECT_PROCESS	0C51AAE3-0594-4A51-9405-4FC4214A0041	FILE_OBJECT_FILE	EVENT_READ	1523030872376110716
A8B2EAFA-39B4-11E8-BF66-D9AA8AFF4A69	SUBJECT_PROCESS	0C51AAE3-0594-4A51-9405-4FC4214A0041	FILE_OBJECT_FILE	EVENT_LSEEK	1523030872376110716
A8B2EAFA-39B4-11E8-BF66-D9AA8AFF4A69	SUBJECT_PROCESS	0C51AAE3-0594-4A51-9405-4FC4214A0041	FILE_OBJECT_FILE	EVENT_READ	1523030872376110716
A8B2EAFA-39B4-11E8-BF66-D9AA8AFF4A69	SUBJECT_PROCESS	0C51AAE3-0594-4A51-9405-4FC4214A0041	FILE_OBJECT_FILE	EVENT_LSEEK	1523030872376110716
A8B2EAFA-39B4-11E8-BF66-D9AA8AFF4A69	SUBJECT_PROCESS	0C51AAE3-0594-4A51-9405-4FC4214A0041	FILE_OBJECT_FILE	EVENT_READ	1523030872376110716
A8B2EAFA-39B4-11E8-BF66-D9AA8AFF4A69	SUBJECT_PROCESS	0C51AAE3-0594-4A51-9405-4FC4214A0041	FILE_OBJECT_FILE	EVENT_LSEEK	1523030872376110716
A8B2EAFA-39B4-11E8-BF66-D9AA8AFF4A69	SUBJECT_PROCESS	0C51AAE3-0594-4A51-9405-4FC4214A0041	FILE_OBJECT_FILE	EVENT_READ	1523030872376110716
A8B2EAFA-39B4-11E8-BF66-D9AA8AFF4A69	SUBJECT_PROCESS	0C51AAE3-0594-4A51-9405-4FC4214A0041	FILE_OBJECT_FILE	EVENT_LSEEK	1523030872376110716
A8B2EAFA-39B4-11E8-BF66-D9AA8AFF4A69	SUBJECT_PROCESS	0C51AAE3-0594-4A51-9405-4FC4214A0041	FILE_OBJECT_FILE	EVENT_READ	1523030872376110716
A8B2EAFA-39B4-11E8-BF66-D9AA8AFF4A69	SUBJECT_PROCESS	0C51AAE3-0594-4A51-9405-4FC4214A0041	FILE_OBJECT_FILE	EVENT_LSEEK	1523030872376110716
A8B2EAFA-39B4-11E8-BF66-D9AA8AFF4A69	SUBJECT_PROCESS	0C51AAE3-0594-4A51-9405-4FC4214A0041	FILE_OBJECT_FILE	EVENT_READ	1523030872376110716
A8B2EAFA-39B4-11E8-BF66-D9AA8AFF4A69	SUBJECT_PROCESS	0C51AAE3-0594-4A51-9405-4FC4214A0041	FILE_OBJECT_FILE	EVENT_LSEEK	1523030872376110716
A8B2EAFA-39B4-11E8-BF66-D9AA8AFF4A69	SUBJECT_PROCESS	0C51AAE3-0594-4A51-9405-4FC4214A0041	FILE_OBJECT_FILE	EVENT_READ	1523030872376110716
A8B2EAFA-39B4-11E8-BF66-D9AA8AFF4A69	SUBJECT_PROCESS	0C51AAE3-0594-4A51-9405-4FC4214A0041	FILE_OBJECT_FILE	EVENT_LSEEK	1523030872376110716
A8B2EAFA-39B4-11E8-BF66-D9AA8AFF4A69	SUBJECT_PROCESS	0C51AAE3-0594-4A51-9405-4FC4214A0041	FILE_OBJECT_FILE	EVENT_READ	1523030872376110716
A8B2EAFA-39B4-11E8-BF66-D9AA8AFF4A69	SUBJECT_PROCESS	0C51AAE3-0594-4A51-9405-4FC4214A0041	FILE_OBJECT_FILE	EVENT_LSEEK	1523030872376110716
A8B2EAFA-39B4-11E8-BF66-D9AA8AFF4A69	SUBJECT_PROCESS	0C51AAE3-0594-4A51-9405-4FC4214A0041	FILE_OBJECT_FILE	EVENT_READ	1523030872376110716
A8B2EAFA-39B4-11E8-BF66-D9AA8AFF4A69	SUBJECT_PROCESS	0C51AAE3-0594-4A51-9405-4FC4214A0041	FILE_OBJECT_FILE	EVENT_LSEEK	1523030872376110716
A8B2EAFA-39B4-11E8-BF66-D9AA8AFF4A69	SUBJECT_PROCESS	0C51AAE3-0594-4A51-9405-4FC4214A0041	FILE_OBJECT_FILE	EVENT_READ	1523030872376110716
A8B2EAFA-39B4-11E8-BF66-D9AA8AFF4A69	SUBJECT_PROCESS	0C51AAE3-0594-4A51-9405-4FC4214A0041	FILE_OBJECT_FILE	EVENT_LSEEK	1523030872376110716
A8B2EAFA-39B4-11E8-BF66-D9AA8AFF4A69	SUBJECT_PROCESS	0C51AAE3-0594-4A51-9405-4FC4214A0041	FILE_OBJECT_FILE	EVENT_READ	1523030872376110716
A8B2EAFA-39B4-11E8-BF66-D9AA8AFF4A69	SUBJECT_PROCESS	0C51AAE3-0594-4A51-9405-4FC4214A0041	FILE_OBJECT_FILE	EVENT_LSEEK	1523030872386109546
A8B2EAFA-39B4-11E8-BF66-D9AA8AFF4A69	SUBJECT_PROCESS	0C51AAE3-0594-4A51-9405-4FC4214A0041	FILE_OBJECT_FILE	EVENT_READ	1523030872386109546
A8B2EAFA-39B4-11E8-BF66-D9AA8AFF4A69	SUBJECT_PROCESS	0C51AAE3-0594-4A51-9405-4FC4214A0041	FILE_OBJECT_FILE	EVENT_LSEEK	1523030872386109546
A8B2EAFA-39B4-11E8-BF66-D9AA8AFF4A69	SUBJECT_PROCESS	0C51AAE3-0594-4A51-9405-4FC4214A0041	FILE_OBJECT_FILE	EVENT_READ	1523030872386109546
A8B2EAFA-39B4-11E8-BF66-D9AA8AFF4A69	SUBJECT_PROCESS	0C51AAE3-0594-4A51-9405-4FC4214A0041	FILE_OBJECT_FILE	EVENT_LSEEK	1523030872386109546
A8B2EAFA-39B4-11E8-BF66-D9AA8AFF4A69	SUBJECT_PROCESS	0C51AAE3-0594-4A51-9405-4FC4214A0041	FILE_OBJECT_FILE	EVENT_READ	1523030872386109546
A8B2EAFA-39B4-11E8-BF66-D9AA8AFF4A69	SUBJECT_PROCESS	0C51AAE3-0594-4A51-9405-4FC4214A0041	FILE_OBJECT_FILE	EVENT_LSEEK	1523030872386109546
A8B2EAFA-39B4-11E8-BF66-D9AA8AFF4A69	SUBJECT_PROCESS	0C51AAE3-0594-4A51-9405-4FC4214A0041	FILE_OBJECT_FILE	EVENT_READ	1523030872386109546
A8B2EAFA-39B4-11E8-BF66-D9AA8AFF4A69	SUBJECT_PROCESS	0C51AAE3-0594-4A51-9405-4FC4214A0041	FILE_OBJECT_FILE	EVENT_LSEEK	1523030872386109546
A8B2EAFA-39B4-11E8-BF66-D9AA8AFF4A69	SUBJECT_PROCESS	0C51AAE3-0594-4A51-9405-4FC4214A0041	FILE_OBJECT_FILE	EVENT_READ	1523030872386109546
A8B2EAFA-39B4-11E8-BF66-D9AA8AFF4A69	SUBJECT_PROCESS	0C51AAE3-0594-4A51-9405-4FC4214A0041	FILE_OBJECT_FILE	EVENT_LSEEK	1523030872386109546
A8B2EAFA-39B4-11E8-BF66-D9AA8AFF4A69	SUBJECT_PROCESS	0C51AAE3-0594-4A51-9405-4FC4214A0041	FILE_OBJECT_FILE	EVENT_READ	1523030872386109546
A8B2EAFA-39B4-11E8-BF66-D9AA8AFF4A69	SUBJECT_PROCESS	0C51AAE3-0594-4A51-9405-4FC4214A0041	FILE_OBJECT_FILE	EVENT_LSEEK	1523030872386109546
A8B2EAFA-39B4-11E8-BF66-D9AA8AFF4A69	SUBJECT_PROCESS	0C51AAE3-0594-4A51-9405-4FC4214A0041	FILE_OBJECT_FILE	EVENT_READ	1523030872386109546
A8B2EAFA-39B4-11E8-BF66-D9AA8AFF4A69	SUBJECT_PROCESS	0C51AAE3-0594-4A51-9405-4FC4214A0041	FILE_OBJECT_FILE	EVENT_LSEEK	1523030872386109546
A8B2EAFA-39B4-11E8-BF66-D9AA8AFF4A69	SUBJECT_PROCESS	0C51AAE3-0594-4A51-9405-4FC4214A0041	FILE_OBJECT_FILE	EVENT_READ	1523030872386109546
A8B2EAFA-39B4-11E8-BF66-D9AA8AFF4A69	SUBJECT_PROCESS	0C51AAE3-0594-4A51-9405-4FC4214A0041	FILE_OBJECT_FILE	EVENT_LSEEK	1523030872386109546
A8B2EAFA-39B4-11E8-BF66-D9AA8AFF4A69	SUBJECT_PROCESS	0C51AAE3-0594-4A51-9405-4FC4214A0041	FILE_OBJECT_FILE	EVENT_READ	1523030872386109546
A8B2EAFA-39B4-11E8-BF66-D9AA8AFF4A69	SUBJECT_PROCESS	0C51AAE3-0594-4A51-9405-4FC4214A0041	FILE_OBJECT_FILE	EVENT_LSEEK	1523030872386109546
A8B2EAFA-39B4-11E8-BF66-D9AA8AFF4A69	SUBJECT_PROCESS	0C51AAE3-0594-4A51-9405-4FC4214A0041	FILE_OBJECT_FILE	EVENT_READ	1523030872386109546
A8B2EAFA-39B4-11E8-BF66-D9AA8AFF4A69	SUBJECT_PROCESS	0C51AAE3-0594-4A51-9405-4FC4214A0041	FILE_OBJECT_FILE	EVENT_LSEEK	1523030872386109546
A8B2EAFA-39B4-11E8-BF66-D9AA8AFF4A69	SUBJECT_PROCESS	0C51AAE3-0594-4A51-9405-4FC4214A0041	FILE_OBJECT_FILE	EVENT_READ	1523030872386109546
A8B2EAFA-39B4-11E8-BF66-D9AA8AFF4A69	SUBJECT_PROCESS	0C51AAE3-0594-4A51-9405-4FC4214A0041	FILE_OBJECT_FILE	EVENT_LSEEK	1523030872386109546
A8B2EAFA-39B4-11E8-BF66-D9AA8AFF4A69	SUBJECT_PROCESS	0C51AAE3-0594-4A51-9405-4FC4214A0041	FILE_OBJECT_FILE	EVENT_READ	1523030872386109546
A8B2EAFA-39B4-11E8-BF66-D9AA8AFF4A69	SUBJECT_PROCESS	0C51AAE3-0594-4A51-9405-4FC4214A0041	FILE_OBJECT_FILE	EVENT_LSEEK	1523030872386109546
A8B2EAFA-39B4-11E8-BF66-D9AA8AFF4A69	SUBJECT_PROCESS	0C51AAE3-0594-4A51-9405-4FC4214A0041	FILE_OBJECT_FILE	EVENT_READ	1523030872386109546
A8B2EAFA-39B4-11E8-BF66-D9AA8AFF4A69	SUBJECT_PROCESS	0C51AAE3-0594-4A51-9405-4FC4214A0041	FILE_OBJECT_FILE	EVENT_LSEEK	1523030872386109546
A8B2EAFA-39B4-11E8-BF66-D9AA8AFF4A69	SUBJECT_PROCESS	0C51AAE3-0594-4A51-9405-4FC4214A0041	FILE_OBJECT_FILE	EVENT_READ	1523030872386109546
A8B2EAFA-39B4-11E8-BF66-D9AA8AFF4A69	SUBJECT_PROCESS	0C51AAE3-0594-4A51-9405-4FC4214A0041	FILE_OBJECT_FILE	EVENT_LSEEK	1523030872386109546
A8B2EAFA-39B4-11E8-BF66-D9AA8AFF4A69	SUBJECT_PROCESS	0C51AAE3-0594-4A51-9405-4FC4214A0041	FILE_OBJECT_FILE	EVENT_READ	1523030872386109546
A8B2EAFA-39B4-11E8-BF66-D9AA8AFF4A69	SUBJECT_PROCESS	0C51AAE3-0594-4A51-9405-4FC4214A0041	FILE_OBJECT_FILE	EVENT_LSEEK	1523030872386109546
A8B2EAFA-39B4-11E8-BF66-D9AA8AFF4A69	SUBJECT_PROCESS	0C51AAE3-0594-4A51-9405-4FC4214A0041	FILE_OBJECT_FILE	EVENT_READ	1523030872386109546
A8B2EAFA-39B4-11E8-BF66-D9AA8AFF4A69	SUBJECT_PROCESS	0C51AAE3-0594-4A51-9405-4FC4214A0041	FILE_OBJECT_FILE	EVENT_LSEEK	1523030872396109137
A8B2EAFA-39B4-11E8-BF66-D9AA8AFF4A69	SUBJECT_PROCESS	0C51AAE3-0594-4A51-9405-4FC4214A0041	FILE_OBJECT_FILE	EVENT_READ	1523030872396109137
A8B2EAFA-39B4-11E8-BF66-D9AA8AFF4A69	SUBJECT_PROCESS	0C51AAE3-0594-4A51-9405-4FC4214A0041	FILE_OBJECT_FILE	EVENT_LSEEK	1523030872396109137
A8B2EAFA-39B4-11E8-BF66-D9AA8AFF4A69	SUBJECT_PROCESS	0C51AAE3-0594-4A51-9405-4FC4214A0041	FILE_OBJECT_FILE	EVENT_READ	1523030872396109137
A8B2EAFA-39B4-11E8-BF66-D9AA8AFF4A69	SUBJECT_PROCESS	0C51AAE3-0594-4A51-9405-4FC4214A0041	FILE_OBJECT_FILE	EVENT_LSEEK	1523030872396109137
A8B2EAFA-39B4-11E8-BF66-D9AA8AFF4A69	SUBJECT_PROCESS	0C51AAE3-0594-4A51-9405-4FC4214A0041	FILE_OBJECT_FILE	EVENT_READ	1523030872396109137
A8B2EAFA-39B4-11E8-BF66-D9AA8AFF4A69	SUBJECT_PROCESS	0C51AAE3-0594-4A51-9405-4FC4214A0041	FILE_OBJECT_FILE	EVENT_LSEEK	1523030872396109137
A8B2EAFA-39B4-11E8-BF66-D9AA8AFF4A69	SUBJECT_PROCESS	0C51AAE3-0594-4A51-9405-4FC4214A0041	FILE_OBJECT_FILE	EVENT_READ	1523030872396109137
A8B2EAFA-39B4-11E8-BF66-D9AA8AFF4A69	SUBJECT_PROCESS	0C51AAE3-0594-4A51-9405-4FC4214A0041	FILE_OBJECT_FILE	EVENT_LSEEK	1523030872396109137
A8B2EAFA-39B4-11E8-BF66-D9AA8AFF4A69	SUBJECT_PROCESS	0C51AAE3-0594-4A51-9405-4FC4214A0041	FILE_OBJECT_FILE	EVENT_READ	1523030872396109137
A8B2EAFA-39B4-11E8-BF66-D9AA8AFF4A69	SUBJECT_PROCESS	0C51AAE3-0594-4A51-9405-4FC4214A0041	FILE_OBJECT_FILE	EVENT_LSEEK	1523030872396109137
A8B2EAFA-39B4-11E8-BF66-D9AA8AFF4A69	SUBJECT_PROCESS	0C51AAE3-0594-4A51-9405-4FC4214A0041	FILE_OBJECT_FILE	EVENT_READ	1523030872396109137
A8B2EAFA-39B4-11E8-BF66-D9AA8AFF4A69	SUBJECT_PROCESS	0C51AAE3-0594-4A51-9405-4FC4214A0041	FILE_OBJECT_FILE	EVENT_LSEEK	1523030872396109137
A8B2EAFA-39B4-11E8-BF66-D9AA8AFF4A69	SUBJECT_PROCESS	0C51AAE3-0594-4A51-9405-4FC4214A0041	FILE_OBJECT_FILE	EVENT_READ	1523030872396109137
A8B2EAFA-39B4-11E8-BF66-D9AA8AFF4A69	SUBJECT_PROCESS	0C51AAE3-0594-4A51-9405-4FC4214A0041	FILE_OBJECT_FILE	EVENT_LSEEK	1523030872396109137
A8B2EAFA-39B4-11E8-BF66-D9AA8AFF4A69	SUBJECT_PROCESS	0C51AAE3-0594-4A51-9405-4FC4214A0041	FILE_OBJECT_FILE	EVENT_READ	1523030872396109137
A8B2EAFA-39B4-11E8-BF66-D9AA8AFF4A69	SUBJECT_PROCESS	0C51AAE3-0594-4A51-9405-4FC4214A0041	FILE_OBJECT_FILE	EVENT_LSEEK	1523030872396109137
A8B2EAFA-39B4-11E8-BF66-D9AA8AFF4A69	SUBJECT_PROCESS	0C51AAE3-0594-4A51-9405-4FC4214A0041	FILE_OBJECT_FILE	EVENT_READ	1523030872396109137
A8B2EAFA-39B4-11E8-BF66-D9AA8AFF4A69	SUBJECT_PROCESS	0C51AAE3-0594-4A51-9405-4FC4214A0041	FILE_OBJECT_FILE	EVENT_LSEEK	1523030872396109137
A8B2EAFA-39B4-11E8-BF66-D9AA8AFF4A69	SUBJECT_PROCESS	0C51AAE3-0594-4A51-9405-4FC4214A0041	FILE_OBJECT_FILE	EVENT_READ	1523030872396109137
A8B2EAFA-39B4-11E8-BF66-D9AA8AFF4A69	SUBJECT_PROCESS	0C51AAE3-0594-4A51-9405-4FC4214A0041	FILE_OBJECT_FILE	EVENT_LSEEK	1523030872396109137
A8B2EAFA-39B4-11E8-BF66-D9AA8AFF4A69	SUBJECT_PROCESS	0C51AAE3-0594-4A51-9405-4FC4214A0041	FILE_OBJECT_FILE	EVENT_READ	1523030872396109137
A8B2EAFA-39B4-11E8-BF66-D9AA8AFF4A69	SUBJECT_PROCESS	0C51AAE3-0594-4A51-9405-4FC4214A0041	FILE_OBJECT_FILE	EVENT_LSEEK	1523030872396109137
A8B2EAFA-39B4-11E8-BF66-D9AA8AFF4A69	SUBJECT_PROCESS	0C51AAE3-0594-4A51-9405-4FC4214A0041	FILE_OBJECT_FILE	EVENT_READ	1523030872396109137
A8B2EAFA-39B4-11E8-BF66-D9AA8AFF4A69	SUBJECT_PROCESS	0C51AAE3-0594-4A51-9405-4FC4214A0041	FILE_OBJECT_FILE	EVENT_LSEEK	1523030872396109137
A8B2EAFA-39B4-11E8-BF66-D9AA8AFF4A69	SUBJECT_PROCESS	0C51AAE3-0594-4A51-9405-4FC4214A0041	FILE_OBJECT_FILE	EVENT_READ	1523030872396109137
A8B2EAFA-39B4-11E8-BF66-D9AA8AFF4A69	SUBJECT_PROCESS	0C51AAE3-0594-4A51-9405-4FC4214A0041	FILE_OBJECT_FILE	EVENT_LSEEK	1523030872396109137
A8B2EAFA-39B4-11E8-BF66-D9AA8AFF4A69	SUBJECT_PROCESS	0C51AAE3-0594-4A51-9405-4FC4214A0041	FILE_OBJECT_FILE	EVENT_READ	1523030872396109137
A8B2EAFA-39B4-11E8-BF66-D9AA8AFF4A69	SUBJECT_PROCESS	0C51AAE3-0594-4A51-9405-4FC4214A0041	FILE_OBJECT_FILE	EVENT_LSEEK	1523030872396109137
A8B2EAFA-39B4-11E8-BF66-D9AA8AFF4A69	SUBJECT_PROCESS	0C51AAE3-0594-4A51-9405-4FC4214A0041	FILE_OBJECT_FILE	EVENT_READ	1523030872396109137
A8B2EAFA-39B4-11E8-BF66-D9AA8AFF4A69	SUBJECT_PROCESS	0C51AAE3-0594-4A51-9405-4FC4214A0041	FILE_OBJECT_FILE	EVENT_LSEEK	1523030872396109137
A8B2EAFA-39B4-11E8-BF66-D9AA8AFF4A69	SUBJECT_PROCESS	0C51AAE3-0594-4A51-9405-4FC4214A0041	FILE_OBJECT_FILE	EVENT_READ	1523030872396109137
A8B2EAFA-39B4-11E8-BF66-D9AA8AFF4A69	SUBJECT_PROCESS	0C51AAE3-0594-4A51-9405-4FC4214A0041	FILE_OBJECT_FILE	EVENT_LSEEK	1523030872396109137
A8B2EAFA-39B4-11E8-BF66-D9AA8AFF4A69	SUBJECT_PROCESS	0C51AAE3-0594-4A51-9405-4FC4214A0041	FILE_OBJECT_FILE	EVENT_READ	1523030872406110968
A8B2EAFA-39B4-11E8-BF66-D9AA8AFF4A69	SUBJECT_PROCESS	0C51AAE3-0594-4A51-9405-4FC4214A0041	FILE_OBJECT_FILE	EVENT_LSEEK	1523030872406110968
A8B2EAFA-39B4-11E8-BF66-D9AA8AFF4A69	SUBJECT_PROCESS	0C51AAE3-0594-4A51-9405-4FC4214A0041	FILE_OBJECT_FILE	EVENT_READ	1523030872406110968
A8B2EAFA-39B4-11E8-BF66-D9AA8AFF4A69	SUBJECT_PROCESS	0C51AAE3-0594-4A51-9405-4FC4214A0041	FILE_OBJECT_FILE	EVENT_LSEEK	1523030872406110968
A8B2EAFA-39B4-11E8-BF66-D9AA8AFF4A69	SUBJECT_PROCESS	0C51AAE3-0594-4A51-9405-4FC4214A0041	FILE_OBJECT_FILE	EVENT_READ	1523030872406110968
A8B2EAFA-39B4-11E8-BF66-D9AA8AFF4A69	SUBJECT_PROCESS	0C51AAE3-0594-4A51-9405-4FC4214A0041	FILE_OBJECT_FILE	EVENT_LSEEK	1523030872406110968
A8B2EAFA-39B4-11E8-BF66-D9AA8AFF4A69	SUBJECT_PROCESS	0C51AAE3-0594-4A51-9405-4FC4214A0041	FILE_OBJECT_FILE	EVENT_READ	1523030872406110968
A8B2EAFA-39B4-11E8-BF66-D9AA8AFF4A69	SUBJECT_PROCESS	0C51AAE3-0594-4A51-9405-4FC4214A0041	FILE_OBJECT_FILE	EVENT_LSEEK	1523030872406110968
A8B2EAFA-39B4-11E8-BF66-D9AA8AFF4A69	SUBJECT_PROCESS	0C51AAE3-0594-4A51-9405-4FC4214A0041	FILE_OBJECT_FILE	EVENT_READ	1523030872406110968
A8B2EAFA-39B4-11E8-BF66-D9AA8AFF4A69	SUBJECT_PROCESS	0C51AAE3-0594-4A51-9405-4FC4214A0041	FILE_OBJECT_FILE	EVENT_LSEEK	1523030872406110968
A8B2EAFA-39B4-11E8-BF66-D9AA8AFF4A69	SUBJECT_PROCESS	0C51AAE3-0594-4A51-9405-4FC4214A0041	FILE_OBJECT_FILE	EVENT_READ	1523030872406110968
A8B2EAFA-39B4-11E8-BF66-D9AA8AFF4A69	SUBJECT_PROCESS	0C51AAE3-0594-4A51-9405-4FC4214A0041	FILE_OBJECT_FILE	EVENT_LSEEK	1523030872406110968
A8B2EAFA-39B4-11E8-BF66-D9AA8AFF4A69	SUBJECT_PROCESS	0C51AAE3-0594-4A51-9405-4FC4214A0041	FILE_OBJECT_FILE	EVENT_READ	1523030872406110968
A8B2EAFA-39B4-11E8-BF66-D9AA8AFF4A69	SUBJECT_PROCESS	0C51AAE3-0594-4A51-9405-4FC4214A0041	FILE_OBJECT_FILE	EVENT_LSEEK	1523030872406110968
A8B2EAFA-39B4-11E8-BF66-D9AA8AFF4A69	SUBJECT_PROCESS	0C51AAE3-0594-4A51-9405-4FC4214A0041	FILE_OBJECT_FILE	EVENT_READ	1523030872406110968
A8B2EAFA-39B4-11E8-BF66-D9AA8AFF4A69	SUBJECT_PROCESS	0C51AAE3-0594-4A51-9405-4FC4214A0041	FILE_OBJECT_FILE	EVENT_LSEEK	1523030872406110968
A8B2EAFA-39B4-11E8-BF66-D9AA8AFF4A69	SUBJECT_PROCESS	0C51AAE3-0594-4A51-9405-4FC4214A0041	FILE_OBJECT_FILE	EVENT_READ	1523030872406110968
A8B2EAFA-39B4-11E8-BF66-D9AA8AFF4A69	SUBJECT_PROCESS	0C51AAE3-0594-4A51-9405-4FC4214A0041	FILE_OBJECT_FILE	EVENT_LSEEK	1523030872406110968
A8B2EAFA-39B4-11E8-BF66-D9AA8AFF4A69	SUBJECT_PROCESS	0C51AAE3-0594-4A51-9405-4FC4214A0041	FILE_OBJECT_FILE	EVENT_READ	1523030872406110968
A8B2EAFA-39B4-11E8-BF66-D9AA8AFF4A69	SUBJECT_PROCESS	0C51AAE3-0594-4A51-9405-4FC4214A0041	FILE_OBJECT_FILE	EVENT_LSEEK	1523030872406110968
A8B2EAFA-39B4-11E8-BF66-D9AA8AFF4A69	SUBJECT_PROCESS	0C51AAE3-0594-4A51-9405-4FC4214A0041	FILE_OBJECT_FILE	EVENT_READ	1523030872406110968
A8B2EAFA-39B4-11E8-BF66-D9AA8AFF4A69	SUBJECT_PROCESS	0C51AAE3-0594-4A51-9405-4FC4214A0041	FILE_OBJECT_FILE	EVENT_LSEEK	1523030872406110968
A8B2EAFA-39B4-11E8-BF66-D9AA8AFF4A69	SUBJECT_PROCESS	0C51AAE3-0594-4A51-9405-4FC4214A0041	FILE_OBJECT_FILE	EVENT_READ	1523030872406110968
A8B2EAFA-39B4-11E8-BF66-D9AA8AFF4A69	SUBJECT_PROCESS	0C51AAE3-0594-4A51-9405-4FC4214A0041	FILE_OBJECT_FILE	EVENT_LSEEK	1523030872406110968
A8B2EAFA-39B4-11E8-BF66-D9AA8AFF4A69	SUBJECT_PROCESS	0C51AAE3-0594-4A51-9405-4FC4214A0041	FILE_OBJECT_FILE	EVENT_READ	1523030872406110968
A8B2EAFA-39B4-11E8-BF66-D9AA8AFF4A69	SUBJECT_PROCESS	0C51AAE3-0594-4A51-9405-4FC4214A0041	FILE_OBJECT_FILE	EVENT_LSEEK	1523030872406110968
A8B2EAFA-39B4-11E8-BF66-D9AA8AFF4A69	SUBJECT_PROCESS	0C51AAE3-0594-4A51-9405-4FC4214A0041	FILE_OBJECT_FILE	EVENT_READ	1523030872406110968
A8B2EAFA-39B4-11E8-BF66-D9AA8AFF4A69	SUBJECT_PROCESS	0C51AAE3-0594-4A51-9405-4FC4214A0041	FILE_OBJECT_FILE	EVENT_LSEEK	1523030872406110968
A8B2EAFA-39B4-11E8-BF66-D9AA8AFF4A69	SUBJECT_PROCESS	0C51AAE3-0594-4A51-9405-4FC4214A0041	FILE_OBJECT_FILE	EVENT_READ	1523030872406110968
A8B2EAFA-39B4-11E8-BF66-D9AA8AFF4A69	SUBJECT_PROCESS	0C51AAE3-0594-4A51-9405-4FC4214A0041	FILE_OBJECT_FILE	EVENT_LSEEK	1523030872406110968
A8B2EAFA-39B4-11E8-BF66-D9AA8AFF4A69	SUBJECT_PROCESS	0C51AAE3-0594-4A51-9405-4FC4214A0041	FILE_OBJECT_FILE	EVENT_READ	1523030872406110968
A8B2EAFA-39B4-11E8-BF66-D9AA8AFF4A69	SUBJECT_PROCESS	0C51AAE3-0594-4A51-9405-4FC4214A0041	FILE_OBJECT_FILE	EVENT_LSEEK	1523030872406110968
A8B2EAFA-39B4-11E8-BF66-D9AA8AFF4A69	SUBJECT_PROCESS	0C51AAE3-0594-4A51-9405-4FC4214A0041	FILE_OBJECT_FILE	EVENT_READ	1523030872416108879
A8B2EAFA-39B4-11E8-BF66-D9AA8AFF4A69	SUBJECT_PROCESS	0C51AAE3-0594-4A51-9405-4FC4214A0041	FILE_OBJECT_FILE	EVENT_LSEEK	1523030872416108879
A8B2EAFA-39B4-11E8-BF66-D9AA8AFF4A69	SUBJECT_PROCESS	0C51AAE3-0594-4A51-9405-4FC4214A0041	FILE_OBJECT_FILE	EVENT_READ	1523030872416108879
A8B2EAFA-39B4-11E8-BF66-D9AA8AFF4A69	SUBJECT_PROCESS	0C51AAE3-0594-4A51-9405-4FC4214A0041	FILE_OBJECT_FILE	EVENT_LSEEK	1523030872416108879
A8B2EAFA-39B4-11E8-BF66-D9AA8AFF4A69	SUBJECT_PROCESS	0C51AAE3-0594-4A51-9405-4FC4214A0041	FILE_OBJECT_FILE	EVENT_READ	1523030872416108879
A8B2EAFA-39B4-11E8-BF66-D9AA8AFF4A69	SUBJECT_PROCESS	0C51AAE3-0594-4A51-9405-4FC4214A0041	FILE_OBJECT_FILE	EVENT_LSEEK	1523030872416108879
A8B2EAFA-39B4-11E8-BF66-D9AA8AFF4A69	SUBJECT_PROCESS	0C51AAE3-0594-4A51-9405-4FC4214A0041	FILE_OBJECT_FILE	EVENT_READ	1523030872416108879
A8B2EAFA-39B4-11E8-BF66-D9AA8AFF4A69	SUBJECT_PROCESS	0C51AAE3-0594-4A51-9405-4FC4214A0041	FILE_OBJECT_FILE	EVENT_LSEEK	1523030872416108879
A8B2EAFA-39B4-11E8-BF66-D9AA8AFF4A69	SUBJECT_PROCESS	0C51AAE3-0594-4A51-9405-4FC4214A0041	FILE_OBJECT_FILE	EVENT_READ	1523030872416108879
A8B2EAFA-39B4-11E8-BF66-D9AA8AFF4A69	SUBJECT_PROCESS	0C51AAE3-0594-4A51-9405-4FC4214A0041	FILE_OBJECT_FILE	EVENT_LSEEK	1523030872416108879
A8B2EAFA-39B4-11E8-BF66-D9AA8AFF4A69	SUBJECT_PROCESS	0C51AAE3-0594-4A51-9405-4FC4214A0041	FILE_OBJECT_FILE	EVENT_READ	1523030872416108879
A8B2EAFA-39B4-11E8-BF66-D9AA8AFF4A69	SUBJECT_PROCESS	0C51AAE3-0594-4A51-9405-4FC4214A0041	FILE_OBJECT_FILE	EVENT_LSEEK	1523030872416108879
A8B2EAFA-39B4-11E8-BF66-D9AA8AFF4A69	SUBJECT_PROCESS	0C51AAE3-0594-4A51-9405-4FC4214A0041	FILE_OBJECT_FILE	EVENT_READ	1523030872416108879
A8B2EAFA-39B4-11E8-BF66-D9AA8AFF4A69	SUBJECT_PROCESS	0C51AAE3-0594-4A51-9405-4FC4214A0041	FILE_OBJECT_FILE	EVENT_LSEEK	1523030872416108879
A8B2EAFA-39B4-11E8-BF66-D9AA8AFF4A69	SUBJECT_PROCESS	0C51AAE3-0594-4A51-9405-4FC4214A0041	FILE_OBJECT_FILE	EVENT_READ	1523030872416108879
A8B2EAFA-39B4-11E8-BF66-D9AA8AFF4A69	SUBJECT_PROCESS	0C51AAE3-0594-4A51-9405-4FC4214A0041	FILE_OBJECT_FILE	EVENT_LSEEK	1523030872416108879
A8B2EAFA-39B4-11E8-BF66-D9AA8AFF4A69	SUBJECT_PROCESS	0C51AAE3-0594-4A51-9405-4FC4214A0041	FILE_OBJECT_FILE	EVENT_READ	1523030872416108879
A8B2EAFA-39B4-11E8-BF66-D9AA8AFF4A69	SUBJECT_PROCESS	0C51AAE3-0594-4A51-9405-4FC4214A0041	FILE_OBJECT_FILE	EVENT_LSEEK	1523030872416108879
A8B2EAFA-39B4-11E8-BF66-D9AA8AFF4A69	SUBJECT_PROCESS	0C51AAE3-0594-4A51-9405-4FC4214A0041	FILE_OBJECT_FILE	EVENT_READ	1523030872416108879
A8B2EAFA-39B4-11E8-BF66-D9AA8AFF4A69	SUBJECT_PROCESS	0C51AAE3-0594-4A51-9405-4FC4214A0041	FILE_OBJECT_FILE	EVENT_LSEEK	1523030872416108879
A8B2EAFA-39B4-11E8-BF66-D9AA8AFF4A69	SUBJECT_PROCESS	0C51AAE3-0594-4A51-9405-4FC4214A0041	FILE_OBJECT_FILE	EVENT_READ	1523030872416108879
A8B2EAFA-39B4-11E8-BF66-D9AA8AFF4A69	SUBJECT_PROCESS	0C51AAE3-0594-4A51-9405-4FC4214A0041	FILE_OBJECT_FILE	EVENT_LSEEK	1523030872416108879
A8B2EAFA-39B4-11E8-BF66-D9AA8AFF4A69	SUBJECT_PROCESS	0C51AAE3-0594-4A51-9405-4FC4214A0041	FILE_OBJECT_FILE	EVENT_READ	1523030872416108879
A8B2EAFA-39B4-11E8-BF66-D9AA8AFF4A69	SUBJECT_PROCESS	0C51AAE3-0594-4A51-9405-4FC4214A0041	FILE_OBJECT_FILE	EVENT_LSEEK	1523030872416108879
A8B2EAFA-39B4-11E8-BF66-D9AA8AFF4A69	SUBJECT_PROCESS	0C51AAE3-0594-4A51-9405-4FC4214A0041	FILE_OBJECT_FILE	EVENT_READ	1523030872416108879
A8B2EAFA-39B4-11E8-BF66-D9AA8AFF4A69	SUBJECT_PROCESS	0C51AAE3-0594-4A51-9405-4FC4214A0041	FILE_OBJECT_FILE	EVENT_LSEEK	1523030872416108879
A8B2EAFA-39B4-11E8-BF66-D9AA8AFF4A69	SUBJECT_PROCESS	0C51AAE3-0594-4A51-9405-4FC4214A0041	FILE_OBJECT_FILE	EVENT_READ	1523030872416108879
A8B2EAFA-39B4-11E8-BF66-D9AA8AFF4A69	SUBJECT_PROCESS	0C51AAE3-0594-4A51-9405-4FC4214A0041	FILE_OBJECT_FILE	EVENT_LSEEK	1523030872416108879
A8B2EAFA-39B4-11E8-BF66-D9AA8AFF4A69	SUBJECT_PROCESS	0C51AAE3-0594-4A51-9405-4FC4214A0041	FILE_OBJECT_FILE	EVENT_READ	1523030872416108879
A8B2EAFA-39B4-11E8-BF66-D9AA8AFF4A69	SUBJECT_PROCESS	0C51AAE3-0594-4A51-9405-4FC4214A0041	FILE_OBJECT_FILE	EVENT_LSEEK	1523030872416108879
A8B2EAFA-39B4-11E8-BF66-D9AA8AFF4A69	SUBJECT_PROCESS	0C51AAE3-0594-4A51-9405-4FC4214A0041	FILE_OBJECT_FILE	EVENT_READ	1523030872416108879
A8B2EAFA-39B4-11E8-BF66-D9AA8AFF4A69	SUBJECT_PROCESS	0C51AAE3-0594-4A51-9405-4FC4214A0041	FILE_OBJECT_FILE	EVENT_LSEEK	1523030872416108879
A8B2EAFA-39B4-11E8-BF66-D9AA8AFF4A69	SUBJECT_PROCESS	0C51AAE3-0594-4A51-9405-4FC4214A0041	FILE_OBJECT_FILE	EVENT_READ	1523030872416108879
A8B2EAFA-39B4-11E8-BF66-D9AA8AFF4A69	SUBJECT_PROCESS	0C51AAE3-0594-4A51-9405-4FC4214A0041	FILE_OBJECT_FILE	EVENT_LSEEK	1523030872426109980
A8B2EAFA-39B4-11E8-BF66-D9AA8AFF4A69	SUBJECT_PROCESS	0C51AAE3-0594-4A51-9405-4FC4214A0041	FILE_OBJECT_FILE	EVENT_READ	1523030872426109980
A8B2EAFA-39B4-11E8-BF66-D9AA8AFF4A69	SUBJECT_PROCESS	0C51AAE3-0594-4A51-9405-4FC4214A0041	FILE_OBJECT_FILE	EVENT_LSEEK	1523030872426109980
A8B2EAFA-39B4-11E8-BF66-D9AA8AFF4A69	SUBJECT_PROCESS	0C51AAE3-0594-4A51-9405-4FC4214A0041	FILE_OBJECT_FILE	EVENT_READ	1523030872426109980
A8B2EAFA-39B4-11E8-BF66-D9AA8AFF4A69	SUBJECT_PROCESS	0C51AAE3-0594-4A51-9405-4FC4214A0041	FILE_OBJECT_FILE	EVENT_LSEEK	1523030872426109980
A8B2EAFA-39B4-11E8-BF66-D9AA8AFF4A69	SUBJECT_PROCESS	0C51AAE3-0594-4A51-9405-4FC4214A0041	FILE_OBJECT_FILE	EVENT_READ	1523030872426109980
A8B2EAFA-39B4-11E8-BF66-D9AA8AFF4A69	SUBJECT_PROCESS	0C51AAE3-0594-4A51-9405-4FC4214A0041	FILE_OBJECT_FILE	EVENT_LSEEK	1523030872426109980
A8B2EAFA-39B4-11E8-BF66-D9AA8AFF4A69	SUBJECT_PROCESS	0C51AAE3-0594-4A51-9405-4FC4214A0041	FILE_OBJECT_FILE	EVENT_READ	1523030872426109980
A8B2EAFA-39B4-11E8-BF66-D9AA8AFF4A69	SUBJECT_PROCESS	0C51AAE3-0594-4A51-9405-4FC4214A0041	FILE_OBJECT_FILE	EVENT_LSEEK	1523030872426109980
A8B2EAFA-39B4-11E8-BF66-D9AA8AFF4A69	SUBJECT_PROCESS	0C51AAE3-0594-4A51-9405-4FC4214A0041	FILE_OBJECT_FILE	EVENT_READ	1523030872426109980
A8B2EAFA-39B4-11E8-BF66-D9AA8AFF4A69	SUBJECT_PROCESS	0C51AAE3-0594-4A51-9405-4FC4214A0041	FILE_OBJECT_FILE	EVENT_LSEEK	1523030872426109980
A8B2EAFA-39B4-11E8-BF66-D9AA8AFF4A69	SUBJECT_PROCESS	0C51AAE3-0594-4A51-9405-4FC4214A0041	FILE_OBJECT_FILE	EVENT_READ	1523030872426109980
A8B2EAFA-39B4-11E8-BF66-D9AA8AFF4A69	SUBJECT_PROCESS	0C51AAE3-0594-4A51-9405-4FC4214A0041	FILE_OBJECT_FILE	EVENT_LSEEK	1523030872426109980
A8B2EAFA-39B4-11E8-BF66-D9AA8AFF4A69	SUBJECT_PROCESS	0C51AAE3-0594-4A51-9405-4FC4214A0041	FILE_OBJECT_FILE	EVENT_READ	1523030872426109980
A8B2EAFA-39B4-11E8-BF66-D9AA8AFF4A69	SUBJECT_PROCESS	0C51AAE3-0594-4A51-9405-4FC4214A0041	FILE_OBJECT_FILE	EVENT_LSEEK	1523030872426109980
A8B2EAFA-39B4-11E8-BF66-D9AA8AFF4A69	SUBJECT_PROCESS	0C51AAE3-0594-4A51-9405-4FC4214A0041	FILE_OBJECT_FILE	EVENT_READ	1523030872426109980
A8B2EAFA-39B4-11E8-BF66-D9AA8AFF4A69	SUBJECT_PROCESS	0C51AAE3-0594-4A51-9405-4FC4214A0041	FILE_OBJECT_FILE	EVENT_LSEEK	1523030872426109980
A8B2EAFA-39B4-11E8-BF66-D9AA8AFF4A69	SUBJECT_PROCESS	0C51AAE3-0594-4A51-9405-4FC4214A0041	FILE_OBJECT_FILE	EVENT_READ	1523030872426109980
A8B2EAFA-39B4-11E8-BF66-D9AA8AFF4A69	SUBJECT_PROCESS	0C51AAE3-0594-4A51-9405-4FC4214A0041	FILE_OBJECT_FILE	EVENT_LSEEK	1523030872426109980
A8B2EAFA-39B4-11E8-BF66-D9AA8AFF4A69	SUBJECT_PROCESS	0C51AAE3-0594-4A51-9405-4FC4214A0041	FILE_OBJECT_FILE	EVENT_READ	1523030872426109980
A8B2EAFA-39B4-11E8-BF66-D9AA8AFF4A69	SUBJECT_PROCESS	0C51AAE3-0594-4A51-9405-4FC4214A0041	FILE_OBJECT_FILE	EVENT_LSEEK	1523030872426109980
A8B2EAFA-39B4-11E8-BF66-D9AA8AFF4A69	SUBJECT_PROCESS	0C51AAE3-0594-4A51-9405-4FC4214A0041	FILE_OBJECT_FILE	EVENT_READ	1523030872426109980
A8B2EAFA-39B4-11E8-BF66-D9AA8AFF4A69	SUBJECT_PROCESS	0C51AAE3-0594-4A51-9405-4FC4214A0041	FILE_OBJECT_FILE	EVENT_LSEEK	1523030872426109980
A8B2EAFA-39B4-11E8-BF66-D9AA8AFF4A69	SUBJECT_PROCESS	0C51AAE3-0594-4A51-9405-4FC4214A0041	FILE_OBJECT_FILE	EVENT_READ	1523030872426109980
A8B2EAFA-39B4-11E8-BF66-D9AA8AFF4A69	SUBJECT_PROCESS	0C51AAE3-0594-4A51-9405-4FC4214A0041	FILE_OBJECT_FILE	EVENT_LSEEK	1523030872426109980
A8B2EAFA-39B4-11E8-BF66-D9AA8AFF4A69	SUBJECT_PROCESS	0C51AAE3-0594-4A51-9405-4FC4214A0041	FILE_OBJECT_FILE	EVENT_READ	1523030872426109980
A8B2EAFA-39B4-11E8-BF66-D9AA8AFF4A69	SUBJECT_PROCESS	0C51AAE3-0594-4A51-9405-4FC4214A0041	FILE_OBJECT_FILE	EVENT_LSEEK	1523030872426109980
A8B2EAFA-39B4-11E8-BF66-D9AA8AFF4A69	SUBJECT_PROCESS	0C51AAE3-0594-4A51-9405-4FC4214A0041	FILE_OBJECT_FILE	EVENT_READ	1523030872426109980
A8B2EAFA-39B4-11E8-BF66-D9AA8AFF4A69	SUBJECT_PROCESS	0C51AAE3-0594-4A51-9405-4FC4214A0041	FILE_OBJECT_FILE	EVENT_LSEEK	1523030872426109980
A8B2EAFA-39B4-11E8-BF66-D9AA8AFF4A69	SUBJECT_PROCESS	0C51AAE3-0594-4A51-9405-4FC4214A0041	FILE_OBJECT_FILE	EVENT_READ	1523030872426109980
A8B2EAFA-39B4-11E8-BF66-D9AA8AFF4A69	SUBJECT_PROCESS	0C51AAE3-0594-4A51-9405-4FC4214A0041	FILE_OBJECT_FILE	EVENT_LSEEK	1523030872426109980
A8B2EAFA-39B4-11E8-BF66-D9AA8AFF4A69	SUBJECT_PROCESS	0C51AAE3-0594-4A51-9405-4FC4214A0041	FILE_OBJECT_FILE	EVENT_READ	1523030872426109980
A8B2EAFA-39B4-11E8-BF66-D9AA8AFF4A69	SUBJECT_PROCESS	0C51AAE3-0594-4A51-9405-4FC4214A0041	FILE_OBJECT_FILE	EVENT_LSEEK	1523030872426109980
A8B2EAFA-39B4-11E8-BF66-D9AA8AFF4A69	SUBJECT_PROCESS	0C51AAE3-0594-4A51-9405-4FC4214A0041	FILE_OBJECT_FILE	EVENT_READ	1523030872436110070
A8B2EAFA-39B4-11E8-BF66-D9AA8AFF4A69	SUBJECT_PROCESS	0C51AAE3-0594-4A51-9405-4FC4214A0041	FILE_OBJECT_FILE	EVENT_LSEEK	1523030872436110070
A8B2EAFA-39B4-11E8-BF66-D9AA8AFF4A69	SUBJECT_PROCESS	0C51AAE3-0594-4A51-9405-4FC4214A0041	FILE_OBJECT_FILE	EVENT_READ	1523030872436110070
A8B2EAFA-39B4-11E8-BF66-D9AA8AFF4A69	SUBJECT_PROCESS	0C51AAE3-0594-4A51-9405-4FC4214A0041	FILE_OBJECT_FILE	EVENT_LSEEK	1523030872436110070
A8B2EAFA-39B4-11E8-BF66-D9AA8AFF4A69	SUBJECT_PROCESS	0C51AAE3-0594-4A51-9405-4FC4214A0041	FILE_OBJECT_FILE	EVENT_READ	1523030872436110070
A8B2EAFA-39B4-11E8-BF66-D9AA8AFF4A69	SUBJECT_PROCESS	0C51AAE3-0594-4A51-9405-4FC4214A0041	FILE_OBJECT_FILE	EVENT_LSEEK	1523030872436110070
A8B2EAFA-39B4-11E8-BF66-D9AA8AFF4A69	SUBJECT_PROCESS	0C51AAE3-0594-4A51-9405-4FC4214A0041	FILE_OBJECT_FILE	EVENT_READ	1523030872436110070
A8B2EAFA-39B4-11E8-BF66-D9AA8AFF4A69	SUBJECT_PROCESS	C53609B6-A912-B65B-92A9-B89E0BB6C2E1	FILE_OBJECT_FILE	EVENT_OPEN	1523030872436110070
A8B2EAFA-39B4-11E8-BF66-D9AA8AFF4A69	SUBJECT_PROCESS	C53609B6-A912-B65B-92A9-B89E0BB6C2E1	FILE_OBJECT_FILE	EVENT_READ	1523030872436110070
A8B2EAFA-39B4-11E8-BF66-D9AA8AFF4A69	SUBJECT_PROCESS	C53609B6-A912-B65B-92A9-B89E0BB6C2E1	FILE_OBJECT_FILE	EVENT_READ	1523030872436110070
A8B2EAFA-39B4-11E8-BF66-D9AA8AFF4A69	SUBJECT_PROCESS	C53609B6-A912-B65B-92A9-B89E0BB6C2E1	FILE_OBJECT_FILE	EVENT_READ	1523030872436110070
A8B2EAFA-39B4-11E8-BF66-D9AA8AFF4A69	SUBJECT_PROCESS	C53609B6-A912-B65B-92A9-B89E0BB6C2E1	FILE_OBJECT_FILE	EVENT_READ	1523030872436110070
A8B2EAFA-39B4-11E8-BF66-D9AA8AFF4A69	SUBJECT_PROCESS	C53609B6-A912-B65B-92A9-B89E0BB6C2E1	FILE_OBJECT_FILE	EVENT_READ	1523030872436110070
A8B2EAFA-39B4-11E8-BF66-D9AA8AFF4A69	SUBJECT_PROCESS	C53609B6-A912-B65B-92A9-B89E0BB6C2E1	FILE_OBJECT_FILE	EVENT_READ	1523030872436110070
A8B2EAFA-39B4-11E8-BF66-D9AA8AFF4A69	SUBJECT_PROCESS	C53609B6-A912-B65B-92A9-B89E0BB6C2E1	FILE_OBJECT_FILE	EVENT_READ	1523030872436110070
A8B2EAFA-39B4-11E8-BF66-D9AA8AFF4A69	SUBJECT_PROCESS	C53609B6-A912-B65B-92A9-B89E0BB6C2E1	FILE_OBJECT_FILE	EVENT_READ	1523030872436110070
A8B2EAFA-39B4-11E8-BF66-D9AA8AFF4A69	SUBJECT_PROCESS	C53609B6-A912-B65B-92A9-B89E0BB6C2E1	FILE_OBJECT_FILE	EVENT_READ	1523030872436110070
A8B2EAFA-39B4-11E8-BF66-D9AA8AFF4A69	SUBJECT_PROCESS	C53609B6-A912-B65B-92A9-B89E0BB6C2E1	FILE_OBJECT_FILE	EVENT_CLOSE	1523030872436110070
A8B2EAFA-39B4-11E8-BF66-D9AA8AFF4A69	SUBJECT_PROCESS	9F924E33-11DC-C954-9C11-ABA0F4C94D90	FILE_OBJECT_FILE	EVENT_OPEN	1523030872436110070
A8B2EAFA-39B4-11E8-BF66-D9AA8AFF4A69	SUBJECT_PROCESS	9F924E33-11DC-C954-9C11-ABA0F4C94D90	FILE_OBJECT_FILE	EVENT_READ	1523030872436110070
A8B2EAFA-39B4-11E8-BF66-D9AA8AFF4A69	SUBJECT_PROCESS	9F924E33-11DC-C954-9C11-ABA0F4C94D90	FILE_OBJECT_FILE	EVENT_READ	1523030872436110070
A8B2EAFA-39B4-11E8-BF66-D9AA8AFF4A69	SUBJECT_PROCESS	9F924E33-11DC-C954-9C11-ABA0F4C94D90	FILE_OBJECT_FILE	EVENT_CLOSE	1523030872436110070
A8B2EAFA-39B4-11E8-BF66-D9AA8AFF4A69	SUBJECT_PROCESS	C6372CCF-39E0-835A-A039-155BFA837272	FILE_OBJECT_FILE	EVENT_OPEN	1523030872436110070
A8B2EAFA-39B4-11E8-BF66-D9AA8AFF4A69	SUBJECT_PROCESS	C6372CCF-39E0-835A-A039-155BFA837272	FILE_OBJECT_FILE	EVENT_READ	1523030872436110070
A8B2EAFA-39B4-11E8-BF66-D9AA8AFF4A69	SUBJECT_PROCESS	C6372CCF-39E0-835A-A039-155BFA837272	FILE_OBJECT_FILE	EVENT_READ	1523030872436110070
A8B2EAFA-39B4-11E8-BF66-D9AA8AFF4A69	SUBJECT_PROCESS	C6372CCF-39E0-835A-A039-155BFA837272	FILE_OBJECT_FILE	EVENT_CLOSE	1523030872436110070
A8B2EAFA-39B4-11E8-BF66-D9AA8AFF4A69	SUBJECT_PROCESS	A8D8656F-39B4-11E8-BF66-D9AA8AFF4A69	NetFlowObject	EVENT_CONNECT	1523030872436110070
A8B2EAFA-39B4-11E8-BF66-D9AA8AFF4A69	SUBJECT_PROCESS	A8D8656F-39B4-11E8-BF66-D9AA8AFF4A69	NetFlowObject	EVENT_SENDTO	1523030872436110070
A8B2EAFA-39B4-11E8-BF66-D9AA8AFF4A69	SUBJECT_PROCESS	A8D8656F-39B4-11E8-BF66-D9AA8AFF4A69	NetFlowObject	EVENT_RECVFROM	1523030872446109111
A8B2EAFA-39B4-11E8-BF66-D9AA8AFF4A69	SUBJECT_PROCESS	A8D8656F-39B4-11E8-BF66-D9AA8AFF4A69	NetFlowObject	EVENT_CLOSE	1523030872446109111
A8B2EAFA-39B4-11E8-BF66-D9AA8AFF4A69	SUBJECT_PROCESS	2F088072-F622-7354-A2F6-2AA974734AA9	FILE_OBJECT_FILE	EVENT_OPEN	1523030872446109111
A8B2EAFA-39B4-11E8-BF66-D9AA8AFF4A69	SUBJECT_PROCESS	2F088072-F622-7354-A2F6-2AA974734AA9	FILE_OBJECT_FILE	EVENT_LSEEK	1523030872446109111
A8B2EAFA-39B4-11E8-BF66-D9AA8AFF4A69	SUBJECT_PROCESS	2F088072-F622-7354-A2F6-2AA974734AA9	FILE_OBJECT_FILE	EVENT_LSEEK	1523030872446109111
A8B2EAFA-39B4-11E8-BF66-D9AA8AFF4A69	SUBJECT_PROCESS	2F088072-F622-7354-A2F6-2AA974734AA9	FILE_OBJECT_FILE	EVENT_READ	1523030872446109111
A8B2EAFA-39B4-11E8-BF66-D9AA8AFF4A69	SUBJECT_PROCESS	2F088072-F622-7354-A2F6-2AA974734AA9	FILE_OBJECT_FILE	EVENT_READ	1523030872446109111
A8B2EAFA-39B4-11E8-BF66-D9AA8AFF4A69	SUBJECT_PROCESS	2F088072-F622-7354-A2F6-2AA974734AA9	FILE_OBJECT_FILE	EVENT_READ	1523030872446109111
A8B2EAFA-39B4-11E8-BF66-D9AA8AFF4A69	SUBJECT_PROCESS	2F088072-F622-7354-A2F6-2AA974734AA9	FILE_OBJECT_FILE	EVENT_READ	1523030872446109111
A8B2EAFA-39B4-11E8-BF66-D9AA8AFF4A69	SUBJECT_PROCESS	2F088072-F622-7354-A2F6-2AA974734AA9	FILE_OBJECT_FILE	EVENT_CLOSE	1523030872446109111
A8B2EAFA-39B4-11E8-BF66-D9AA8AFF4A69	SUBJECT_PROCESS	C6372CCF-39E0-835A-A039-155BFA837272	FILE_OBJECT_FILE	EVENT_OPEN	1523030872446109111
A8B2EAFA-39B4-11E8-BF66-D9AA8AFF4A69	SUBJECT_PROCESS	C6372CCF-39E0-835A-A039-155BFA837272	FILE_OBJECT_FILE	EVENT_READ	1523030872446109111
A8B2EAFA-39B4-11E8-BF66-D9AA8AFF4A69	SUBJECT_PROCESS	C6372CCF-39E0-835A-A039-155BFA837272	FILE_OBJECT_FILE	EVENT_CLOSE	1523030872446109111
A8B2EAFA-39B4-11E8-BF66-D9AA8AFF4A69	SUBJECT_PROCESS	2F088072-F622-7354-A2F6-2AA974734AA9	FILE_OBJECT_FILE	EVENT_OPEN	1523030872446109111
A8B2EAFA-39B4-11E8-BF66-D9AA8AFF4A69	SUBJECT_PROCESS	2F088072-F622-7354-A2F6-2AA974734AA9	FILE_OBJECT_FILE	EVENT_LSEEK	1523030872446109111
A8B2EAFA-39B4-11E8-BF66-D9AA8AFF4A69	SUBJECT_PROCESS	2F088072-F622-7354-A2F6-2AA974734AA9	FILE_OBJECT_FILE	EVENT_LSEEK	1523030872446109111
A8B2EAFA-39B4-11E8-BF66-D9AA8AFF4A69	SUBJECT_PROCESS	2F088072-F622-7354-A2F6-2AA974734AA9	FILE_OBJECT_FILE	EVENT_READ	1523030872446109111
A8B2EAFA-39B4-11E8-BF66-D9AA8AFF4A69	SUBJECT_PROCESS	2F088072-F622-7354-A2F6-2AA974734AA9	FILE_OBJECT_FILE	EVENT_READ	1523030872446109111
A8B2EAFA-39B4-11E8-BF66-D9AA8AFF4A69	SUBJECT_PROCESS	2F088072-F622-7354-A2F6-2AA974734AA9	FILE_OBJECT_FILE	EVENT_READ	1523030872446109111
A8B2EAFA-39B4-11E8-BF66-D9AA8AFF4A69	SUBJECT_PROCESS	2F088072-F622-7354-A2F6-2AA974734AA9	FILE_OBJECT_FILE	EVENT_READ	1523030872446109111
A8B2EAFA-39B4-11E8-BF66-D9AA8AFF4A69	SUBJECT_PROCESS	2F088072-F622-7354-A2F6-2AA974734AA9	FILE_OBJECT_FILE	EVENT_CLOSE	1523030872446109111
A8B2EAFA-39B4-11E8-BF66-D9AA8AFF4A69	SUBJECT_PROCESS	2F088072-F622-7354-A2F6-2AA974734AA9	FILE_OBJECT_FILE	EVENT_OPEN	1523030872446109111
A8B2EAFA-39B4-11E8-BF66-D9AA8AFF4A69	SUBJECT_PROCESS	2F088072-F622-7354-A2F6-2AA974734AA9	FILE_OBJECT_FILE	EVENT_LSEEK	1523030872446109111
A8B2EAFA-39B4-11E8-BF66-D9AA8AFF4A69	SUBJECT_PROCESS	2F088072-F622-7354-A2F6-2AA974734AA9	FILE_OBJECT_FILE	EVENT_LSEEK	1523030872446109111
A8B2EAFA-39B4-11E8-BF66-D9AA8AFF4A69	SUBJECT_PROCESS	2F088072-F622-7354-A2F6-2AA974734AA9	FILE_OBJECT_FILE	EVENT_READ	1523030872446109111
A8B2EAFA-39B4-11E8-BF66-D9AA8AFF4A69	SUBJECT_PROCESS	2F088072-F622-7354-A2F6-2AA974734AA9	FILE_OBJECT_FILE	EVENT_READ	1523030872446109111
A8B2EAFA-39B4-11E8-BF66-D9AA8AFF4A69	SUBJECT_PROCESS	2F088072-F622-7354-A2F6-2AA974734AA9	FILE_OBJECT_FILE	EVENT_READ	1523030872456108872
A8B2EAFA-39B4-11E8-BF66-D9AA8AFF4A69	SUBJECT_PROCESS	2F088072-F622-7354-A2F6-2AA974734AA9	FILE_OBJECT_FILE	EVENT_READ	1523030872456108872
A8B2EAFA-39B4-11E8-BF66-D9AA8AFF4A69	SUBJECT_PROCESS	2F088072-F622-7354-A2F6-2AA974734AA9	FILE_OBJECT_FILE	EVENT_CLOSE	1523030872456108872
A8B2EAFA-39B4-11E8-BF66-D9AA8AFF4A69	SUBJECT_PROCESS	C6372CCF-39E0-835A-A039-155BFA837272	FILE_OBJECT_FILE	EVENT_OPEN	1523030872456108872
A8B2EAFA-39B4-11E8-BF66-D9AA8AFF4A69	SUBJECT_PROCESS	C6372CCF-39E0-835A-A039-155BFA837272	FILE_OBJECT_FILE	EVENT_READ	1523030872456108872
A8B2EAFA-39B4-11E8-BF66-D9AA8AFF4A69	SUBJECT_PROCESS	C6372CCF-39E0-835A-A039-155BFA837272	FILE_OBJECT_FILE	EVENT_CLOSE	1523030872456108872
A8B2EAFA-39B4-11E8-BF66-D9AA8AFF4A69	SUBJECT_PROCESS	2F088072-F622-7354-A2F6-2AA974734AA9	FILE_OBJECT_FILE	EVENT_OPEN	1523030872456108872
A8B2EAFA-39B4-11E8-BF66-D9AA8AFF4A69	SUBJECT_PROCESS	2F088072-F622-7354-A2F6-2AA974734AA9	FILE_OBJECT_FILE	EVENT_LSEEK	1523030872456108872
A8B2EAFA-39B4-11E8-BF66-D9AA8AFF4A69	SUBJECT_PROCESS	2F088072-F622-7354-A2F6-2AA974734AA9	FILE_OBJECT_FILE	EVENT_LSEEK	1523030872456108872
A8B2EAFA-39B4-11E8-BF66-D9AA8AFF4A69	SUBJECT_PROCESS	2F088072-F622-7354-A2F6-2AA974734AA9	FILE_OBJECT_FILE	EVENT_READ	1523030872456108872
A8B2EAFA-39B4-11E8-BF66-D9AA8AFF4A69	SUBJECT_PROCESS	2F088072-F622-7354-A2F6-2AA974734AA9	FILE_OBJECT_FILE	EVENT_READ	1523030872456108872
A8B2EAFA-39B4-11E8-BF66-D9AA8AFF4A69	SUBJECT_PROCESS	2F088072-F622-7354-A2F6-2AA974734AA9	FILE_OBJECT_FILE	EVENT_READ	1523030872456108872
A8B2EAFA-39B4-11E8-BF66-D9AA8AFF4A69	SUBJECT_PROCESS	2F088072-F622-7354-A2F6-2AA974734AA9	FILE_OBJECT_FILE	EVENT_READ	1523030872456108872
A8B2EAFA-39B4-11E8-BF66-D9AA8AFF4A69	SUBJECT_PROCESS	2F088072-F622-7354-A2F6-2AA974734AA9	FILE_OBJECT_FILE	EVENT_CLOSE	1523030872456108872
A8B2EAFA-39B4-11E8-BF66-D9AA8AFF4A69	SUBJECT_PROCESS	C6372CCF-39E0-835A-A039-155BFA837272	FILE_OBJECT_FILE	EVENT_OPEN	1523030872456108872
A8B2EAFA-39B4-11E8-BF66-D9AA8AFF4A69	SUBJECT_PROCESS	C6372CCF-39E0-835A-A039-155BFA837272	FILE_OBJECT_FILE	EVENT_READ	1523030872456108872
A8B2EAFA-39B4-11E8-BF66-D9AA8AFF4A69	SUBJECT_PROCESS	C6372CCF-39E0-835A-A039-155BFA837272	FILE_OBJECT_FILE	EVENT_CLOSE	1523030872456108872
A8B2EAFA-39B4-11E8-BF66-D9AA8AFF4A69	SUBJECT_PROCESS	2F088072-F622-7354-A2F6-2AA974734AA9	FILE_OBJECT_FILE	EVENT_OPEN	1523030872456108872
A8B2EAFA-39B4-11E8-BF66-D9AA8AFF4A69	SUBJECT_PROCESS	2F088072-F622-7354-A2F6-2AA974734AA9	FILE_OBJECT_FILE	EVENT_LSEEK	1523030872456108872
A8B2EAFA-39B4-11E8-BF66-D9AA8AFF4A69	SUBJECT_PROCESS	2F088072-F622-7354-A2F6-2AA974734AA9	FILE_OBJECT_FILE	EVENT_LSEEK	1523030872456108872
A8B2EAFA-39B4-11E8-BF66-D9AA8AFF4A69	SUBJECT_PROCESS	2F088072-F622-7354-A2F6-2AA974734AA9	FILE_OBJECT_FILE	EVENT_READ	1523030872456108872
A8B2EAFA-39B4-11E8-BF66-D9AA8AFF4A69	SUBJECT_PROCESS	2F088072-F622-7354-A2F6-2AA974734AA9	FILE_OBJECT_FILE	EVENT_READ	1523030872456108872
A8B2EAFA-39B4-11E8-BF66-D9AA8AFF4A69	SUBJECT_PROCESS	2F088072-F622-7354-A2F6-2AA974734AA9	FILE_OBJECT_FILE	EVENT_READ	1523030872456108872
A8B2EAFA-39B4-11E8-BF66-D9AA8AFF4A69	SUBJECT_PROCESS	2F088072-F622-7354-A2F6-2AA974734AA9	FILE_OBJECT_FILE	EVENT_READ	1523030872456108872
A8B2EAFA-39B4-11E8-BF66-D9AA8AFF4A69	SUBJECT_PROCESS	2F088072-F622-7354-A2F6-2AA974734AA9	FILE_OBJECT_FILE	EVENT_CLOSE	1523030872456108872
A8B2EAFA-39B4-11E8-BF66-D9AA8AFF4A69	SUBJECT_PROCESS	C6372CCF-39E0-835A-A039-155BFA837272	FILE_OBJECT_FILE	EVENT_OPEN	1523030872456108872
A8B2EAFA-39B4-11E8-BF66-D9AA8AFF4A69	SUBJECT_PROCESS	C6372CCF-39E0-835A-A039-155BFA837272	FILE_OBJECT_FILE	EVENT_READ	1523030872456108872
A8B2EAFA-39B4-11E8-BF66-D9AA8AFF4A69	SUBJECT_PROCESS	C6372CCF-39E0-835A-A039-155BFA837272	FILE_OBJECT_FILE	EVENT_CLOSE	1523030872466110723
A8B2EAFA-39B4-11E8-BF66-D9AA8AFF4A69	SUBJECT_PROCESS	2F088072-F622-7354-A2F6-2AA974734AA9	FILE_OBJECT_FILE	EVENT_OPEN	1523030872466110723
A8B2EAFA-39B4-11E8-BF66-D9AA8AFF4A69	SUBJECT_PROCESS	2F088072-F622-7354-A2F6-2AA974734AA9	FILE_OBJECT_FILE	EVENT_LSEEK	1523030872466110723
A8B2EAFA-39B4-11E8-BF66-D9AA8AFF4A69	SUBJECT_PROCESS	2F088072-F622-7354-A2F6-2AA974734AA9	FILE_OBJECT_FILE	EVENT_LSEEK	1523030872466110723
A8B2EAFA-39B4-11E8-BF66-D9AA8AFF4A69	SUBJECT_PROCESS	2F088072-F622-7354-A2F6-2AA974734AA9	FILE_OBJECT_FILE	EVENT_READ	1523030872466110723
A8B2EAFA-39B4-11E8-BF66-D9AA8AFF4A69	SUBJECT_PROCESS	2F088072-F622-7354-A2F6-2AA974734AA9	FILE_OBJECT_FILE	EVENT_READ	1523030872466110723
A8B2EAFA-39B4-11E8-BF66-D9AA8AFF4A69	SUBJECT_PROCESS	2F088072-F622-7354-A2F6-2AA974734AA9	FILE_OBJECT_FILE	EVENT_READ	1523030872466110723
A8B2EAFA-39B4-11E8-BF66-D9AA8AFF4A69	SUBJECT_PROCESS	2F088072-F622-7354-A2F6-2AA974734AA9	FILE_OBJECT_FILE	EVENT_READ	1523030872466110723
A8B2EAFA-39B4-11E8-BF66-D9AA8AFF4A69	SUBJECT_PROCESS	2F088072-F622-7354-A2F6-2AA974734AA9	FILE_OBJECT_FILE	EVENT_CLOSE	1523030872466110723
A8B2EAFA-39B4-11E8-BF66-D9AA8AFF4A69	SUBJECT_PROCESS	2F088072-F622-7354-A2F6-2AA974734AA9	FILE_OBJECT_FILE	EVENT_OPEN	1523030872466110723
A8B2EAFA-39B4-11E8-BF66-D9AA8AFF4A69	SUBJECT_PROCESS	2F088072-F622-7354-A2F6-2AA974734AA9	FILE_OBJECT_FILE	EVENT_LSEEK	1523030872466110723
A8B2EAFA-39B4-11E8-BF66-D9AA8AFF4A69	SUBJECT_PROCESS	2F088072-F622-7354-A2F6-2AA974734AA9	FILE_OBJECT_FILE	EVENT_LSEEK	1523030872466110723
A8B2EAFA-39B4-11E8-BF66-D9AA8AFF4A69	SUBJECT_PROCESS	2F088072-F622-7354-A2F6-2AA974734AA9	FILE_OBJECT_FILE	EVENT_READ	1523030872466110723
A8B2EAFA-39B4-11E8-BF66-D9AA8AFF4A69	SUBJECT_PROCESS	2F088072-F622-7354-A2F6-2AA974734AA9	FILE_OBJECT_FILE	EVENT_READ	1523030872466110723
A8B2EAFA-39B4-11E8-BF66-D9AA8AFF4A69	SUBJECT_PROCESS	2F088072-F622-7354-A2F6-2AA974734AA9	FILE_OBJECT_FILE	EVENT_READ	1523030872466110723
A8B2EAFA-39B4-11E8-BF66-D9AA8AFF4A69	SUBJECT_PROCESS	2F088072-F622-7354-A2F6-2AA974734AA9	FILE_OBJECT_FILE	EVENT_READ	1523030872466110723
A8B2EAFA-39B4-11E8-BF66-D9AA8AFF4A69	SUBJECT_PROCESS	2F088072-F622-7354-A2F6-2AA974734AA9	FILE_OBJECT_FILE	EVENT_CLOSE	1523030872466110723
A8B2EAFA-39B4-11E8-BF66-D9AA8AFF4A69	SUBJECT_PROCESS	C6372CCF-39E0-835A-A039-155BFA837272	FILE_OBJECT_FILE	EVENT_OPEN	1523030872466110723
A8B2EAFA-39B4-11E8-BF66-D9AA8AFF4A69	SUBJECT_PROCESS	C6372CCF-39E0-835A-A039-155BFA837272	FILE_OBJECT_FILE	EVENT_READ	1523030872466110723
A8B2EAFA-39B4-11E8-BF66-D9AA8AFF4A69	SUBJECT_PROCESS	C6372CCF-39E0-835A-A039-155BFA837272	FILE_OBJECT_FILE	EVENT_CLOSE	1523030872466110723
A8B2EAFA-39B4-11E8-BF66-D9AA8AFF4A69	SUBJECT_PROCESS	2F088072-F622-7354-A2F6-2AA974734AA9	FILE_OBJECT_FILE	EVENT_OPEN	1523030872466110723
A8B2EAFA-39B4-11E8-BF66-D9AA8AFF4A69	SUBJECT_PROCESS	2F088072-F622-7354-A2F6-2AA974734AA9	FILE_OBJECT_FILE	EVENT_LSEEK	1523030872466110723
A8B2EAFA-39B4-11E8-BF66-D9AA8AFF4A69	SUBJECT_PROCESS	2F088072-F622-7354-A2F6-2AA974734AA9	FILE_OBJECT_FILE	EVENT_LSEEK	1523030872466110723
A8B2EAFA-39B4-11E8-BF66-D9AA8AFF4A69	SUBJECT_PROCESS	2F088072-F622-7354-A2F6-2AA974734AA9	FILE_OBJECT_FILE	EVENT_READ	1523030872466110723
A8B2EAFA-39B4-11E8-BF66-D9AA8AFF4A69	SUBJECT_PROCESS	2F088072-F622-7354-A2F6-2AA974734AA9	FILE_OBJECT_FILE	EVENT_READ	1523030872466110723
A8B2EAFA-39B4-11E8-BF66-D9AA8AFF4A69	SUBJECT_PROCESS	2F088072-F622-7354-A2F6-2AA974734AA9	FILE_OBJECT_FILE	EVENT_READ	1523030872466110723
A8B2EAFA-39B4-11E8-BF66-D9AA8AFF4A69	SUBJECT_PROCESS	2F088072-F622-7354-A2F6-2AA974734AA9	FILE_OBJECT_FILE	EVENT_READ	1523030872476110183
A8B2EAFA-39B4-11E8-BF66-D9AA8AFF4A69	SUBJECT_PROCESS	2F088072-F622-7354-A2F6-2AA974734AA9	FILE_OBJECT_FILE	EVENT_CLOSE	1523030872476110183
A8B2EAFA-39B4-11E8-BF66-D9AA8AFF4A69	SUBJECT_PROCESS	C6372CCF-39E0-835A-A039-155BFA837272	FILE_OBJECT_FILE	EVENT_OPEN	1523030872476110183
A8B2EAFA-39B4-11E8-BF66-D9AA8AFF4A69	SUBJECT_PROCESS	C6372CCF-39E0-835A-A039-155BFA837272	FILE_OBJECT_FILE	EVENT_READ	1523030872476110183
A8B2EAFA-39B4-11E8-BF66-D9AA8AFF4A69	SUBJECT_PROCESS	C6372CCF-39E0-835A-A039-155BFA837272	FILE_OBJECT_FILE	EVENT_CLOSE	1523030872476110183
A8B2EAFA-39B4-11E8-BF66-D9AA8AFF4A69	SUBJECT_PROCESS	DB1A5421-4509-D15D-8945-9F45CDD1A77E	FILE_OBJECT_FILE	EVENT_WRITE	1523030872476110183
A8B2EAFA-39B4-11E8-BF66-D9AA8AFF4A69	SUBJECT_PROCESS	A8B2EAFA-39B4-11E8-BF66-D9AA8AFF4A69	SUBJECT_PROCESS	EVENT_EXIT	1523030872476110183
D59C58B7-373D-11E8-BF66-D9AA8AFF4A69	SUBJECT_PROCESS	A8DD9948-39B4-11E8-BF66-D9AA8AFF4A69	SUBJECT_PROCESS	EVENT_FORK	1523030872476110183
A8DD9948-39B4-11E8-BF66-D9AA8AFF4A69	SUBJECT_PROCESS	CC349957-3DA4-8E5E-A43D-C7740E8ECAA9	FILE_OBJECT_FILE	EVENT_CLOSE	1523030872476110183
A8DD9948-39B4-11E8-BF66-D9AA8AFF4A69	SUBJECT_PROCESS	6C836AA2-BB54-3A58-94BB-1E5D583A637E	FILE_OBJECT_FILE	EVENT_EXECUTE	1523030872476110183
A8DD9948-39B4-11E8-BF66-D9AA8AFF4A69	SUBJECT_PROCESS	7A350F75-9945-425D-8599-15CEBD426F06	FILE_OBJECT_FILE	EVENT_EXECUTE	1523030872476110183
A8DD9948-39B4-11E8-BF66-D9AA8AFF4A69	SUBJECT_PROCESS	51110606-D232-9652-B2D2-3A7242968F8A	FILE_OBJECT_FILE	EVENT_OPEN	1523030872476110183
A8DD9948-39B4-11E8-BF66-D9AA8AFF4A69	SUBJECT_PROCESS	51110606-D232-9652-B2D2-3A7242968F8A	FILE_OBJECT_FILE	EVENT_READ	1523030872476110183
A8DD9948-39B4-11E8-BF66-D9AA8AFF4A69	SUBJECT_PROCESS	51110606-D232-9652-B2D2-3A7242968F8A	FILE_OBJECT_FILE	EVENT_CLOSE	1523030872476110183
A8DD9948-39B4-11E8-BF66-D9AA8AFF4A69	SUBJECT_PROCESS	8A44F292-648B-7854-8B64-00F954785A79	FILE_OBJECT_FILE	EVENT_OPEN	1523030872476110183
A8DD9948-39B4-11E8-BF66-D9AA8AFF4A69	SUBJECT_PROCESS	8A44F292-648B-7854-8B64-00F954785A79	FILE_OBJECT_FILE	EVENT_READ	1523030872476110183
A8DD9948-39B4-11E8-BF66-D9AA8AFF4A69	SUBJECT_PROCESS	8A44F292-648B-7854-8B64-00F954785A79	FILE_OBJECT_FILE	EVENT_READ	1523030872476110183
A8DD9948-39B4-11E8-BF66-D9AA8AFF4A69	SUBJECT_PROCESS	8A44F292-648B-7854-8B64-00F954785A79	FILE_OBJECT_FILE	EVENT_CLOSE	1523030872476110183
A8DD9948-39B4-11E8-BF66-D9AA8AFF4A69	SUBJECT_PROCESS	76A739B1-A13E-FD50-BEA1-B218A0FD0400	FILE_OBJECT_FILE	EVENT_OPEN	1523030872476110183
A8DD9948-39B4-11E8-BF66-D9AA8AFF4A69	SUBJECT_PROCESS	76A739B1-A13E-FD50-BEA1-B218A0FD0400	FILE_OBJECT_FILE	EVENT_MMAP	1523030872476110183
A8DD9948-39B4-11E8-BF66-D9AA8AFF4A69	SUBJECT_PROCESS	76A739B1-A13E-FD50-BEA1-B218A0FD0400	FILE_OBJECT_FILE	EVENT_MMAP	1523030872476110183
A8DD9948-39B4-11E8-BF66-D9AA8AFF4A69	SUBJECT_PROCESS	76A739B1-A13E-FD50-BEA1-B218A0FD0400	FILE_OBJECT_FILE	EVENT_MMAP	1523030872476110183
A8DD9948-39B4-11E8-BF66-D9AA8AFF4A69	SUBJECT_PROCESS	76A739B1-A13E-FD50-BEA1-B218A0FD0400	FILE_OBJECT_FILE	EVENT_MMAP	1523030872476110183
A8DD9948-39B4-11E8-BF66-D9AA8AFF4A69	SUBJECT_PROCESS	76A739B1-A13E-FD50-BEA1-B218A0FD0400	FILE_OBJECT_FILE	EVENT_MMAP	1523030872476110183
A8DD9948-39B4-11E8-BF66-D9AA8AFF4A69	SUBJECT_PROCESS	76A739B1-A13E-FD50-BEA1-B218A0FD0400	FILE_OBJECT_FILE	EVENT_MMAP	1523030872476110183
A8DD9948-39B4-11E8-BF66-D9AA8AFF4A69	SUBJECT_PROCESS	76A739B1-A13E-FD50-BEA1-B218A0FD0400	FILE_OBJECT_FILE	EVENT_CLOSE	1523030872476110183
A8DD9948-39B4-11E8-BF66-D9AA8AFF4A69	SUBJECT_PROCESS	F410BE96-4C0C-765E-8C4C-6F0E2E760020	FILE_OBJECT_FILE	EVENT_OPEN	1523030872476110183
A8DD9948-39B4-11E8-BF66-D9AA8AFF4A69	SUBJECT_PROCESS	F410BE96-4C0C-765E-8C4C-6F0E2E760020	FILE_OBJECT_FILE	EVENT_MMAP	1523030872476110183
A8DD9948-39B4-11E8-BF66-D9AA8AFF4A69	SUBJECT_PROCESS	F410BE96-4C0C-765E-8C4C-6F0E2E760020	FILE_OBJECT_FILE	EVENT_MMAP	1523030872486112694
A8DD9948-39B4-11E8-BF66-D9AA8AFF4A69	SUBJECT_PROCESS	F410BE96-4C0C-765E-8C4C-6F0E2E760020	FILE_OBJECT_FILE	EVENT_CLOSE	1523030872486112694
72FB0406-3678-11E8-BF66-D9AA8AFF4A69	SUBJECT_PROCESS	A8774F9E-39B4-11E8-BF66-D9AA8AFF4A69	FILE_OBJECT_UNIX_SOCKET	EVENT_CLOSE	1523030872806108850
72FB0406-3678-11E8-BF66-D9AA8AFF4A69	SUBJECT_PROCESS	A8775005-39B4-11E8-BF66-D9AA8AFF4A69	FILE_OBJECT_UNIX_SOCKET	EVENT_CLOSE	1523030872806108850
72FB0406-3678-11E8-BF66-D9AA8AFF4A69	SUBJECT_PROCESS	A90FC082-39B4-11E8-BF66-D9AA8AFF4A69	FILE_OBJECT_UNIX_SOCKET	EVENT_CREATE_OBJECT	1523030872806108850
72FB0406-3678-11E8-BF66-D9AA8AFF4A69	SUBJECT_PROCESS	A90FC117-39B4-11E8-BF66-D9AA8AFF4A69	FILE_OBJECT_UNIX_SOCKET	EVENT_CREATE_OBJECT	1523030872806108850
72FB0406-3678-11E8-BF66-D9AA8AFF4A69	SUBJECT_PROCESS	A90FC082-39B4-11E8-BF66-D9AA8AFF4A69	FILE_OBJECT_UNIX_SOCKET	EVENT_CLOSE	1523030873816107440
72FB0406-3678-11E8-BF66-D9AA8AFF4A69	SUBJECT_PROCESS	A90FC117-39B4-11E8-BF66-D9AA8AFF4A69	FILE_OBJECT_UNIX_SOCKET	EVENT_CLOSE	1523030873816107440
72FB0406-3678-11E8-BF66-D9AA8AFF4A69	SUBJECT_PROCESS	A9AA12CF-39B4-11E8-BF66-D9AA8AFF4A69	FILE_OBJECT_UNIX_SOCKET	EVENT_CREATE_OBJECT	1523030873816107440
72FB0406-3678-11E8-BF66-D9AA8AFF4A69	SUBJECT_PROCESS	A9AA13BE-39B4-11E8-BF66-D9AA8AFF4A69	FILE_OBJECT_UNIX_SOCKET	EVENT_CREATE_OBJECT	1523030873816107440
94ED0D0E-39B4-11E8-BF66-D9AA8AFF4A69	SUBJECT_PROCESS	17797A5B-A3BC-8450-BCA3-FD703084DDDB	FILE_OBJECT_FILE	EVENT_READ	1523030874156108507
94ED0D0E-39B4-11E8-BF66-D9AA8AFF4A69	SUBJECT_PROCESS	17797A5B-A3BC-8450-BCA3-FD703084DDDB	FILE_OBJECT_FILE	EVENT_READ	1523030874156108507
94ED0D0E-39B4-11E8-BF66-D9AA8AFF4A69	SUBJECT_PROCESS	17797A5B-A3BC-8450-BCA3-FD703084DDDB	FILE_OBJECT_FILE	EVENT_READ	1523030874156108507
94ED0D0E-39B4-11E8-BF66-D9AA8AFF4A69	SUBJECT_PROCESS	17797A5B-A3BC-8450-BCA3-FD703084DDDB	FILE_OBJECT_FILE	EVENT_WRITE	1523030874156108507
72FB0406-3678-11E8-BF66-D9AA8AFF4A69	SUBJECT_PROCESS	A9AA12CF-39B4-11E8-BF66-D9AA8AFF4A69	FILE_OBJECT_UNIX_SOCKET	EVENT_CLOSE	1523030874806110939
72FB0406-3678-11E8-BF66-D9AA8AFF4A69	SUBJECT_PROCESS	A9AA13BE-39B4-11E8-BF66-D9AA8AFF4A69	FILE_OBJECT_UNIX_SOCKET	EVENT_CLOSE	1523030874806110939
72FB0406-3678-11E8-BF66-D9AA8AFF4A69	SUBJECT_PROCESS	AA40F760-39B4-11E8-BF66-D9AA8AFF4A69	FILE_OBJECT_UNIX_SOCKET	EVENT_CREATE_OBJECT	1523030874806110939
72FB0406-3678-11E8-BF66-D9AA8AFF4A69	SUBJECT_PROCESS	AA40F7CC-39B4-11E8-BF66-D9AA8AFF4A69	FILE_OBJECT_UNIX_SOCKET	EVENT_CREATE_OBJECT	1523030874806110939
94ED0D0E-39B4-11E8-BF66-D9AA8AFF4A69	SUBJECT_PROCESS	17797A5B-A3BC-8450-BCA3-FD703084DDDB	FILE_OBJECT_FILE	EVENT_READ	1523030874806110939
94ED0D0E-39B4-11E8-BF66-D9AA8AFF4A69	SUBJECT_PROCESS	17797A5B-A3BC-8450-BCA3-FD703084DDDB	FILE_OBJECT_FILE	EVENT_WRITE	1523030874806110939
94ED0D0E-39B4-11E8-BF66-D9AA8AFF4A69	SUBJECT_PROCESS	17797A5B-A3BC-8450-BCA3-FD703084DDDB	FILE_OBJECT_FILE	EVENT_READ	1523030875526110156
94ED0D0E-39B4-11E8-BF66-D9AA8AFF4A69	SUBJECT_PROCESS	17797A5B-A3BC-8450-BCA3-FD703084DDDB	FILE_OBJECT_FILE	EVENT_WRITE	1523030875526110156
94ED0D0E-39B4-11E8-BF66-D9AA8AFF4A69	SUBJECT_PROCESS	17797A5B-A3BC-8450-BCA3-FD703084DDDB	FILE_OBJECT_FILE	EVENT_READ	1523030875756109454
94ED0D0E-39B4-11E8-BF66-D9AA8AFF4A69	SUBJECT_PROCESS	17797A5B-A3BC-8450-BCA3-FD703084DDDB	FILE_OBJECT_FILE	EVENT_WRITE	1523030875756109454
72FB0406-3678-11E8-BF66-D9AA8AFF4A69	SUBJECT_PROCESS	AA40F760-39B4-11E8-BF66-D9AA8AFF4A69	FILE_OBJECT_UNIX_SOCKET	EVENT_CLOSE	1523030875806111318
72FB0406-3678-11E8-BF66-D9AA8AFF4A69	SUBJECT_PROCESS	AA40F7CC-39B4-11E8-BF66-D9AA8AFF4A69	FILE_OBJECT_UNIX_SOCKET	EVENT_CLOSE	1523030875806111318
72FB0406-3678-11E8-BF66-D9AA8AFF4A69	SUBJECT_PROCESS	AAD99EAE-39B4-11E8-BF66-D9AA8AFF4A69	FILE_OBJECT_UNIX_SOCKET	EVENT_CREATE_OBJECT	1523030875806111318
72FB0406-3678-11E8-BF66-D9AA8AFF4A69	SUBJECT_PROCESS	AAD99F12-39B4-11E8-BF66-D9AA8AFF4A69	FILE_OBJECT_UNIX_SOCKET	EVENT_CREATE_OBJECT	1523030875806111318
72FB0406-3678-11E8-BF66-D9AA8AFF4A69	SUBJECT_PROCESS	AAD99EAE-39B4-11E8-BF66-D9AA8AFF4A69	FILE_OBJECT_UNIX_SOCKET	EVENT_CLOSE	1523030876806107788
72FB0406-3678-11E8-BF66-D9AA8AFF4A69	SUBJECT_PROCESS	AAD99F12-39B4-11E8-BF66-D9AA8AFF4A69	FILE_OBJECT_UNIX_SOCKET	EVENT_CLOSE	1523030876806107788
72FB0406-3678-11E8-BF66-D9AA8AFF4A69	SUBJECT_PROCESS	AB724091-39B4-11E8-BF66-D9AA8AFF4A69	FILE_OBJECT_UNIX_SOCKET	EVENT_CREATE_OBJECT	1523030876806107788
72FB0406-3678-11E8-BF66-D9AA8AFF4A69	SUBJECT_PROCESS	AB7240FA-39B4-11E8-BF66-D9AA8AFF4A69	FILE_OBJECT_UNIX_SOCKET	EVENT_CREATE_OBJECT	1523030876806107788
94ED0D0E-39B4-11E8-BF66-D9AA8AFF4A69	SUBJECT_PROCESS	17797A5B-A3BC-8450-BCA3-FD703084DDDB	FILE_OBJECT_FILE	EVENT_READ	1523030877246110143
94ED0D0E-39B4-11E8-BF66-D9AA8AFF4A69	SUBJECT_PROCESS	17797A5B-A3BC-8450-BCA3-FD703084DDDB	FILE_OBJECT_FILE	EVENT_WRITE	1523030877246110143
72FB0406-3678-11E8-BF66-D9AA8AFF4A69	SUBJECT_PROCESS	AB724091-39B4-11E8-BF66-D9AA8AFF4A69	FILE_OBJECT_UNIX_SOCKET	EVENT_CLOSE	1523030877816107728
72FB0406-3678-11E8-BF66-D9AA8AFF4A69	SUBJECT_PROCESS	AB7240FA-39B4-11E8-BF66-D9AA8AFF4A69	FILE_OBJECT_UNIX_SOCKET	EVENT_CLOSE	1523030877816107728
72FB0406-3678-11E8-BF66-D9AA8AFF4A69	SUBJECT_PROCESS	AC0C71C0-39B4-11E8-BF66-D9AA8AFF4A69	FILE_OBJECT_UNIX_SOCKET	EVENT_CREATE_OBJECT	1523030877816107728
72FB0406-3678-11E8-BF66-D9AA8AFF4A69	SUBJECT_PROCESS	AC0C725A-39B4-11E8-BF66-D9AA8AFF4A69	FILE_OBJECT_UNIX_SOCKET	EVENT_CREATE_OBJECT	1523030877816107728
94ED0D0E-39B4-11E8-BF66-D9AA8AFF4A69	SUBJECT_PROCESS	17797A5B-A3BC-8450-BCA3-FD703084DDDB	FILE_OBJECT_FILE	EVENT_READ	1523030877886109863
94ED0D0E-39B4-11E8-BF66-D9AA8AFF4A69	SUBJECT_PROCESS	17797A5B-A3BC-8450-BCA3-FD703084DDDB	FILE_OBJECT_FILE	EVENT_WRITE	1523030877886109863
94ED0D0E-39B4-11E8-BF66-D9AA8AFF4A69	SUBJECT_PROCESS	17797A5B-A3BC-8450-BCA3-FD703084DDDB	FILE_OBJECT_FILE	EVENT_READ	1523030878616106641
94ED0D0E-39B4-11E8-BF66-D9AA8AFF4A69	SUBJECT_PROCESS	17797A5B-A3BC-8450-BCA3-FD703084DDDB	FILE_OBJECT_FILE	EVENT_WRITE	1523030878616106641
94ED0D0E-39B4-11E8-BF66-D9AA8AFF4A69	SUBJECT_PROCESS	17797A5B-A3BC-8450-BCA3-FD703084DDDB	FILE_OBJECT_FILE	EVENT_READ	1523030878746108752
94ED0D0E-39B4-11E8-BF66-D9AA8AFF4A69	SUBJECT_PROCESS	17797A5B-A3BC-8450-BCA3-FD703084DDDB	FILE_OBJECT_FILE	EVENT_WRITE	1523030878746108752
72FB0406-3678-11E8-BF66-D9AA8AFF4A69	SUBJECT_PROCESS	AC0C71C0-39B4-11E8-BF66-D9AA8AFF4A69	FILE_OBJECT_UNIX_SOCKET	EVENT_CLOSE	1523030878806108386
72FB0406-3678-11E8-BF66-D9AA8AFF4A69	SUBJECT_PROCESS	AC0C725A-39B4-11E8-BF66-D9AA8AFF4A69	FILE_OBJECT_UNIX_SOCKET	EVENT_CLOSE	1523030878806108386
72FB0406-3678-11E8-BF66-D9AA8AFF4A69	SUBJECT_PROCESS	ACA3651E-39B4-11E8-BF66-D9AA8AFF4A69	FILE_OBJECT_UNIX_SOCKET	EVENT_CREATE_OBJECT	1523030878806108386
72FB0406-3678-11E8-BF66-D9AA8AFF4A69	SUBJECT_PROCESS	ACA36585-39B4-11E8-BF66-D9AA8AFF4A69	FILE_OBJECT_UNIX_SOCKET	EVENT_CREATE_OBJECT	1523030878806108386
94ED0D0E-39B4-11E8-BF66-D9AA8AFF4A69	SUBJECT_PROCESS	17797A5B-A3BC-8450-BCA3-FD703084DDDB	FILE_OBJECT_FILE	EVENT_READ	1523030879106108760
94ED0D0E-39B4-11E8-BF66-D9AA8AFF4A69	SUBJECT_PROCESS	17797A5B-A3BC-8450-BCA3-FD703084DDDB	FILE_OBJECT_FILE	EVENT_WRITE	1523030879106108760
94ED0D0E-39B4-11E8-BF66-D9AA8AFF4A69	SUBJECT_PROCESS	17797A5B-A3BC-8450-BCA3-FD703084DDDB	FILE_OBJECT_FILE	EVENT_READ	1523030879306107466
94ED0D0E-39B4-11E8-BF66-D9AA8AFF4A69	SUBJECT_PROCESS	17797A5B-A3BC-8450-BCA3-FD703084DDDB	FILE_OBJECT_FILE	EVENT_WRITE	1523030879306107466
94ED0D0E-39B4-11E8-BF66-D9AA8AFF4A69	SUBJECT_PROCESS	BFB015AD-7785-5F0D-A9A0-71048A7535D2	UnnamedPipeObject	EVENT_CREATE_OBJECT	1523030879306107466
94ED0D0E-39B4-11E8-BF66-D9AA8AFF4A69	SUBJECT_PROCESS	ACF030CA-39B4-11E8-BF66-D9AA8AFF4A69	SUBJECT_PROCESS	EVENT_FORK	1523030879306107466
94ED0D0E-39B4-11E8-BF66-D9AA8AFF4A69	SUBJECT_PROCESS	ACF06C37-39B4-11E8-BF66-D9AA8AFF4A69	SUBJECT_PROCESS	EVENT_FORK	1523030879306107466
ACF030CA-39B4-11E8-BF66-D9AA8AFF4A69	SUBJECT_PROCESS	EA112F0C-C0B2-CD5B-B2C0-A1B8CBCD4FE9	FILE_OBJECT_FILE	EVENT_EXECUTE	1523030879306107466
ACF030CA-39B4-11E8-BF66-D9AA8AFF4A69	SUBJECT_PROCESS	7A350F75-9945-425D-8599-15CEBD426F06	FILE_OBJECT_FILE	EVENT_EXECUTE	1523030879306107466
ACF06C37-39B4-11E8-BF66-D9AA8AFF4A69	SUBJECT_PROCESS	29C0F421-9DEA-A656-AA9D-30CFA6A69C0C	FILE_OBJECT_FILE	EVENT_EXECUTE	1523030879306107466
ACF06C37-39B4-11E8-BF66-D9AA8AFF4A69	SUBJECT_PROCESS	7A350F75-9945-425D-8599-15CEBD426F06	FILE_OBJECT_FILE	EVENT_EXECUTE	1523030879306107466
ACF030CA-39B4-11E8-BF66-D9AA8AFF4A69	SUBJECT_PROCESS	51110606-D232-9652-B2D2-3A7242968F8A	FILE_OBJECT_FILE	EVENT_OPEN	1523030879306107466
ACF06C37-39B4-11E8-BF66-D9AA8AFF4A69	SUBJECT_PROCESS	51110606-D232-9652-B2D2-3A7242968F8A	FILE_OBJECT_FILE	EVENT_OPEN	1523030879306107466
ACF030CA-39B4-11E8-BF66-D9AA8AFF4A69	SUBJECT_PROCESS	51110606-D232-9652-B2D2-3A7242968F8A	FILE_OBJECT_FILE	EVENT_READ	1523030879306107466
ACF06C37-39B4-11E8-BF66-D9AA8AFF4A69	SUBJECT_PROCESS	51110606-D232-9652-B2D2-3A7242968F8A	FILE_OBJECT_FILE	EVENT_READ	1523030879306107466
ACF030CA-39B4-11E8-BF66-D9AA8AFF4A69	SUBJECT_PROCESS	51110606-D232-9652-B2D2-3A7242968F8A	FILE_OBJECT_FILE	EVENT_CLOSE	1523030879306107466
ACF06C37-39B4-11E8-BF66-D9AA8AFF4A69	SUBJECT_PROCESS	51110606-D232-9652-B2D2-3A7242968F8A	FILE_OBJECT_FILE	EVENT_CLOSE	1523030879306107466
ACF030CA-39B4-11E8-BF66-D9AA8AFF4A69	SUBJECT_PROCESS	8A44F292-648B-7854-8B64-00F954785A79	FILE_OBJECT_FILE	EVENT_OPEN	1523030879306107466
ACF06C37-39B4-11E8-BF66-D9AA8AFF4A69	SUBJECT_PROCESS	8A44F292-648B-7854-8B64-00F954785A79	FILE_OBJECT_FILE	EVENT_OPEN	1523030879316108647
ACF030CA-39B4-11E8-BF66-D9AA8AFF4A69	SUBJECT_PROCESS	8A44F292-648B-7854-8B64-00F954785A79	FILE_OBJECT_FILE	EVENT_READ	1523030879316108647
ACF06C37-39B4-11E8-BF66-D9AA8AFF4A69	SUBJECT_PROCESS	8A44F292-648B-7854-8B64-00F954785A79	FILE_OBJECT_FILE	EVENT_READ	1523030879316108647
ACF030CA-39B4-11E8-BF66-D9AA8AFF4A69	SUBJECT_PROCESS	8A44F292-648B-7854-8B64-00F954785A79	FILE_OBJECT_FILE	EVENT_READ	1523030879316108647
ACF06C37-39B4-11E8-BF66-D9AA8AFF4A69	SUBJECT_PROCESS	8A44F292-648B-7854-8B64-00F954785A79	FILE_OBJECT_FILE	EVENT_READ	1523030879316108647
ACF030CA-39B4-11E8-BF66-D9AA8AFF4A69	SUBJECT_PROCESS	8A44F292-648B-7854-8B64-00F954785A79	FILE_OBJECT_FILE	EVENT_CLOSE	1523030879316108647
ACF06C37-39B4-11E8-BF66-D9AA8AFF4A69	SUBJECT_PROCESS	8A44F292-648B-7854-8B64-00F954785A79	FILE_OBJECT_FILE	EVENT_CLOSE	1523030879316108647
ACF030CA-39B4-11E8-BF66-D9AA8AFF4A69	SUBJECT_PROCESS	D57B2A07-B373-B75A-B3B3-93790AB76535	FILE_OBJECT_FILE	EVENT_OPEN	1523030879316108647
ACF06C37-39B4-11E8-BF66-D9AA8AFF4A69	SUBJECT_PROCESS	F802C467-68D3-4950-9368-CE2BE049BD5D	FILE_OBJECT_FILE	EVENT_OPEN	1523030879316108647
ACF030CA-39B4-11E8-BF66-D9AA8AFF4A69	SUBJECT_PROCESS	D57B2A07-B373-B75A-B3B3-93790AB76535	FILE_OBJECT_FILE	EVENT_MMAP	1523030879316108647
ACF06C37-39B4-11E8-BF66-D9AA8AFF4A69	SUBJECT_PROCESS	F802C467-68D3-4950-9368-CE2BE049BD5D	FILE_OBJECT_FILE	EVENT_MMAP	1523030879316108647
ACF06C37-39B4-11E8-BF66-D9AA8AFF4A69	SUBJECT_PROCESS	F802C467-68D3-4950-9368-CE2BE049BD5D	FILE_OBJECT_FILE	EVENT_MMAP	1523030879316108647
ACF030CA-39B4-11E8-BF66-D9AA8AFF4A69	SUBJECT_PROCESS	D57B2A07-B373-B75A-B3B3-93790AB76535	FILE_OBJECT_FILE	EVENT_MMAP	1523030879316108647
ACF030CA-39B4-11E8-BF66-D9AA8AFF4A69	SUBJECT_PROCESS	D57B2A07-B373-B75A-B3B3-93790AB76535	FILE_OBJECT_FILE	EVENT_MMAP	1523030879316108647
ACF06C37-39B4-11E8-BF66-D9AA8AFF4A69	SUBJECT_PROCESS	F802C467-68D3-4950-9368-CE2BE049BD5D	FILE_OBJECT_FILE	EVENT_MMAP	1523030879316108647
ACF030CA-39B4-11E8-BF66-D9AA8AFF4A69	SUBJECT_PROCESS	D57B2A07-B373-B75A-B3B3-93790AB76535	FILE_OBJECT_FILE	EVENT_MMAP	1523030879316108647
ACF06C37-39B4-11E8-BF66-D9AA8AFF4A69	SUBJECT_PROCESS	F802C467-68D3-4950-9368-CE2BE049BD5D	FILE_OBJECT_FILE	EVENT_MMAP	1523030879316108647
ACF030CA-39B4-11E8-BF66-D9AA8AFF4A69	SUBJECT_PROCESS	D57B2A07-B373-B75A-B3B3-93790AB76535	FILE_OBJECT_FILE	EVENT_MMAP	1523030879316108647
ACF06C37-39B4-11E8-BF66-D9AA8AFF4A69	SUBJECT_PROCESS	F802C467-68D3-4950-9368-CE2BE049BD5D	FILE_OBJECT_FILE	EVENT_MMAP	1523030879316108647
ACF030CA-39B4-11E8-BF66-D9AA8AFF4A69	SUBJECT_PROCESS	D57B2A07-B373-B75A-B3B3-93790AB76535	FILE_OBJECT_FILE	EVENT_MMAP	1523030879316108647
ACF06C37-39B4-11E8-BF66-D9AA8AFF4A69	SUBJECT_PROCESS	F802C467-68D3-4950-9368-CE2BE049BD5D	FILE_OBJECT_FILE	EVENT_MMAP	1523030879316108647
ACF06C37-39B4-11E8-BF66-D9AA8AFF4A69	SUBJECT_PROCESS	F802C467-68D3-4950-9368-CE2BE049BD5D	FILE_OBJECT_FILE	EVENT_CLOSE	1523030879316108647
ACF030CA-39B4-11E8-BF66-D9AA8AFF4A69	SUBJECT_PROCESS	D57B2A07-B373-B75A-B3B3-93790AB76535	FILE_OBJECT_FILE	EVENT_CLOSE	1523030879316108647
ACF030CA-39B4-11E8-BF66-D9AA8AFF4A69	SUBJECT_PROCESS	718F288D-A702-1B5D-82A7-80807D1BB326	FILE_OBJECT_FILE	EVENT_OPEN	1523030879316108647
ACF06C37-39B4-11E8-BF66-D9AA8AFF4A69	SUBJECT_PROCESS	4712EA4F-DAE8-DB53-A8DA-6C9F43DB784D	FILE_OBJECT_FILE	EVENT_OPEN	1523030879316108647
ACF030CA-39B4-11E8-BF66-D9AA8AFF4A69	SUBJECT_PROCESS	718F288D-A702-1B5D-82A7-80807D1BB326	FILE_OBJECT_FILE	EVENT_MMAP	1523030879316108647
ACF06C37-39B4-11E8-BF66-D9AA8AFF4A69	SUBJECT_PROCESS	4712EA4F-DAE8-DB53-A8DA-6C9F43DB784D	FILE_OBJECT_FILE	EVENT_MMAP	1523030879316108647
ACF030CA-39B4-11E8-BF66-D9AA8AFF4A69	SUBJECT_PROCESS	718F288D-A702-1B5D-82A7-80807D1BB326	FILE_OBJECT_FILE	EVENT_MMAP	1523030879316108647
ACF06C37-39B4-11E8-BF66-D9AA8AFF4A69	SUBJECT_PROCESS	4712EA4F-DAE8-DB53-A8DA-6C9F43DB784D	FILE_OBJECT_FILE	EVENT_MMAP	1523030879316108647
ACF06C37-39B4-11E8-BF66-D9AA8AFF4A69	SUBJECT_PROCESS	4712EA4F-DAE8-DB53-A8DA-6C9F43DB784D	FILE_OBJECT_FILE	EVENT_MMAP	1523030879316108647
ACF030CA-39B4-11E8-BF66-D9AA8AFF4A69	SUBJECT_PROCESS	718F288D-A702-1B5D-82A7-80807D1BB326	FILE_OBJECT_FILE	EVENT_MMAP	1523030879316108647
ACF06C37-39B4-11E8-BF66-D9AA8AFF4A69	SUBJECT_PROCESS	4712EA4F-DAE8-DB53-A8DA-6C9F43DB784D	FILE_OBJECT_FILE	EVENT_MMAP	1523030879316108647
ACF030CA-39B4-11E8-BF66-D9AA8AFF4A69	SUBJECT_PROCESS	718F288D-A702-1B5D-82A7-80807D1BB326	FILE_OBJECT_FILE	EVENT_MMAP	1523030879316108647
ACF06C37-39B4-11E8-BF66-D9AA8AFF4A69	SUBJECT_PROCESS	4712EA4F-DAE8-DB53-A8DA-6C9F43DB784D	FILE_OBJECT_FILE	EVENT_MMAP	1523030879316108647
ACF030CA-39B4-11E8-BF66-D9AA8AFF4A69	SUBJECT_PROCESS	718F288D-A702-1B5D-82A7-80807D1BB326	FILE_OBJECT_FILE	EVENT_MMAP	1523030879316108647
ACF06C37-39B4-11E8-BF66-D9AA8AFF4A69	SUBJECT_PROCESS	4712EA4F-DAE8-DB53-A8DA-6C9F43DB784D	FILE_OBJECT_FILE	EVENT_MMAP	1523030879316108647
ACF030CA-39B4-11E8-BF66-D9AA8AFF4A69	SUBJECT_PROCESS	718F288D-A702-1B5D-82A7-80807D1BB326	FILE_OBJECT_FILE	EVENT_MMAP	1523030879316108647
ACF06C37-39B4-11E8-BF66-D9AA8AFF4A69	SUBJECT_PROCESS	4712EA4F-DAE8-DB53-A8DA-6C9F43DB784D	FILE_OBJECT_FILE	EVENT_CLOSE	1523030879316108647
ACF030CA-39B4-11E8-BF66-D9AA8AFF4A69	SUBJECT_PROCESS	718F288D-A702-1B5D-82A7-80807D1BB326	FILE_OBJECT_FILE	EVENT_CLOSE	1523030879316108647
ACF06C37-39B4-11E8-BF66-D9AA8AFF4A69	SUBJECT_PROCESS	DEADAC7C-AED5-7E50-95AE-0452707EB22B	FILE_OBJECT_FILE	EVENT_OPEN	1523030879316108647
ACF030CA-39B4-11E8-BF66-D9AA8AFF4A69	SUBJECT_PROCESS	D3F11983-FFD7-8A58-97FF-D38E388A1453	FILE_OBJECT_FILE	EVENT_OPEN	1523030879316108647
ACF06C37-39B4-11E8-BF66-D9AA8AFF4A69	SUBJECT_PROCESS	DEADAC7C-AED5-7E50-95AE-0452707EB22B	FILE_OBJECT_FILE	EVENT_MMAP	1523030879316108647
ACF030CA-39B4-11E8-BF66-D9AA8AFF4A69	SUBJECT_PROCESS	D3F11983-FFD7-8A58-97FF-D38E388A1453	FILE_OBJECT_FILE	EVENT_MMAP	1523030879316108647
ACF06C37-39B4-11E8-BF66-D9AA8AFF4A69	SUBJECT_PROCESS	DEADAC7C-AED5-7E50-95AE-0452707EB22B	FILE_OBJECT_FILE	EVENT_MMAP	1523030879316108647
ACF030CA-39B4-11E8-BF66-D9AA8AFF4A69	SUBJECT_PROCESS	D3F11983-FFD7-8A58-97FF-D38E388A1453	FILE_OBJECT_FILE	EVENT_MMAP	1523030879316108647
ACF06C37-39B4-11E8-BF66-D9AA8AFF4A69	SUBJECT_PROCESS	DEADAC7C-AED5-7E50-95AE-0452707EB22B	FILE_OBJECT_FILE	EVENT_MMAP	1523030879316108647
ACF030CA-39B4-11E8-BF66-D9AA8AFF4A69	SUBJECT_PROCESS	D3F11983-FFD7-8A58-97FF-D38E388A1453	FILE_OBJECT_FILE	EVENT_MMAP	1523030879316108647
ACF06C37-39B4-11E8-BF66-D9AA8AFF4A69	SUBJECT_PROCESS	DEADAC7C-AED5-7E50-95AE-0452707EB22B	FILE_OBJECT_FILE	EVENT_MMAP	1523030879316108647
ACF030CA-39B4-11E8-BF66-D9AA8AFF4A69	SUBJECT_PROCESS	D3F11983-FFD7-8A58-97FF-D38E388A1453	FILE_OBJECT_FILE	EVENT_MMAP	1523030879316108647
ACF06C37-39B4-11E8-BF66-D9AA8AFF4A69	SUBJECT_PROCESS	DEADAC7C-AED5-7E50-95AE-0452707EB22B	FILE_OBJECT_FILE	EVENT_MMAP	1523030879316108647
ACF030CA-39B4-11E8-BF66-D9AA8AFF4A69	SUBJECT_PROCESS	D3F11983-FFD7-8A58-97FF-D38E388A1453	FILE_OBJECT_FILE	EVENT_MMAP	1523030879316108647
ACF06C37-39B4-11E8-BF66-D9AA8AFF4A69	SUBJECT_PROCESS	DEADAC7C-AED5-7E50-95AE-0452707EB22B	FILE_OBJECT_FILE	EVENT_MMAP	1523030879316108647
ACF030CA-39B4-11E8-BF66-D9AA8AFF4A69	SUBJECT_PROCESS	D3F11983-FFD7-8A58-97FF-D38E388A1453	FILE_OBJECT_FILE	EVENT_MMAP	1523030879316108647
ACF06C37-39B4-11E8-BF66-D9AA8AFF4A69	SUBJECT_PROCESS	DEADAC7C-AED5-7E50-95AE-0452707EB22B	FILE_OBJECT_FILE	EVENT_CLOSE	1523030879316108647
ACF030CA-39B4-11E8-BF66-D9AA8AFF4A69	SUBJECT_PROCESS	D3F11983-FFD7-8A58-97FF-D38E388A1453	FILE_OBJECT_FILE	EVENT_CLOSE	1523030879316108647
ACF06C37-39B4-11E8-BF66-D9AA8AFF4A69	SUBJECT_PROCESS	76A739B1-A13E-FD50-BEA1-B218A0FD0400	FILE_OBJECT_FILE	EVENT_OPEN	1523030879316108647
ACF030CA-39B4-11E8-BF66-D9AA8AFF4A69	SUBJECT_PROCESS	0905A02C-D979-5D57-B9D9-F12D475D7A9B	FILE_OBJECT_FILE	EVENT_OPEN	1523030879316108647
ACF06C37-39B4-11E8-BF66-D9AA8AFF4A69	SUBJECT_PROCESS	76A739B1-A13E-FD50-BEA1-B218A0FD0400	FILE_OBJECT_FILE	EVENT_MMAP	1523030879316108647
ACF030CA-39B4-11E8-BF66-D9AA8AFF4A69	SUBJECT_PROCESS	0905A02C-D979-5D57-B9D9-F12D475D7A9B	FILE_OBJECT_FILE	EVENT_MMAP	1523030879316108647
ACF06C37-39B4-11E8-BF66-D9AA8AFF4A69	SUBJECT_PROCESS	76A739B1-A13E-FD50-BEA1-B218A0FD0400	FILE_OBJECT_FILE	EVENT_MMAP	1523030879326114118
ACF030CA-39B4-11E8-BF66-D9AA8AFF4A69	SUBJECT_PROCESS	0905A02C-D979-5D57-B9D9-F12D475D7A9B	FILE_OBJECT_FILE	EVENT_MMAP	1523030879326114118
ACF06C37-39B4-11E8-BF66-D9AA8AFF4A69	SUBJECT_PROCESS	76A739B1-A13E-FD50-BEA1-B218A0FD0400	FILE_OBJECT_FILE	EVENT_MMAP	1523030879326114118
ACF06C37-39B4-11E8-BF66-D9AA8AFF4A69	SUBJECT_PROCESS	76A739B1-A13E-FD50-BEA1-B218A0FD0400	FILE_OBJECT_FILE	EVENT_MMAP	1523030879326114118
ACF030CA-39B4-11E8-BF66-D9AA8AFF4A69	SUBJECT_PROCESS	0905A02C-D979-5D57-B9D9-F12D475D7A9B	FILE_OBJECT_FILE	EVENT_MMAP	1523030879326114118
ACF06C37-39B4-11E8-BF66-D9AA8AFF4A69	SUBJECT_PROCESS	76A739B1-A13E-FD50-BEA1-B218A0FD0400	FILE_OBJECT_FILE	EVENT_MMAP	1523030879326114118
ACF030CA-39B4-11E8-BF66-D9AA8AFF4A69	SUBJECT_PROCESS	0905A02C-D979-5D57-B9D9-F12D475D7A9B	FILE_OBJECT_FILE	EVENT_MMAP	1523030879326114118
ACF06C37-39B4-11E8-BF66-D9AA8AFF4A69	SUBJECT_PROCESS	76A739B1-A13E-FD50-BEA1-B218A0FD0400	FILE_OBJECT_FILE	EVENT_MMAP	1523030879326114118
ACF030CA-39B4-11E8-BF66-D9AA8AFF4A69	SUBJECT_PROCESS	0905A02C-D979-5D57-B9D9-F12D475D7A9B	FILE_OBJECT_FILE	EVENT_MMAP	1523030879326114118
ACF06C37-39B4-11E8-BF66-D9AA8AFF4A69	SUBJECT_PROCESS	76A739B1-A13E-FD50-BEA1-B218A0FD0400	FILE_OBJECT_FILE	EVENT_CLOSE	1523030879326114118
ACF030CA-39B4-11E8-BF66-D9AA8AFF4A69	SUBJECT_PROCESS	0905A02C-D979-5D57-B9D9-F12D475D7A9B	FILE_OBJECT_FILE	EVENT_MMAP	1523030879326114118
ACF030CA-39B4-11E8-BF66-D9AA8AFF4A69	SUBJECT_PROCESS	0905A02C-D979-5D57-B9D9-F12D475D7A9B	FILE_OBJECT_FILE	EVENT_CLOSE	1523030879326114118
ACF06C37-39B4-11E8-BF66-D9AA8AFF4A69	SUBJECT_PROCESS	F410BE96-4C0C-765E-8C4C-6F0E2E760020	FILE_OBJECT_FILE	EVENT_OPEN	1523030879326114118
ACF030CA-39B4-11E8-BF66-D9AA8AFF4A69	SUBJECT_PROCESS	76A739B1-A13E-FD50-BEA1-B218A0FD0400	FILE_OBJECT_FILE	EVENT_OPEN	1523030879326114118
ACF06C37-39B4-11E8-BF66-D9AA8AFF4A69	SUBJECT_PROCESS	F410BE96-4C0C-765E-8C4C-6F0E2E760020	FILE_OBJECT_FILE	EVENT_MMAP	1523030879326114118
ACF030CA-39B4-11E8-BF66-D9AA8AFF4A69	SUBJECT_PROCESS	76A739B1-A13E-FD50-BEA1-B218A0FD0400	FILE_OBJECT_FILE	EVENT_MMAP	1523030879326114118
ACF06C37-39B4-11E8-BF66-D9AA8AFF4A69	SUBJECT_PROCESS	F410BE96-4C0C-765E-8C4C-6F0E2E760020	FILE_OBJECT_FILE	EVENT_MMAP	1523030879326114118
ACF030CA-39B4-11E8-BF66-D9AA8AFF4A69	SUBJECT_PROCESS	76A739B1-A13E-FD50-BEA1-B218A0FD0400	FILE_OBJECT_FILE	EVENT_MMAP	1523030879326114118
ACF06C37-39B4-11E8-BF66-D9AA8AFF4A69	SUBJECT_PROCESS	F410BE96-4C0C-765E-8C4C-6F0E2E760020	FILE_OBJECT_FILE	EVENT_CLOSE	1523030879326114118
ACF030CA-39B4-11E8-BF66-D9AA8AFF4A69	SUBJECT_PROCESS	76A739B1-A13E-FD50-BEA1-B218A0FD0400	FILE_OBJECT_FILE	EVENT_MMAP	1523030879326114118
ACF030CA-39B4-11E8-BF66-D9AA8AFF4A69	SUBJECT_PROCESS	76A739B1-A13E-FD50-BEA1-B218A0FD0400	FILE_OBJECT_FILE	EVENT_MMAP	1523030879326114118
ACF030CA-39B4-11E8-BF66-D9AA8AFF4A69	SUBJECT_PROCESS	76A739B1-A13E-FD50-BEA1-B218A0FD0400	FILE_OBJECT_FILE	EVENT_MMAP	1523030879326114118
ACF030CA-39B4-11E8-BF66-D9AA8AFF4A69	SUBJECT_PROCESS	76A739B1-A13E-FD50-BEA1-B218A0FD0400	FILE_OBJECT_FILE	EVENT_MMAP	1523030879326114118
ACF030CA-39B4-11E8-BF66-D9AA8AFF4A69	SUBJECT_PROCESS	76A739B1-A13E-FD50-BEA1-B218A0FD0400	FILE_OBJECT_FILE	EVENT_CLOSE	1523030879326114118
ACF030CA-39B4-11E8-BF66-D9AA8AFF4A69	SUBJECT_PROCESS	F29977F6-07A2-935B-A207-C4871B93FE07	FILE_OBJECT_FILE	EVENT_OPEN	1523030879326114118
ACF030CA-39B4-11E8-BF66-D9AA8AFF4A69	SUBJECT_PROCESS	F29977F6-07A2-935B-A207-C4871B93FE07	FILE_OBJECT_FILE	EVENT_MMAP	1523030879326114118
ACF030CA-39B4-11E8-BF66-D9AA8AFF4A69	SUBJECT_PROCESS	F29977F6-07A2-935B-A207-C4871B93FE07	FILE_OBJECT_FILE	EVENT_MMAP	1523030879326114118
ACF030CA-39B4-11E8-BF66-D9AA8AFF4A69	SUBJECT_PROCESS	F29977F6-07A2-935B-A207-C4871B93FE07	FILE_OBJECT_FILE	EVENT_MMAP	1523030879326114118
ACF030CA-39B4-11E8-BF66-D9AA8AFF4A69	SUBJECT_PROCESS	F29977F6-07A2-935B-A207-C4871B93FE07	FILE_OBJECT_FILE	EVENT_MMAP	1523030879326114118
ACF030CA-39B4-11E8-BF66-D9AA8AFF4A69	SUBJECT_PROCESS	F29977F6-07A2-935B-A207-C4871B93FE07	FILE_OBJECT_FILE	EVENT_MMAP	1523030879326114118
ACF030CA-39B4-11E8-BF66-D9AA8AFF4A69	SUBJECT_PROCESS	F29977F6-07A2-935B-A207-C4871B93FE07	FILE_OBJECT_FILE	EVENT_MMAP	1523030879326114118
ACF030CA-39B4-11E8-BF66-D9AA8AFF4A69	SUBJECT_PROCESS	F29977F6-07A2-935B-A207-C4871B93FE07	FILE_OBJECT_FILE	EVENT_CLOSE	1523030879326114118
ACF030CA-39B4-11E8-BF66-D9AA8AFF4A69	SUBJECT_PROCESS	9FF334BB-9072-D756-B290-556656D73728	FILE_OBJECT_FILE	EVENT_OPEN	1523030879326114118
ACF030CA-39B4-11E8-BF66-D9AA8AFF4A69	SUBJECT_PROCESS	9FF334BB-9072-D756-B290-556656D73728	FILE_OBJECT_FILE	EVENT_MMAP	1523030879326114118
ACF030CA-39B4-11E8-BF66-D9AA8AFF4A69	SUBJECT_PROCESS	9FF334BB-9072-D756-B290-556656D73728	FILE_OBJECT_FILE	EVENT_MMAP	1523030879326114118
ACF030CA-39B4-11E8-BF66-D9AA8AFF4A69	SUBJECT_PROCESS	9FF334BB-9072-D756-B290-556656D73728	FILE_OBJECT_FILE	EVENT_MMAP	1523030879326114118
ACF030CA-39B4-11E8-BF66-D9AA8AFF4A69	SUBJECT_PROCESS	9FF334BB-9072-D756-B290-556656D73728	FILE_OBJECT_FILE	EVENT_MMAP	1523030879326114118
ACF030CA-39B4-11E8-BF66-D9AA8AFF4A69	SUBJECT_PROCESS	9FF334BB-9072-D756-B290-556656D73728	FILE_OBJECT_FILE	EVENT_MMAP	1523030879326114118
ACF030CA-39B4-11E8-BF66-D9AA8AFF4A69	SUBJECT_PROCESS	9FF334BB-9072-D756-B290-556656D73728	FILE_OBJECT_FILE	EVENT_MMAP	1523030879336111139
ACF030CA-39B4-11E8-BF66-D9AA8AFF4A69	SUBJECT_PROCESS	9FF334BB-9072-D756-B290-556656D73728	FILE_OBJECT_FILE	EVENT_CLOSE	1523030879336111139
ACF030CA-39B4-11E8-BF66-D9AA8AFF4A69	SUBJECT_PROCESS	F410BE96-4C0C-765E-8C4C-6F0E2E760020	FILE_OBJECT_FILE	EVENT_OPEN	1523030879336111139
ACF030CA-39B4-11E8-BF66-D9AA8AFF4A69	SUBJECT_PROCESS	F410BE96-4C0C-765E-8C4C-6F0E2E760020	FILE_OBJECT_FILE	EVENT_MMAP	1523030879336111139
ACF030CA-39B4-11E8-BF66-D9AA8AFF4A69	SUBJECT_PROCESS	F410BE96-4C0C-765E-8C4C-6F0E2E760020	FILE_OBJECT_FILE	EVENT_MMAP	1523030879336111139
ACF030CA-39B4-11E8-BF66-D9AA8AFF4A69	SUBJECT_PROCESS	F410BE96-4C0C-765E-8C4C-6F0E2E760020	FILE_OBJECT_FILE	EVENT_CLOSE	1523030879336111139
ACF030CA-39B4-11E8-BF66-D9AA8AFF4A69	SUBJECT_PROCESS	1633500B-D34B-8058-8BD3-ABB7D880915E	FILE_OBJECT_FILE	EVENT_OPEN	1523030879336111139
ACF030CA-39B4-11E8-BF66-D9AA8AFF4A69	SUBJECT_PROCESS	1633500B-D34B-8058-8BD3-ABB7D880915E	FILE_OBJECT_FILE	EVENT_OPEN	1523030879336111139
ACF030CA-39B4-11E8-BF66-D9AA8AFF4A69	SUBJECT_PROCESS	BCDBE64D-1703-005A-8317-44DD6A00589D	FILE_OBJECT_FILE	EVENT_OPEN	1523030879336111139
ACF030CA-39B4-11E8-BF66-D9AA8AFF4A69	SUBJECT_PROCESS	BCDBE64D-1703-005A-8317-44DD6A00589D	FILE_OBJECT_FILE	EVENT_READ	1523030879336111139
ACF030CA-39B4-11E8-BF66-D9AA8AFF4A69	SUBJECT_PROCESS	BCDBE64D-1703-005A-8317-44DD6A00589D	FILE_OBJECT_FILE	EVENT_READ	1523030879336111139
ACF030CA-39B4-11E8-BF66-D9AA8AFF4A69	SUBJECT_PROCESS	BCDBE64D-1703-005A-8317-44DD6A00589D	FILE_OBJECT_FILE	EVENT_CLOSE	1523030879336111139
ACF030CA-39B4-11E8-BF66-D9AA8AFF4A69	SUBJECT_PROCESS	C53609B6-A912-B65B-92A9-B89E0BB6C2E1	FILE_OBJECT_FILE	EVENT_OPEN	1523030879336111139
ACF030CA-39B4-11E8-BF66-D9AA8AFF4A69	SUBJECT_PROCESS	C53609B6-A912-B65B-92A9-B89E0BB6C2E1	FILE_OBJECT_FILE	EVENT_READ	1523030879336111139
ACF030CA-39B4-11E8-BF66-D9AA8AFF4A69	SUBJECT_PROCESS	C53609B6-A912-B65B-92A9-B89E0BB6C2E1	FILE_OBJECT_FILE	EVENT_READ	1523030879336111139
ACF030CA-39B4-11E8-BF66-D9AA8AFF4A69	SUBJECT_PROCESS	C53609B6-A912-B65B-92A9-B89E0BB6C2E1	FILE_OBJECT_FILE	EVENT_READ	1523030879336111139
ACF030CA-39B4-11E8-BF66-D9AA8AFF4A69	SUBJECT_PROCESS	AE441C70-DEC0-BD5F-80DE-3DE4DFBDF253	FILE_OBJECT_FILE	EVENT_OPEN	1523030879336111139
ACF030CA-39B4-11E8-BF66-D9AA8AFF4A69	SUBJECT_PROCESS	AE441C70-DEC0-BD5F-80DE-3DE4DFBDF253	FILE_OBJECT_FILE	EVENT_READ	1523030879336111139
ACF030CA-39B4-11E8-BF66-D9AA8AFF4A69	SUBJECT_PROCESS	AE441C70-DEC0-BD5F-80DE-3DE4DFBDF253	FILE_OBJECT_FILE	EVENT_CLOSE	1523030879346110069
ACF030CA-39B4-11E8-BF66-D9AA8AFF4A69	SUBJECT_PROCESS	104A8C35-2200-3156-8022-4129E631EA52	FILE_OBJECT_FILE	EVENT_OPEN	1523030879346110069
ACF030CA-39B4-11E8-BF66-D9AA8AFF4A69	SUBJECT_PROCESS	104A8C35-2200-3156-8022-4129E631EA52	FILE_OBJECT_FILE	EVENT_READ	1523030879346110069
ACF030CA-39B4-11E8-BF66-D9AA8AFF4A69	SUBJECT_PROCESS	104A8C35-2200-3156-8022-4129E631EA52	FILE_OBJECT_FILE	EVENT_CLOSE	1523030879346110069
ACF030CA-39B4-11E8-BF66-D9AA8AFF4A69	SUBJECT_PROCESS	C53609B6-A912-B65B-92A9-B89E0BB6C2E1	FILE_OBJECT_FILE	EVENT_READ	1523030879346110069
ACF030CA-39B4-11E8-BF66-D9AA8AFF4A69	SUBJECT_PROCESS	C53609B6-A912-B65B-92A9-B89E0BB6C2E1	FILE_OBJECT_FILE	EVENT_READ	1523030879346110069
ACF030CA-39B4-11E8-BF66-D9AA8AFF4A69	SUBJECT_PROCESS	C53609B6-A912-B65B-92A9-B89E0BB6C2E1	FILE_OBJECT_FILE	EVENT_READ	1523030879346110069
ACF030CA-39B4-11E8-BF66-D9AA8AFF4A69	SUBJECT_PROCESS	C53609B6-A912-B65B-92A9-B89E0BB6C2E1	FILE_OBJECT_FILE	EVENT_READ	1523030879346110069
ACF030CA-39B4-11E8-BF66-D9AA8AFF4A69	SUBJECT_PROCESS	C53609B6-A912-B65B-92A9-B89E0BB6C2E1	FILE_OBJECT_FILE	EVENT_READ	1523030879346110069
ACF030CA-39B4-11E8-BF66-D9AA8AFF4A69	SUBJECT_PROCESS	C53609B6-A912-B65B-92A9-B89E0BB6C2E1	FILE_OBJECT_FILE	EVENT_READ	1523030879346110069
ACF030CA-39B4-11E8-BF66-D9AA8AFF4A69	SUBJECT_PROCESS	BFB015AD-7785-5F0D-A9A0-71048A7535D2	UnnamedPipeObject	EVENT_WRITE	1523030879346110069
ACF06C37-39B4-11E8-BF66-D9AA8AFF4A69	SUBJECT_PROCESS	BFB015AD-7785-5F0D-A9A0-71048A7535D2	UnnamedPipeObject	EVENT_READ	1523030879346110069
ACF030CA-39B4-11E8-BF66-D9AA8AFF4A69	SUBJECT_PROCESS	BFB015AD-7785-5F0D-A9A0-71048A7535D2	UnnamedPipeObject	EVENT_WRITE	1523030879346110069
ACF06C37-39B4-11E8-BF66-D9AA8AFF4A69	SUBJECT_PROCESS	BFB015AD-7785-5F0D-A9A0-71048A7535D2	UnnamedPipeObject	EVENT_READ	1523030879346110069
ACF06C37-39B4-11E8-BF66-D9AA8AFF4A69	SUBJECT_PROCESS	17797A5B-A3BC-8450-BCA3-FD703084DDDB	FILE_OBJECT_FILE	EVENT_WRITE	1523030879346110069
ACF030CA-39B4-11E8-BF66-D9AA8AFF4A69	SUBJECT_PROCESS	BFB015AD-7785-5F0D-A9A0-71048A7535D2	UnnamedPipeObject	EVENT_WRITE	1523030879346110069
ACF030CA-39B4-11E8-BF66-D9AA8AFF4A69	SUBJECT_PROCESS	ACF030CA-39B4-11E8-BF66-D9AA8AFF4A69	SUBJECT_PROCESS	EVENT_EXIT	1523030879346110069
ACF06C37-39B4-11E8-BF66-D9AA8AFF4A69	SUBJECT_PROCESS	17797A5B-A3BC-8450-BCA3-FD703084DDDB	FILE_OBJECT_FILE	EVENT_WRITE	1523030879346110069
ACF06C37-39B4-11E8-BF66-D9AA8AFF4A69	SUBJECT_PROCESS	17797A5B-A3BC-8450-BCA3-FD703084DDDB	FILE_OBJECT_FILE	EVENT_WRITE	1523030879346110069
ACF06C37-39B4-11E8-BF66-D9AA8AFF4A69	SUBJECT_PROCESS	BFB015AD-7785-5F0D-A9A0-71048A7535D2	UnnamedPipeObject	EVENT_READ	1523030879346110069
ACF06C37-39B4-11E8-BF66-D9AA8AFF4A69	SUBJECT_PROCESS	17797A5B-A3BC-8450-BCA3-FD703084DDDB	FILE_OBJECT_FILE	EVENT_WRITE	1523030879346110069
ACF06C37-39B4-11E8-BF66-D9AA8AFF4A69	SUBJECT_PROCESS	BFB015AD-7785-5F0D-A9A0-71048A7535D2	UnnamedPipeObject	EVENT_READ	1523030879356114660
ACF06C37-39B4-11E8-BF66-D9AA8AFF4A69	SUBJECT_PROCESS	17797A5B-A3BC-8450-BCA3-FD703084DDDB	FILE_OBJECT_FILE	EVENT_CLOSE	1523030879356114660
ACF06C37-39B4-11E8-BF66-D9AA8AFF4A69	SUBJECT_PROCESS	ACF06C37-39B4-11E8-BF66-D9AA8AFF4A69	SUBJECT_PROCESS	EVENT_EXIT	1523030879356114660
94ED0D0E-39B4-11E8-BF66-D9AA8AFF4A69	SUBJECT_PROCESS	17797A5B-A3BC-8450-BCA3-FD703084DDDB	FILE_OBJECT_FILE	EVENT_WRITE	1523030879356114660
72FB0406-3678-11E8-BF66-D9AA8AFF4A69	SUBJECT_PROCESS	ACA3651E-39B4-11E8-BF66-D9AA8AFF4A69	FILE_OBJECT_UNIX_SOCKET	EVENT_CLOSE	1523030879816110347
72FB0406-3678-11E8-BF66-D9AA8AFF4A69	SUBJECT_PROCESS	ACA36585-39B4-11E8-BF66-D9AA8AFF4A69	FILE_OBJECT_UNIX_SOCKET	EVENT_CLOSE	1523030879816110347
72FB0406-3678-11E8-BF66-D9AA8AFF4A69	SUBJECT_PROCESS	AD3D87F8-39B4-11E8-BF66-D9AA8AFF4A69	FILE_OBJECT_UNIX_SOCKET	EVENT_CREATE_OBJECT	1523030879816110347
72FB0406-3678-11E8-BF66-D9AA8AFF4A69	SUBJECT_PROCESS	AD3D889C-39B4-11E8-BF66-D9AA8AFF4A69	FILE_OBJECT_UNIX_SOCKET	EVENT_CREATE_OBJECT	1523030879816110347
690EAD77-39B4-11E8-BF66-D9AA8AFF4A69	SUBJECT_PROCESS	64EE4B93-8566-E751-A685-83EDE1E76E1A	FILE_OBJECT_FILE	EVENT_READ	1523030880156111084
690EAD77-39B4-11E8-BF66-D9AA8AFF4A69	SUBJECT_PROCESS	64EE4B93-8566-E751-A685-83EDE1E76E1A	FILE_OBJECT_FILE	EVENT_WRITE	1523030880156111084
690EAD77-39B4-11E8-BF66-D9AA8AFF4A69	SUBJECT_PROCESS	64EE4B93-8566-E751-A685-83EDE1E76E1A	FILE_OBJECT_FILE	EVENT_WRITE	1523030880156111084
690EAD77-39B4-11E8-BF66-D9AA8AFF4A69	SUBJECT_PROCESS	B041C492-8AC1-5B5A-818A-32B25A5BB001	FILE_OBJECT_FILE	EVENT_OPEN	1523030880156111084
690EAD77-39B4-11E8-BF66-D9AA8AFF4A69	SUBJECT_PROCESS	B041C492-8AC1-5B5A-818A-32B25A5BB001	FILE_OBJECT_FILE	EVENT_WRITE	1523030880156111084
690EAD77-39B4-11E8-BF66-D9AA8AFF4A69	SUBJECT_PROCESS	B041C492-8AC1-5B5A-818A-32B25A5BB001	FILE_OBJECT_FILE	EVENT_CLOSE	1523030880156111084
690EAD77-39B4-11E8-BF66-D9AA8AFF4A69	SUBJECT_PROCESS	B041C492-8AC1-5B5A-818A-32B25A5BB001	FILE_OBJECT_FILE	EVENT_MODIFY_FILE_ATTRIBUTES	1523030880156111084
690EAD77-39B4-11E8-BF66-D9AA8AFF4A69	SUBJECT_PROCESS	B041C492-8AC1-5B5A-818A-32B25A5BB001	FILE_OBJECT_FILE	EVENT_OPEN	1523030880156111084
690EAD77-39B4-11E8-BF66-D9AA8AFF4A69	SUBJECT_PROCESS	B041C492-8AC1-5B5A-818A-32B25A5BB001	FILE_OBJECT_FILE	EVENT_READ	1523030880156111084
690EAD77-39B4-11E8-BF66-D9AA8AFF4A69	SUBJECT_PROCESS	B041C492-8AC1-5B5A-818A-32B25A5BB001	FILE_OBJECT_FILE	EVENT_CLOSE	1523030880156111084
690EAD77-39B4-11E8-BF66-D9AA8AFF4A69	SUBJECT_PROCESS	22773BD9-CCF6-1A5C-B6CC-34665C1A6962	FILE_OBJECT_FILE	EVENT_OPEN	1523030880156111084
690EAD77-39B4-11E8-BF66-D9AA8AFF4A69	SUBJECT_PROCESS	22773BD9-CCF6-1A5C-B6CC-34665C1A6962	FILE_OBJECT_FILE	EVENT_WRITE	1523030880156111084
690EAD77-39B4-11E8-BF66-D9AA8AFF4A69	SUBJECT_PROCESS	22773BD9-CCF6-1A5C-B6CC-34665C1A6962	FILE_OBJECT_FILE	EVENT_CLOSE	1523030880156111084
690EAD77-39B4-11E8-BF66-D9AA8AFF4A69	SUBJECT_PROCESS	22773BD9-CCF6-1A5C-B6CC-34665C1A6962	FILE_OBJECT_FILE	EVENT_RENAME	1523030880156111084
690EAD77-39B4-11E8-BF66-D9AA8AFF4A69	SUBJECT_PROCESS	22773BD9-CCF6-1A5C-B6CC-34665C1A6962	FILE_OBJECT_FILE	EVENT_RENAME	1523030880156111084
690EAD77-39B4-11E8-BF66-D9AA8AFF4A69	SUBJECT_PROCESS	22773BD9-CCF6-1A5C-B6CC-34665C1A6962	FILE_OBJECT_FILE	EVENT_MODIFY_FILE_ATTRIBUTES	1523030880156111084
690EAD77-39B4-11E8-BF66-D9AA8AFF4A69	SUBJECT_PROCESS	690EAD77-39B4-11E8-BF66-D9AA8AFF4A69	SUBJECT_PROCESS	EVENT_EXIT	1523030880156111084
6472B002-39B4-11E8-BF66-D9AA8AFF4A69	SUBJECT_PROCESS	90139085-37D9-7553-9937-CFE3D375E971	FILE_OBJECT_FILE	EVENT_OPEN	1523030880166109855
6472B002-39B4-11E8-BF66-D9AA8AFF4A69	SUBJECT_PROCESS	90139085-37D9-7553-9937-CFE3D375E971	FILE_OBJECT_FILE	EVENT_READ	1523030880166109855
6472B002-39B4-11E8-BF66-D9AA8AFF4A69	SUBJECT_PROCESS	90139085-37D9-7553-9937-CFE3D375E971	FILE_OBJECT_FILE	EVENT_READ	1523030880166109855
6472B002-39B4-11E8-BF66-D9AA8AFF4A69	SUBJECT_PROCESS	90139085-37D9-7553-9937-CFE3D375E971	FILE_OBJECT_FILE	EVENT_READ	1523030880166109855
69010BE1-39B4-11E8-BF66-D9AA8AFF4A69	SUBJECT_PROCESS	AD72D95C-39B4-11E8-BF66-D9AA8AFF4A69	FILE_OBJECT_UNIX_SOCKET	EVENT_CONNECT	1523030880166109855
6472B002-39B4-11E8-BF66-D9AA8AFF4A69	SUBJECT_PROCESS	90139085-37D9-7553-9937-CFE3D375E971	FILE_OBJECT_FILE	EVENT_READ	1523030880166109855
69010BE1-39B4-11E8-BF66-D9AA8AFF4A69	SUBJECT_PROCESS	AD72D95C-39B4-11E8-BF66-D9AA8AFF4A69	FILE_OBJECT_UNIX_SOCKET	EVENT_SENDTO	1523030880166109855
70C1D4CB-3678-11E8-BF66-D9AA8AFF4A69	SUBJECT_PROCESS	70C16429-3678-11E8-BF66-D9AA8AFF4A69	FILE_OBJECT_UNIX_SOCKET	EVENT_RECVFROM	1523030880166109855
69010BE1-39B4-11E8-BF66-D9AA8AFF4A69	SUBJECT_PROCESS	AD72D95C-39B4-11E8-BF66-D9AA8AFF4A69	FILE_OBJECT_UNIX_SOCKET	EVENT_CLOSE	1523030880166109855
6472B002-39B4-11E8-BF66-D9AA8AFF4A69	SUBJECT_PROCESS	90139085-37D9-7553-9937-CFE3D375E971	FILE_OBJECT_FILE	EVENT_READ	1523030880166109855
6472B002-39B4-11E8-BF66-D9AA8AFF4A69	SUBJECT_PROCESS	90139085-37D9-7553-9937-CFE3D375E971	FILE_OBJECT_FILE	EVENT_READ	1523030880166109855
69010BE1-39B4-11E8-BF66-D9AA8AFF4A69	SUBJECT_PROCESS	AD7313DE-39B4-11E8-BF66-D9AA8AFF4A69	FILE_OBJECT_UNIX_SOCKET	EVENT_CONNECT	1523030880166109855
6472B002-39B4-11E8-BF66-D9AA8AFF4A69	SUBJECT_PROCESS	90139085-37D9-7553-9937-CFE3D375E971	FILE_OBJECT_FILE	EVENT_READ	1523030880166109855
69010BE1-39B4-11E8-BF66-D9AA8AFF4A69	SUBJECT_PROCESS	AD7313DE-39B4-11E8-BF66-D9AA8AFF4A69	FILE_OBJECT_UNIX_SOCKET	EVENT_SENDTO	1523030880166109855
70C1D4CB-3678-11E8-BF66-D9AA8AFF4A69	SUBJECT_PROCESS	70C16429-3678-11E8-BF66-D9AA8AFF4A69	FILE_OBJECT_UNIX_SOCKET	EVENT_RECVFROM	1523030880166109855
69010BE1-39B4-11E8-BF66-D9AA8AFF4A69	SUBJECT_PROCESS	AD7313DE-39B4-11E8-BF66-D9AA8AFF4A69	FILE_OBJECT_UNIX_SOCKET	EVENT_CLOSE	1523030880166109855
6472B002-39B4-11E8-BF66-D9AA8AFF4A69	SUBJECT_PROCESS	90139085-37D9-7553-9937-CFE3D375E971	FILE_OBJECT_FILE	EVENT_READ	1523030880166109855
69010BE1-39B4-11E8-BF66-D9AA8AFF4A69	SUBJECT_PROCESS	69010BE1-39B4-11E8-BF66-D9AA8AFF4A69	SUBJECT_PROCESS	EVENT_EXIT	1523030880166109855
6472B002-39B4-11E8-BF66-D9AA8AFF4A69	SUBJECT_PROCESS	90139085-37D9-7553-9937-CFE3D375E971	FILE_OBJECT_FILE	EVENT_CLOSE	1523030880166109855
6472B002-39B4-11E8-BF66-D9AA8AFF4A69	SUBJECT_PROCESS	77E09D96-956C-9252-AC95-ABDF22923EF9	FILE_OBJECT_FILE	EVENT_OPEN	1523030880166109855
6472B002-39B4-11E8-BF66-D9AA8AFF4A69	SUBJECT_PROCESS	77E09D96-956C-9252-AC95-ABDF22923EF9	FILE_OBJECT_FILE	EVENT_OPEN	1523030880166109855
6472B002-39B4-11E8-BF66-D9AA8AFF4A69	SUBJECT_PROCESS	77E09D96-956C-9252-AC95-ABDF22923EF9	FILE_OBJECT_FILE	EVENT_LSEEK	1523030880166109855
6472B002-39B4-11E8-BF66-D9AA8AFF4A69	SUBJECT_PROCESS	77E09D96-956C-9252-AC95-ABDF22923EF9	FILE_OBJECT_FILE	EVENT_LSEEK	1523030880166109855
6472B002-39B4-11E8-BF66-D9AA8AFF4A69	SUBJECT_PROCESS	77E09D96-956C-9252-AC95-ABDF22923EF9	FILE_OBJECT_FILE	EVENT_CLOSE	1523030880166109855
6472B002-39B4-11E8-BF66-D9AA8AFF4A69	SUBJECT_PROCESS	AAB4423F-1F2E-F053-AE1F-0B5FF3F000B5	FILE_OBJECT_FILE	EVENT_OPEN	1523030880166109855
6472B002-39B4-11E8-BF66-D9AA8AFF4A69	SUBJECT_PROCESS	AAB4423F-1F2E-F053-AE1F-0B5FF3F000B5	FILE_OBJECT_FILE	EVENT_WRITE	1523030880166109855
6472B002-39B4-11E8-BF66-D9AA8AFF4A69	SUBJECT_PROCESS	AAB4423F-1F2E-F053-AE1F-0B5FF3F000B5	FILE_OBJECT_FILE	EVENT_CLOSE	1523030880176112895
6472B002-39B4-11E8-BF66-D9AA8AFF4A69	SUBJECT_PROCESS	77E09D96-956C-9252-AC95-ABDF22923EF9	FILE_OBJECT_FILE	EVENT_CLOSE	1523030880176112895
6472B002-39B4-11E8-BF66-D9AA8AFF4A69	SUBJECT_PROCESS	64EE4B93-8566-E751-A685-83EDE1E76E1A	FILE_OBJECT_FILE	EVENT_CLOSE	1523030880176112895
708B08C1-3678-11E8-BF66-D9AA8AFF4A69	SUBJECT_PROCESS	E393303B-721F-8457-9F72-2DA477847B65	FILE_OBJECT_FILE	EVENT_READ	1523030880176112895
708B08C1-3678-11E8-BF66-D9AA8AFF4A69	SUBJECT_PROCESS	746D09EF-3678-11E8-BF66-D9AA8AFF4A69	FILE_OBJECT_UNIX_SOCKET	EVENT_SENDTO	1523030880176112895
70C1D4CB-3678-11E8-BF66-D9AA8AFF4A69	SUBJECT_PROCESS	70C1A076-3678-11E8-BF66-D9AA8AFF4A69	FILE_OBJECT_UNIX_SOCKET	EVENT_RECVFROM	1523030880176112895
708B08C1-3678-11E8-BF66-D9AA8AFF4A69	SUBJECT_PROCESS	746D09EF-3678-11E8-BF66-D9AA8AFF4A69	FILE_OBJECT_UNIX_SOCKET	EVENT_SENDTO	1523030880176112895
70C1D4CB-3678-11E8-BF66-D9AA8AFF4A69	SUBJECT_PROCESS	70C1A076-3678-11E8-BF66-D9AA8AFF4A69	FILE_OBJECT_UNIX_SOCKET	EVENT_RECVFROM	1523030880176112895
6472B002-39B4-11E8-BF66-D9AA8AFF4A69	SUBJECT_PROCESS	6472B002-39B4-11E8-BF66-D9AA8AFF4A69	SUBJECT_PROCESS	EVENT_EXIT	1523030880176112895
708B08C1-3678-11E8-BF66-D9AA8AFF4A69	SUBJECT_PROCESS	746D09EF-3678-11E8-BF66-D9AA8AFF4A69	FILE_OBJECT_UNIX_SOCKET	EVENT_SENDTO	1523030880176112895
70C1D4CB-3678-11E8-BF66-D9AA8AFF4A69	SUBJECT_PROCESS	70C1A076-3678-11E8-BF66-D9AA8AFF4A69	FILE_OBJECT_UNIX_SOCKET	EVENT_RECVFROM	1523030880176112895
708B08C1-3678-11E8-BF66-D9AA8AFF4A69	SUBJECT_PROCESS	746D09EF-3678-11E8-BF66-D9AA8AFF4A69	FILE_OBJECT_UNIX_SOCKET	EVENT_SENDTO	1523030880176112895
70C1D4CB-3678-11E8-BF66-D9AA8AFF4A69	SUBJECT_PROCESS	70C1A076-3678-11E8-BF66-D9AA8AFF4A69	FILE_OBJECT_UNIX_SOCKET	EVENT_RECVFROM	1523030880176112895
72FB0406-3678-11E8-BF66-D9AA8AFF4A69	SUBJECT_PROCESS	AD3D87F8-39B4-11E8-BF66-D9AA8AFF4A69	FILE_OBJECT_UNIX_SOCKET	EVENT_CLOSE	1523030880816110876
72FB0406-3678-11E8-BF66-D9AA8AFF4A69	SUBJECT_PROCESS	AD3D889C-39B4-11E8-BF66-D9AA8AFF4A69	FILE_OBJECT_UNIX_SOCKET	EVENT_CLOSE	1523030880816110876
72FB0406-3678-11E8-BF66-D9AA8AFF4A69	SUBJECT_PROCESS	ADD617D2-39B4-11E8-BF66-D9AA8AFF4A69	FILE_OBJECT_UNIX_SOCKET	EVENT_CREATE_OBJECT	1523030880816110876
72FB0406-3678-11E8-BF66-D9AA8AFF4A69	SUBJECT_PROCESS	ADD61875-39B4-11E8-BF66-D9AA8AFF4A69	FILE_OBJECT_UNIX_SOCKET	EVENT_CREATE_OBJECT	1523030880816110876
94ED0D0E-39B4-11E8-BF66-D9AA8AFF4A69	SUBJECT_PROCESS	17797A5B-A3BC-8450-BCA3-FD703084DDDB	FILE_OBJECT_FILE	EVENT_READ	1523030881466108258
94ED0D0E-39B4-11E8-BF66-D9AA8AFF4A69	SUBJECT_PROCESS	17797A5B-A3BC-8450-BCA3-FD703084DDDB	FILE_OBJECT_FILE	EVENT_READ	1523030881466108258
94ED0D0E-39B4-11E8-BF66-D9AA8AFF4A69	SUBJECT_PROCESS	17797A5B-A3BC-8450-BCA3-FD703084DDDB	FILE_OBJECT_FILE	EVENT_READ	1523030881466108258
94ED0D0E-39B4-11E8-BF66-D9AA8AFF4A69	SUBJECT_PROCESS	17797A5B-A3BC-8450-BCA3-FD703084DDDB	FILE_OBJECT_FILE	EVENT_WRITE	1523030881466108258
72FB0406-3678-11E8-BF66-D9AA8AFF4A69	SUBJECT_PROCESS	ADD617D2-39B4-11E8-BF66-D9AA8AFF4A69	FILE_OBJECT_UNIX_SOCKET	EVENT_CLOSE	1523030881806108255
72FB0406-3678-11E8-BF66-D9AA8AFF4A69	SUBJECT_PROCESS	ADD61875-39B4-11E8-BF66-D9AA8AFF4A69	FILE_OBJECT_UNIX_SOCKET	EVENT_CLOSE	1523030881806108255
72FB0406-3678-11E8-BF66-D9AA8AFF4A69	SUBJECT_PROCESS	AE6D2A94-39B4-11E8-BF66-D9AA8AFF4A69	FILE_OBJECT_UNIX_SOCKET	EVENT_CREATE_OBJECT	1523030881806108255
72FB0406-3678-11E8-BF66-D9AA8AFF4A69	SUBJECT_PROCESS	AE6D2B3D-39B4-11E8-BF66-D9AA8AFF4A69	FILE_OBJECT_UNIX_SOCKET	EVENT_CREATE_OBJECT	1523030881806108255
72FB0406-3678-11E8-BF66-D9AA8AFF4A69	SUBJECT_PROCESS	AE6D2A94-39B4-11E8-BF66-D9AA8AFF4A69	FILE_OBJECT_UNIX_SOCKET	EVENT_CLOSE	1523030882816110225
72FB0406-3678-11E8-BF66-D9AA8AFF4A69	SUBJECT_PROCESS	AE6D2B3D-39B4-11E8-BF66-D9AA8AFF4A69	FILE_OBJECT_UNIX_SOCKET	EVENT_CLOSE	1523030882816110225
72FB0406-3678-11E8-BF66-D9AA8AFF4A69	SUBJECT_PROCESS	AF074A08-39B4-11E8-BF66-D9AA8AFF4A69	FILE_OBJECT_UNIX_SOCKET	EVENT_CREATE_OBJECT	1523030882816110225
72FB0406-3678-11E8-BF66-D9AA8AFF4A69	SUBJECT_PROCESS	AF074AAF-39B4-11E8-BF66-D9AA8AFF4A69	FILE_OBJECT_UNIX_SOCKET	EVENT_CREATE_OBJECT	1523030882816110225
72FB0406-3678-11E8-BF66-D9AA8AFF4A69	SUBJECT_PROCESS	AF074A08-39B4-11E8-BF66-D9AA8AFF4A69	FILE_OBJECT_UNIX_SOCKET	EVENT_CLOSE	1523030883806109434
72FB0406-3678-11E8-BF66-D9AA8AFF4A69	SUBJECT_PROCESS	AF074AAF-39B4-11E8-BF66-D9AA8AFF4A69	FILE_OBJECT_UNIX_SOCKET	EVENT_CLOSE	1523030883806109434
72FB0406-3678-11E8-BF66-D9AA8AFF4A69	SUBJECT_PROCESS	AF9E534C-39B4-11E8-BF66-D9AA8AFF4A69	FILE_OBJECT_UNIX_SOCKET	EVENT_CREATE_OBJECT	1523030883806109434
72FB0406-3678-11E8-BF66-D9AA8AFF4A69	SUBJECT_PROCESS	AF9E5443-39B4-11E8-BF66-D9AA8AFF4A69	FILE_OBJECT_UNIX_SOCKET	EVENT_CREATE_OBJECT	1523030883806109434
72FB0406-3678-11E8-BF66-D9AA8AFF4A69	SUBJECT_PROCESS	AF9E534C-39B4-11E8-BF66-D9AA8AFF4A69	FILE_OBJECT_UNIX_SOCKET	EVENT_CLOSE	1523030884806108043
72FB0406-3678-11E8-BF66-D9AA8AFF4A69	SUBJECT_PROCESS	AF9E5443-39B4-11E8-BF66-D9AA8AFF4A69	FILE_OBJECT_UNIX_SOCKET	EVENT_CLOSE	1523030884806108043
72FB0406-3678-11E8-BF66-D9AA8AFF4A69	SUBJECT_PROCESS	B036FDB5-39B4-11E8-BF66-D9AA8AFF4A69	FILE_OBJECT_UNIX_SOCKET	EVENT_CREATE_OBJECT	1523030884806108043
72FB0406-3678-11E8-BF66-D9AA8AFF4A69	SUBJECT_PROCESS	B036FE59-39B4-11E8-BF66-D9AA8AFF4A69	FILE_OBJECT_UNIX_SOCKET	EVENT_CREATE_OBJECT	1523030884806108043
94ED0D0E-39B4-11E8-BF66-D9AA8AFF4A69	SUBJECT_PROCESS	17797A5B-A3BC-8450-BCA3-FD703084DDDB	FILE_OBJECT_FILE	EVENT_READ	1523030885256109779
94ED0D0E-39B4-11E8-BF66-D9AA8AFF4A69	SUBJECT_PROCESS	17797A5B-A3BC-8450-BCA3-FD703084DDDB	FILE_OBJECT_FILE	EVENT_WRITE	1523030885256109779
94ED0D0E-39B4-11E8-BF66-D9AA8AFF4A69	SUBJECT_PROCESS	17797A5B-A3BC-8450-BCA3-FD703084DDDB	FILE_OBJECT_FILE	EVENT_READ	1523030885476110927
94ED0D0E-39B4-11E8-BF66-D9AA8AFF4A69	SUBJECT_PROCESS	17797A5B-A3BC-8450-BCA3-FD703084DDDB	FILE_OBJECT_FILE	EVENT_WRITE	1523030885476110927
15B8D392-39B3-11E8-BF66-D9AA8AFF4A69	SUBJECT_PROCESS	15B8BB8C-39B3-11E8-BF66-D9AA8AFF4A69	NetFlowObject	EVENT_WRITE	1523030885686107903
15B8D392-39B3-11E8-BF66-D9AA8AFF4A69	SUBJECT_PROCESS	15B8BB8C-39B3-11E8-BF66-D9AA8AFF4A69	NetFlowObject	EVENT_READ	1523030885686107903
15B8D392-39B3-11E8-BF66-D9AA8AFF4A69	SUBJECT_PROCESS	15B8BB8C-39B3-11E8-BF66-D9AA8AFF4A69	NetFlowObject	EVENT_WRITE	1523030885686107903
15B8D392-39B3-11E8-BF66-D9AA8AFF4A69	SUBJECT_PROCESS	15B8BB8C-39B3-11E8-BF66-D9AA8AFF4A69	NetFlowObject	EVENT_READ	1523030885686107903
15B8D392-39B3-11E8-BF66-D9AA8AFF4A69	SUBJECT_PROCESS	15B8BB8C-39B3-11E8-BF66-D9AA8AFF4A69	NetFlowObject	EVENT_WRITE	1523030885686107903
15B8D392-39B3-11E8-BF66-D9AA8AFF4A69	SUBJECT_PROCESS	15B8BB8C-39B3-11E8-BF66-D9AA8AFF4A69	NetFlowObject	EVENT_READ	1523030885686107903
15B8D392-39B3-11E8-BF66-D9AA8AFF4A69	SUBJECT_PROCESS	15B8BB8C-39B3-11E8-BF66-D9AA8AFF4A69	NetFlowObject	EVENT_WRITE	1523030885686107903
15B8D392-39B3-11E8-BF66-D9AA8AFF4A69	SUBJECT_PROCESS	15B8BB8C-39B3-11E8-BF66-D9AA8AFF4A69	NetFlowObject	EVENT_READ	1523030885696119024
15B8D392-39B3-11E8-BF66-D9AA8AFF4A69	SUBJECT_PROCESS	15B8BB8C-39B3-11E8-BF66-D9AA8AFF4A69	NetFlowObject	EVENT_WRITE	1523030885696119024
72FB0406-3678-11E8-BF66-D9AA8AFF4A69	SUBJECT_PROCESS	B036FDB5-39B4-11E8-BF66-D9AA8AFF4A69	FILE_OBJECT_UNIX_SOCKET	EVENT_CLOSE	1523030885806109193
72FB0406-3678-11E8-BF66-D9AA8AFF4A69	SUBJECT_PROCESS	B036FE59-39B4-11E8-BF66-D9AA8AFF4A69	FILE_OBJECT_UNIX_SOCKET	EVENT_CLOSE	1523030885806109193
72FB0406-3678-11E8-BF66-D9AA8AFF4A69	SUBJECT_PROCESS	B0CF81AE-39B4-11E8-BF66-D9AA8AFF4A69	FILE_OBJECT_UNIX_SOCKET	EVENT_CREATE_OBJECT	1523030885806109193
72FB0406-3678-11E8-BF66-D9AA8AFF4A69	SUBJECT_PROCESS	B0CF8252-39B4-11E8-BF66-D9AA8AFF4A69	FILE_OBJECT_UNIX_SOCKET	EVENT_CREATE_OBJECT	1523030885806109193
94ED0D0E-39B4-11E8-BF66-D9AA8AFF4A69	SUBJECT_PROCESS	17797A5B-A3BC-8450-BCA3-FD703084DDDB	FILE_OBJECT_FILE	EVENT_READ	1523030885896106780
94ED0D0E-39B4-11E8-BF66-D9AA8AFF4A69	SUBJECT_PROCESS	17797A5B-A3BC-8450-BCA3-FD703084DDDB	FILE_OBJECT_FILE	EVENT_WRITE	1523030885896106780
94ED0D0E-39B4-11E8-BF66-D9AA8AFF4A69	SUBJECT_PROCESS	17797A5B-A3BC-8450-BCA3-FD703084DDDB	FILE_OBJECT_FILE	EVENT_READ	1523030886086109245
94ED0D0E-39B4-11E8-BF66-D9AA8AFF4A69	SUBJECT_PROCESS	17797A5B-A3BC-8450-BCA3-FD703084DDDB	FILE_OBJECT_FILE	EVENT_WRITE	1523030886086109245
94ED0D0E-39B4-11E8-BF66-D9AA8AFF4A69	SUBJECT_PROCESS	17797A5B-A3BC-8450-BCA3-FD703084DDDB	FILE_OBJECT_FILE	EVENT_READ	1523030886166108472
94ED0D0E-39B4-11E8-BF66-D9AA8AFF4A69	SUBJECT_PROCESS	17797A5B-A3BC-8450-BCA3-FD703084DDDB	FILE_OBJECT_FILE	EVENT_WRITE	1523030886166108472
94ED0D0E-39B4-11E8-BF66-D9AA8AFF4A69	SUBJECT_PROCESS	17797A5B-A3BC-8450-BCA3-FD703084DDDB	FILE_OBJECT_FILE	EVENT_READ	1523030886366108087
94ED0D0E-39B4-11E8-BF66-D9AA8AFF4A69	SUBJECT_PROCESS	17797A5B-A3BC-8450-BCA3-FD703084DDDB	FILE_OBJECT_FILE	EVENT_WRITE	1523030886366108087
94ED0D0E-39B4-11E8-BF66-D9AA8AFF4A69	SUBJECT_PROCESS	17797A5B-A3BC-8450-BCA3-FD703084DDDB	FILE_OBJECT_FILE	EVENT_READ	1523030886736108607
94ED0D0E-39B4-11E8-BF66-D9AA8AFF4A69	SUBJECT_PROCESS	17797A5B-A3BC-8450-BCA3-FD703084DDDB	FILE_OBJECT_FILE	EVENT_WRITE	1523030886736108607
72FB0406-3678-11E8-BF66-D9AA8AFF4A69	SUBJECT_PROCESS	B0CF81AE-39B4-11E8-BF66-D9AA8AFF4A69	FILE_OBJECT_UNIX_SOCKET	EVENT_CLOSE	1523030886806107472
72FB0406-3678-11E8-BF66-D9AA8AFF4A69	SUBJECT_PROCESS	B0CF8252-39B4-11E8-BF66-D9AA8AFF4A69	FILE_OBJECT_UNIX_SOCKET	EVENT_CLOSE	1523030886806107472
72FB0406-3678-11E8-BF66-D9AA8AFF4A69	SUBJECT_PROCESS	B168164C-39B4-11E8-BF66-D9AA8AFF4A69	FILE_OBJECT_UNIX_SOCKET	EVENT_CREATE_OBJECT	1523030886806107472
72FB0406-3678-11E8-BF66-D9AA8AFF4A69	SUBJECT_PROCESS	B16816B2-39B4-11E8-BF66-D9AA8AFF4A69	FILE_OBJECT_UNIX_SOCKET	EVENT_CREATE_OBJECT	1523030886806107472
94ED0D0E-39B4-11E8-BF66-D9AA8AFF4A69	SUBJECT_PROCESS	17797A5B-A3BC-8450-BCA3-FD703084DDDB	FILE_OBJECT_FILE	EVENT_READ	1523030886886108979
94ED0D0E-39B4-11E8-BF66-D9AA8AFF4A69	SUBJECT_PROCESS	17797A5B-A3BC-8450-BCA3-FD703084DDDB	FILE_OBJECT_FILE	EVENT_WRITE	1523030886886108979
94ED0D0E-39B4-11E8-BF66-D9AA8AFF4A69	SUBJECT_PROCESS	17797A5B-A3BC-8450-BCA3-FD703084DDDB	FILE_OBJECT_FILE	EVENT_READ	1523030887026109310
94ED0D0E-39B4-11E8-BF66-D9AA8AFF4A69	SUBJECT_PROCESS	17797A5B-A3BC-8450-BCA3-FD703084DDDB	FILE_OBJECT_FILE	EVENT_WRITE	1523030887026109310
94ED0D0E-39B4-11E8-BF66-D9AA8AFF4A69	SUBJECT_PROCESS	17797A5B-A3BC-8450-BCA3-FD703084DDDB	FILE_OBJECT_FILE	EVENT_READ	1523030887196109113
94ED0D0E-39B4-11E8-BF66-D9AA8AFF4A69	SUBJECT_PROCESS	17797A5B-A3BC-8450-BCA3-FD703084DDDB	FILE_OBJECT_FILE	EVENT_WRITE	1523030887196109113
94ED0D0E-39B4-11E8-BF66-D9AA8AFF4A69	SUBJECT_PROCESS	17797A5B-A3BC-8450-BCA3-FD703084DDDB	FILE_OBJECT_FILE	EVENT_READ	1523030887366109807
94ED0D0E-39B4-11E8-BF66-D9AA8AFF4A69	SUBJECT_PROCESS	17797A5B-A3BC-8450-BCA3-FD703084DDDB	FILE_OBJECT_FILE	EVENT_WRITE	1523030887366109807
94ED0D0E-39B4-11E8-BF66-D9AA8AFF4A69	SUBJECT_PROCESS	17797A5B-A3BC-8450-BCA3-FD703084DDDB	FILE_OBJECT_FILE	EVENT_READ	1523030887576106894
94ED0D0E-39B4-11E8-BF66-D9AA8AFF4A69	SUBJECT_PROCESS	17797A5B-A3BC-8450-BCA3-FD703084DDDB	FILE_OBJECT_FILE	EVENT_WRITE	1523030887576106894
94ED0D0E-39B4-11E8-BF66-D9AA8AFF4A69	SUBJECT_PROCESS	17797A5B-A3BC-8450-BCA3-FD703084DDDB	FILE_OBJECT_FILE	EVENT_READ	1523030887736109676
94ED0D0E-39B4-11E8-BF66-D9AA8AFF4A69	SUBJECT_PROCESS	17797A5B-A3BC-8450-BCA3-FD703084DDDB	FILE_OBJECT_FILE	EVENT_WRITE	1523030887736109676
72FB0406-3678-11E8-BF66-D9AA8AFF4A69	SUBJECT_PROCESS	B168164C-39B4-11E8-BF66-D9AA8AFF4A69	FILE_OBJECT_UNIX_SOCKET	EVENT_CLOSE	1523030887806109092
72FB0406-3678-11E8-BF66-D9AA8AFF4A69	SUBJECT_PROCESS	B16816B2-39B4-11E8-BF66-D9AA8AFF4A69	FILE_OBJECT_UNIX_SOCKET	EVENT_CLOSE	1523030887806109092
72FB0406-3678-11E8-BF66-D9AA8AFF4A69	SUBJECT_PROCESS	B2009565-39B4-11E8-BF66-D9AA8AFF4A69	FILE_OBJECT_UNIX_SOCKET	EVENT_CREATE_OBJECT	1523030887806109092
72FB0406-3678-11E8-BF66-D9AA8AFF4A69	SUBJECT_PROCESS	B20095CA-39B4-11E8-BF66-D9AA8AFF4A69	FILE_OBJECT_UNIX_SOCKET	EVENT_CREATE_OBJECT	1523030887806109092
94ED0D0E-39B4-11E8-BF66-D9AA8AFF4A69	SUBJECT_PROCESS	17797A5B-A3BC-8450-BCA3-FD703084DDDB	FILE_OBJECT_FILE	EVENT_READ	1523030887916110421
94ED0D0E-39B4-11E8-BF66-D9AA8AFF4A69	SUBJECT_PROCESS	17797A5B-A3BC-8450-BCA3-FD703084DDDB	FILE_OBJECT_FILE	EVENT_WRITE	1523030887916110421
94ED0D0E-39B4-11E8-BF66-D9AA8AFF4A69	SUBJECT_PROCESS	17797A5B-A3BC-8450-BCA3-FD703084DDDB	FILE_OBJECT_FILE	EVENT_READ	1523030888066109162
94ED0D0E-39B4-11E8-BF66-D9AA8AFF4A69	SUBJECT_PROCESS	17797A5B-A3BC-8450-BCA3-FD703084DDDB	FILE_OBJECT_FILE	EVENT_WRITE	1523030888066109162
94ED0D0E-39B4-11E8-BF66-D9AA8AFF4A69	SUBJECT_PROCESS	17797A5B-A3BC-8450-BCA3-FD703084DDDB	FILE_OBJECT_FILE	EVENT_READ	1523030888196106983
94ED0D0E-39B4-11E8-BF66-D9AA8AFF4A69	SUBJECT_PROCESS	17797A5B-A3BC-8450-BCA3-FD703084DDDB	FILE_OBJECT_FILE	EVENT_WRITE	1523030888196106983
94ED0D0E-39B4-11E8-BF66-D9AA8AFF4A69	SUBJECT_PROCESS	17797A5B-A3BC-8450-BCA3-FD703084DDDB	FILE_OBJECT_FILE	EVENT_READ	1523030888386109088
94ED0D0E-39B4-11E8-BF66-D9AA8AFF4A69	SUBJECT_PROCESS	17797A5B-A3BC-8450-BCA3-FD703084DDDB	FILE_OBJECT_FILE	EVENT_WRITE	1523030888386109088
94ED0D0E-39B4-11E8-BF66-D9AA8AFF4A69	SUBJECT_PROCESS	17797A5B-A3BC-8450-BCA3-FD703084DDDB	FILE_OBJECT_FILE	EVENT_READ	1523030888666108990
94ED0D0E-39B4-11E8-BF66-D9AA8AFF4A69	SUBJECT_PROCESS	17797A5B-A3BC-8450-BCA3-FD703084DDDB	FILE_OBJECT_FILE	EVENT_WRITE	1523030888666108990
94ED0D0E-39B4-11E8-BF66-D9AA8AFF4A69	SUBJECT_PROCESS	1D79C56B-45CF-55A4-9888-4175CB5747CD	UnnamedPipeObject	EVENT_CREATE_OBJECT	1523030888666108990
94ED0D0E-39B4-11E8-BF66-D9AA8AFF4A69	SUBJECT_PROCESS	B284F8BA-39B4-11E8-BF66-D9AA8AFF4A69	SUBJECT_PROCESS	EVENT_FORK	1523030888666108990
94ED0D0E-39B4-11E8-BF66-D9AA8AFF4A69	SUBJECT_PROCESS	B2851F4F-39B4-11E8-BF66-D9AA8AFF4A69	SUBJECT_PROCESS	EVENT_FORK	1523030888676108931
B284F8BA-39B4-11E8-BF66-D9AA8AFF4A69	SUBJECT_PROCESS	EA112F0C-C0B2-CD5B-B2C0-A1B8CBCD4FE9	FILE_OBJECT_FILE	EVENT_EXECUTE	1523030888676108931
B284F8BA-39B4-11E8-BF66-D9AA8AFF4A69	SUBJECT_PROCESS	7A350F75-9945-425D-8599-15CEBD426F06	FILE_OBJECT_FILE	EVENT_EXECUTE	1523030888676108931
B284F8BA-39B4-11E8-BF66-D9AA8AFF4A69	SUBJECT_PROCESS	51110606-D232-9652-B2D2-3A7242968F8A	FILE_OBJECT_FILE	EVENT_OPEN	1523030888676108931
B2851F4F-39B4-11E8-BF66-D9AA8AFF4A69	SUBJECT_PROCESS	29C0F421-9DEA-A656-AA9D-30CFA6A69C0C	FILE_OBJECT_FILE	EVENT_EXECUTE	1523030888676108931
B2851F4F-39B4-11E8-BF66-D9AA8AFF4A69	SUBJECT_PROCESS	7A350F75-9945-425D-8599-15CEBD426F06	FILE_OBJECT_FILE	EVENT_EXECUTE	1523030888676108931
B284F8BA-39B4-11E8-BF66-D9AA8AFF4A69	SUBJECT_PROCESS	51110606-D232-9652-B2D2-3A7242968F8A	FILE_OBJECT_FILE	EVENT_READ	1523030888676108931
B2851F4F-39B4-11E8-BF66-D9AA8AFF4A69	SUBJECT_PROCESS	51110606-D232-9652-B2D2-3A7242968F8A	FILE_OBJECT_FILE	EVENT_OPEN	1523030888676108931
B284F8BA-39B4-11E8-BF66-D9AA8AFF4A69	SUBJECT_PROCESS	51110606-D232-9652-B2D2-3A7242968F8A	FILE_OBJECT_FILE	EVENT_CLOSE	1523030888676108931
B2851F4F-39B4-11E8-BF66-D9AA8AFF4A69	SUBJECT_PROCESS	51110606-D232-9652-B2D2-3A7242968F8A	FILE_OBJECT_FILE	EVENT_READ	1523030888676108931
B284F8BA-39B4-11E8-BF66-D9AA8AFF4A69	SUBJECT_PROCESS	8A44F292-648B-7854-8B64-00F954785A79	FILE_OBJECT_FILE	EVENT_OPEN	1523030888676108931
B2851F4F-39B4-11E8-BF66-D9AA8AFF4A69	SUBJECT_PROCESS	51110606-D232-9652-B2D2-3A7242968F8A	FILE_OBJECT_FILE	EVENT_CLOSE	1523030888676108931
B284F8BA-39B4-11E8-BF66-D9AA8AFF4A69	SUBJECT_PROCESS	8A44F292-648B-7854-8B64-00F954785A79	FILE_OBJECT_FILE	EVENT_READ	1523030888676108931
B2851F4F-39B4-11E8-BF66-D9AA8AFF4A69	SUBJECT_PROCESS	8A44F292-648B-7854-8B64-00F954785A79	FILE_OBJECT_FILE	EVENT_OPEN	1523030888676108931
B284F8BA-39B4-11E8-BF66-D9AA8AFF4A69	SUBJECT_PROCESS	8A44F292-648B-7854-8B64-00F954785A79	FILE_OBJECT_FILE	EVENT_READ	1523030888676108931
B2851F4F-39B4-11E8-BF66-D9AA8AFF4A69	SUBJECT_PROCESS	8A44F292-648B-7854-8B64-00F954785A79	FILE_OBJECT_FILE	EVENT_READ	1523030888676108931
B284F8BA-39B4-11E8-BF66-D9AA8AFF4A69	SUBJECT_PROCESS	8A44F292-648B-7854-8B64-00F954785A79	FILE_OBJECT_FILE	EVENT_CLOSE	1523030888676108931
B2851F4F-39B4-11E8-BF66-D9AA8AFF4A69	SUBJECT_PROCESS	8A44F292-648B-7854-8B64-00F954785A79	FILE_OBJECT_FILE	EVENT_READ	1523030888676108931
B284F8BA-39B4-11E8-BF66-D9AA8AFF4A69	SUBJECT_PROCESS	D57B2A07-B373-B75A-B3B3-93790AB76535	FILE_OBJECT_FILE	EVENT_OPEN	1523030888676108931
B2851F4F-39B4-11E8-BF66-D9AA8AFF4A69	SUBJECT_PROCESS	8A44F292-648B-7854-8B64-00F954785A79	FILE_OBJECT_FILE	EVENT_CLOSE	1523030888676108931
B284F8BA-39B4-11E8-BF66-D9AA8AFF4A69	SUBJECT_PROCESS	D57B2A07-B373-B75A-B3B3-93790AB76535	FILE_OBJECT_FILE	EVENT_MMAP	1523030888676108931
B2851F4F-39B4-11E8-BF66-D9AA8AFF4A69	SUBJECT_PROCESS	F802C467-68D3-4950-9368-CE2BE049BD5D	FILE_OBJECT_FILE	EVENT_OPEN	1523030888676108931
B284F8BA-39B4-11E8-BF66-D9AA8AFF4A69	SUBJECT_PROCESS	D57B2A07-B373-B75A-B3B3-93790AB76535	FILE_OBJECT_FILE	EVENT_MMAP	1523030888676108931
B2851F4F-39B4-11E8-BF66-D9AA8AFF4A69	SUBJECT_PROCESS	F802C467-68D3-4950-9368-CE2BE049BD5D	FILE_OBJECT_FILE	EVENT_MMAP	1523030888676108931
B284F8BA-39B4-11E8-BF66-D9AA8AFF4A69	SUBJECT_PROCESS	D57B2A07-B373-B75A-B3B3-93790AB76535	FILE_OBJECT_FILE	EVENT_MMAP	1523030888676108931
B2851F4F-39B4-11E8-BF66-D9AA8AFF4A69	SUBJECT_PROCESS	F802C467-68D3-4950-9368-CE2BE049BD5D	FILE_OBJECT_FILE	EVENT_MMAP	1523030888676108931
B284F8BA-39B4-11E8-BF66-D9AA8AFF4A69	SUBJECT_PROCESS	D57B2A07-B373-B75A-B3B3-93790AB76535	FILE_OBJECT_FILE	EVENT_MMAP	1523030888676108931
B2851F4F-39B4-11E8-BF66-D9AA8AFF4A69	SUBJECT_PROCESS	F802C467-68D3-4950-9368-CE2BE049BD5D	FILE_OBJECT_FILE	EVENT_MMAP	1523030888676108931
B284F8BA-39B4-11E8-BF66-D9AA8AFF4A69	SUBJECT_PROCESS	D57B2A07-B373-B75A-B3B3-93790AB76535	FILE_OBJECT_FILE	EVENT_MMAP	1523030888676108931
B2851F4F-39B4-11E8-BF66-D9AA8AFF4A69	SUBJECT_PROCESS	F802C467-68D3-4950-9368-CE2BE049BD5D	FILE_OBJECT_FILE	EVENT_MMAP	1523030888676108931
B284F8BA-39B4-11E8-BF66-D9AA8AFF4A69	SUBJECT_PROCESS	D57B2A07-B373-B75A-B3B3-93790AB76535	FILE_OBJECT_FILE	EVENT_MMAP	1523030888676108931
B2851F4F-39B4-11E8-BF66-D9AA8AFF4A69	SUBJECT_PROCESS	F802C467-68D3-4950-9368-CE2BE049BD5D	FILE_OBJECT_FILE	EVENT_MMAP	1523030888676108931
B284F8BA-39B4-11E8-BF66-D9AA8AFF4A69	SUBJECT_PROCESS	D57B2A07-B373-B75A-B3B3-93790AB76535	FILE_OBJECT_FILE	EVENT_CLOSE	1523030888676108931
B2851F4F-39B4-11E8-BF66-D9AA8AFF4A69	SUBJECT_PROCESS	F802C467-68D3-4950-9368-CE2BE049BD5D	FILE_OBJECT_FILE	EVENT_MMAP	1523030888676108931
B284F8BA-39B4-11E8-BF66-D9AA8AFF4A69	SUBJECT_PROCESS	718F288D-A702-1B5D-82A7-80807D1BB326	FILE_OBJECT_FILE	EVENT_OPEN	1523030888676108931
B2851F4F-39B4-11E8-BF66-D9AA8AFF4A69	SUBJECT_PROCESS	F802C467-68D3-4950-9368-CE2BE049BD5D	FILE_OBJECT_FILE	EVENT_CLOSE	1523030888676108931
B284F8BA-39B4-11E8-BF66-D9AA8AFF4A69	SUBJECT_PROCESS	718F288D-A702-1B5D-82A7-80807D1BB326	FILE_OBJECT_FILE	EVENT_MMAP	1523030888676108931
B2851F4F-39B4-11E8-BF66-D9AA8AFF4A69	SUBJECT_PROCESS	4712EA4F-DAE8-DB53-A8DA-6C9F43DB784D	FILE_OBJECT_FILE	EVENT_OPEN	1523030888676108931
B284F8BA-39B4-11E8-BF66-D9AA8AFF4A69	SUBJECT_PROCESS	718F288D-A702-1B5D-82A7-80807D1BB326	FILE_OBJECT_FILE	EVENT_MMAP	1523030888676108931
B2851F4F-39B4-11E8-BF66-D9AA8AFF4A69	SUBJECT_PROCESS	4712EA4F-DAE8-DB53-A8DA-6C9F43DB784D	FILE_OBJECT_FILE	EVENT_MMAP	1523030888676108931
B284F8BA-39B4-11E8-BF66-D9AA8AFF4A69	SUBJECT_PROCESS	718F288D-A702-1B5D-82A7-80807D1BB326	FILE_OBJECT_FILE	EVENT_MMAP	1523030888676108931
B2851F4F-39B4-11E8-BF66-D9AA8AFF4A69	SUBJECT_PROCESS	4712EA4F-DAE8-DB53-A8DA-6C9F43DB784D	FILE_OBJECT_FILE	EVENT_MMAP	1523030888676108931
B284F8BA-39B4-11E8-BF66-D9AA8AFF4A69	SUBJECT_PROCESS	718F288D-A702-1B5D-82A7-80807D1BB326	FILE_OBJECT_FILE	EVENT_MMAP	1523030888676108931
B2851F4F-39B4-11E8-BF66-D9AA8AFF4A69	SUBJECT_PROCESS	4712EA4F-DAE8-DB53-A8DA-6C9F43DB784D	FILE_OBJECT_FILE	EVENT_MMAP	1523030888676108931
B284F8BA-39B4-11E8-BF66-D9AA8AFF4A69	SUBJECT_PROCESS	718F288D-A702-1B5D-82A7-80807D1BB326	FILE_OBJECT_FILE	EVENT_MMAP	1523030888676108931
B2851F4F-39B4-11E8-BF66-D9AA8AFF4A69	SUBJECT_PROCESS	4712EA4F-DAE8-DB53-A8DA-6C9F43DB784D	FILE_OBJECT_FILE	EVENT_MMAP	1523030888676108931
B284F8BA-39B4-11E8-BF66-D9AA8AFF4A69	SUBJECT_PROCESS	718F288D-A702-1B5D-82A7-80807D1BB326	FILE_OBJECT_FILE	EVENT_MMAP	1523030888676108931
B2851F4F-39B4-11E8-BF66-D9AA8AFF4A69	SUBJECT_PROCESS	4712EA4F-DAE8-DB53-A8DA-6C9F43DB784D	FILE_OBJECT_FILE	EVENT_MMAP	1523030888676108931
B284F8BA-39B4-11E8-BF66-D9AA8AFF4A69	SUBJECT_PROCESS	718F288D-A702-1B5D-82A7-80807D1BB326	FILE_OBJECT_FILE	EVENT_CLOSE	1523030888676108931
B2851F4F-39B4-11E8-BF66-D9AA8AFF4A69	SUBJECT_PROCESS	4712EA4F-DAE8-DB53-A8DA-6C9F43DB784D	FILE_OBJECT_FILE	EVENT_MMAP	1523030888676108931
B284F8BA-39B4-11E8-BF66-D9AA8AFF4A69	SUBJECT_PROCESS	D3F11983-FFD7-8A58-97FF-D38E388A1453	FILE_OBJECT_FILE	EVENT_OPEN	1523030888676108931
B2851F4F-39B4-11E8-BF66-D9AA8AFF4A69	SUBJECT_PROCESS	4712EA4F-DAE8-DB53-A8DA-6C9F43DB784D	FILE_OBJECT_FILE	EVENT_CLOSE	1523030888676108931
B284F8BA-39B4-11E8-BF66-D9AA8AFF4A69	SUBJECT_PROCESS	D3F11983-FFD7-8A58-97FF-D38E388A1453	FILE_OBJECT_FILE	EVENT_MMAP	1523030888676108931
B2851F4F-39B4-11E8-BF66-D9AA8AFF4A69	SUBJECT_PROCESS	DEADAC7C-AED5-7E50-95AE-0452707EB22B	FILE_OBJECT_FILE	EVENT_OPEN	1523030888676108931
B284F8BA-39B4-11E8-BF66-D9AA8AFF4A69	SUBJECT_PROCESS	D3F11983-FFD7-8A58-97FF-D38E388A1453	FILE_OBJECT_FILE	EVENT_MMAP	1523030888676108931
B2851F4F-39B4-11E8-BF66-D9AA8AFF4A69	SUBJECT_PROCESS	DEADAC7C-AED5-7E50-95AE-0452707EB22B	FILE_OBJECT_FILE	EVENT_MMAP	1523030888676108931
B284F8BA-39B4-11E8-BF66-D9AA8AFF4A69	SUBJECT_PROCESS	D3F11983-FFD7-8A58-97FF-D38E388A1453	FILE_OBJECT_FILE	EVENT_MMAP	1523030888686109302
B2851F4F-39B4-11E8-BF66-D9AA8AFF4A69	SUBJECT_PROCESS	DEADAC7C-AED5-7E50-95AE-0452707EB22B	FILE_OBJECT_FILE	EVENT_MMAP	1523030888686109302
B284F8BA-39B4-11E8-BF66-D9AA8AFF4A69	SUBJECT_PROCESS	D3F11983-FFD7-8A58-97FF-D38E388A1453	FILE_OBJECT_FILE	EVENT_MMAP	1523030888686109302
B2851F4F-39B4-11E8-BF66-D9AA8AFF4A69	SUBJECT_PROCESS	DEADAC7C-AED5-7E50-95AE-0452707EB22B	FILE_OBJECT_FILE	EVENT_MMAP	1523030888686109302
B284F8BA-39B4-11E8-BF66-D9AA8AFF4A69	SUBJECT_PROCESS	D3F11983-FFD7-8A58-97FF-D38E388A1453	FILE_OBJECT_FILE	EVENT_MMAP	1523030888686109302
B284F8BA-39B4-11E8-BF66-D9AA8AFF4A69	SUBJECT_PROCESS	D3F11983-FFD7-8A58-97FF-D38E388A1453	FILE_OBJECT_FILE	EVENT_MMAP	1523030888686109302
B2851F4F-39B4-11E8-BF66-D9AA8AFF4A69	SUBJECT_PROCESS	DEADAC7C-AED5-7E50-95AE-0452707EB22B	FILE_OBJECT_FILE	EVENT_MMAP	1523030888686109302
B284F8BA-39B4-11E8-BF66-D9AA8AFF4A69	SUBJECT_PROCESS	D3F11983-FFD7-8A58-97FF-D38E388A1453	FILE_OBJECT_FILE	EVENT_CLOSE	1523030888686109302
B2851F4F-39B4-11E8-BF66-D9AA8AFF4A69	SUBJECT_PROCESS	DEADAC7C-AED5-7E50-95AE-0452707EB22B	FILE_OBJECT_FILE	EVENT_MMAP	1523030888686109302
B2851F4F-39B4-11E8-BF66-D9AA8AFF4A69	SUBJECT_PROCESS	DEADAC7C-AED5-7E50-95AE-0452707EB22B	FILE_OBJECT_FILE	EVENT_MMAP	1523030888686109302
B284F8BA-39B4-11E8-BF66-D9AA8AFF4A69	SUBJECT_PROCESS	0905A02C-D979-5D57-B9D9-F12D475D7A9B	FILE_OBJECT_FILE	EVENT_OPEN	1523030888686109302
B284F8BA-39B4-11E8-BF66-D9AA8AFF4A69	SUBJECT_PROCESS	0905A02C-D979-5D57-B9D9-F12D475D7A9B	FILE_OBJECT_FILE	EVENT_MMAP	1523030888686109302
B2851F4F-39B4-11E8-BF66-D9AA8AFF4A69	SUBJECT_PROCESS	DEADAC7C-AED5-7E50-95AE-0452707EB22B	FILE_OBJECT_FILE	EVENT_CLOSE	1523030888686109302
B284F8BA-39B4-11E8-BF66-D9AA8AFF4A69	SUBJECT_PROCESS	0905A02C-D979-5D57-B9D9-F12D475D7A9B	FILE_OBJECT_FILE	EVENT_MMAP	1523030888686109302
B2851F4F-39B4-11E8-BF66-D9AA8AFF4A69	SUBJECT_PROCESS	76A739B1-A13E-FD50-BEA1-B218A0FD0400	FILE_OBJECT_FILE	EVENT_OPEN	1523030888686109302
B284F8BA-39B4-11E8-BF66-D9AA8AFF4A69	SUBJECT_PROCESS	0905A02C-D979-5D57-B9D9-F12D475D7A9B	FILE_OBJECT_FILE	EVENT_MMAP	1523030888686109302
B2851F4F-39B4-11E8-BF66-D9AA8AFF4A69	SUBJECT_PROCESS	76A739B1-A13E-FD50-BEA1-B218A0FD0400	FILE_OBJECT_FILE	EVENT_MMAP	1523030888686109302
B284F8BA-39B4-11E8-BF66-D9AA8AFF4A69	SUBJECT_PROCESS	0905A02C-D979-5D57-B9D9-F12D475D7A9B	FILE_OBJECT_FILE	EVENT_MMAP	1523030888686109302
B2851F4F-39B4-11E8-BF66-D9AA8AFF4A69	SUBJECT_PROCESS	76A739B1-A13E-FD50-BEA1-B218A0FD0400	FILE_OBJECT_FILE	EVENT_MMAP	1523030888686109302
B284F8BA-39B4-11E8-BF66-D9AA8AFF4A69	SUBJECT_PROCESS	0905A02C-D979-5D57-B9D9-F12D475D7A9B	FILE_OBJECT_FILE	EVENT_MMAP	1523030888686109302
B2851F4F-39B4-11E8-BF66-D9AA8AFF4A69	SUBJECT_PROCESS	76A739B1-A13E-FD50-BEA1-B218A0FD0400	FILE_OBJECT_FILE	EVENT_MMAP	1523030888686109302
B284F8BA-39B4-11E8-BF66-D9AA8AFF4A69	SUBJECT_PROCESS	0905A02C-D979-5D57-B9D9-F12D475D7A9B	FILE_OBJECT_FILE	EVENT_MMAP	1523030888686109302
B2851F4F-39B4-11E8-BF66-D9AA8AFF4A69	SUBJECT_PROCESS	76A739B1-A13E-FD50-BEA1-B218A0FD0400	FILE_OBJECT_FILE	EVENT_MMAP	1523030888686109302
B2851F4F-39B4-11E8-BF66-D9AA8AFF4A69	SUBJECT_PROCESS	76A739B1-A13E-FD50-BEA1-B218A0FD0400	FILE_OBJECT_FILE	EVENT_MMAP	1523030888686109302
B284F8BA-39B4-11E8-BF66-D9AA8AFF4A69	SUBJECT_PROCESS	0905A02C-D979-5D57-B9D9-F12D475D7A9B	FILE_OBJECT_FILE	EVENT_CLOSE	1523030888686109302
B2851F4F-39B4-11E8-BF66-D9AA8AFF4A69	SUBJECT_PROCESS	76A739B1-A13E-FD50-BEA1-B218A0FD0400	FILE_OBJECT_FILE	EVENT_MMAP	1523030888686109302
B284F8BA-39B4-11E8-BF66-D9AA8AFF4A69	SUBJECT_PROCESS	76A739B1-A13E-FD50-BEA1-B218A0FD0400	FILE_OBJECT_FILE	EVENT_OPEN	1523030888686109302
B2851F4F-39B4-11E8-BF66-D9AA8AFF4A69	SUBJECT_PROCESS	76A739B1-A13E-FD50-BEA1-B218A0FD0400	FILE_OBJECT_FILE	EVENT_CLOSE	1523030888686109302
B284F8BA-39B4-11E8-BF66-D9AA8AFF4A69	SUBJECT_PROCESS	76A739B1-A13E-FD50-BEA1-B218A0FD0400	FILE_OBJECT_FILE	EVENT_MMAP	1523030888686109302
B284F8BA-39B4-11E8-BF66-D9AA8AFF4A69	SUBJECT_PROCESS	76A739B1-A13E-FD50-BEA1-B218A0FD0400	FILE_OBJECT_FILE	EVENT_MMAP	1523030888686109302
B284F8BA-39B4-11E8-BF66-D9AA8AFF4A69	SUBJECT_PROCESS	76A739B1-A13E-FD50-BEA1-B218A0FD0400	FILE_OBJECT_FILE	EVENT_MMAP	1523030888686109302
B2851F4F-39B4-11E8-BF66-D9AA8AFF4A69	SUBJECT_PROCESS	F410BE96-4C0C-765E-8C4C-6F0E2E760020	FILE_OBJECT_FILE	EVENT_OPEN	1523030888686109302
B284F8BA-39B4-11E8-BF66-D9AA8AFF4A69	SUBJECT_PROCESS	76A739B1-A13E-FD50-BEA1-B218A0FD0400	FILE_OBJECT_FILE	EVENT_MMAP	1523030888686109302
B2851F4F-39B4-11E8-BF66-D9AA8AFF4A69	SUBJECT_PROCESS	F410BE96-4C0C-765E-8C4C-6F0E2E760020	FILE_OBJECT_FILE	EVENT_MMAP	1523030888686109302
B284F8BA-39B4-11E8-BF66-D9AA8AFF4A69	SUBJECT_PROCESS	76A739B1-A13E-FD50-BEA1-B218A0FD0400	FILE_OBJECT_FILE	EVENT_MMAP	1523030888686109302
B2851F4F-39B4-11E8-BF66-D9AA8AFF4A69	SUBJECT_PROCESS	F410BE96-4C0C-765E-8C4C-6F0E2E760020	FILE_OBJECT_FILE	EVENT_MMAP	1523030888686109302
B284F8BA-39B4-11E8-BF66-D9AA8AFF4A69	SUBJECT_PROCESS	76A739B1-A13E-FD50-BEA1-B218A0FD0400	FILE_OBJECT_FILE	EVENT_MMAP	1523030888686109302
B2851F4F-39B4-11E8-BF66-D9AA8AFF4A69	SUBJECT_PROCESS	F410BE96-4C0C-765E-8C4C-6F0E2E760020	FILE_OBJECT_FILE	EVENT_CLOSE	1523030888686109302
B284F8BA-39B4-11E8-BF66-D9AA8AFF4A69	SUBJECT_PROCESS	76A739B1-A13E-FD50-BEA1-B218A0FD0400	FILE_OBJECT_FILE	EVENT_CLOSE	1523030888686109302
B284F8BA-39B4-11E8-BF66-D9AA8AFF4A69	SUBJECT_PROCESS	F29977F6-07A2-935B-A207-C4871B93FE07	FILE_OBJECT_FILE	EVENT_OPEN	1523030888686109302
B284F8BA-39B4-11E8-BF66-D9AA8AFF4A69	SUBJECT_PROCESS	F29977F6-07A2-935B-A207-C4871B93FE07	FILE_OBJECT_FILE	EVENT_MMAP	1523030888686109302
B284F8BA-39B4-11E8-BF66-D9AA8AFF4A69	SUBJECT_PROCESS	F29977F6-07A2-935B-A207-C4871B93FE07	FILE_OBJECT_FILE	EVENT_MMAP	1523030888686109302
B284F8BA-39B4-11E8-BF66-D9AA8AFF4A69	SUBJECT_PROCESS	F29977F6-07A2-935B-A207-C4871B93FE07	FILE_OBJECT_FILE	EVENT_MMAP	1523030888686109302
B284F8BA-39B4-11E8-BF66-D9AA8AFF4A69	SUBJECT_PROCESS	F29977F6-07A2-935B-A207-C4871B93FE07	FILE_OBJECT_FILE	EVENT_MMAP	1523030888686109302
B284F8BA-39B4-11E8-BF66-D9AA8AFF4A69	SUBJECT_PROCESS	F29977F6-07A2-935B-A207-C4871B93FE07	FILE_OBJECT_FILE	EVENT_MMAP	1523030888686109302
B284F8BA-39B4-11E8-BF66-D9AA8AFF4A69	SUBJECT_PROCESS	F29977F6-07A2-935B-A207-C4871B93FE07	FILE_OBJECT_FILE	EVENT_MMAP	1523030888686109302
B284F8BA-39B4-11E8-BF66-D9AA8AFF4A69	SUBJECT_PROCESS	F29977F6-07A2-935B-A207-C4871B93FE07	FILE_OBJECT_FILE	EVENT_CLOSE	1523030888696115263
B284F8BA-39B4-11E8-BF66-D9AA8AFF4A69	SUBJECT_PROCESS	9FF334BB-9072-D756-B290-556656D73728	FILE_OBJECT_FILE	EVENT_OPEN	1523030888696115263
B284F8BA-39B4-11E8-BF66-D9AA8AFF4A69	SUBJECT_PROCESS	9FF334BB-9072-D756-B290-556656D73728	FILE_OBJECT_FILE	EVENT_MMAP	1523030888696115263
B284F8BA-39B4-11E8-BF66-D9AA8AFF4A69	SUBJECT_PROCESS	9FF334BB-9072-D756-B290-556656D73728	FILE_OBJECT_FILE	EVENT_MMAP	1523030888696115263
B284F8BA-39B4-11E8-BF66-D9AA8AFF4A69	SUBJECT_PROCESS	9FF334BB-9072-D756-B290-556656D73728	FILE_OBJECT_FILE	EVENT_MMAP	1523030888696115263
B284F8BA-39B4-11E8-BF66-D9AA8AFF4A69	SUBJECT_PROCESS	9FF334BB-9072-D756-B290-556656D73728	FILE_OBJECT_FILE	EVENT_MMAP	1523030888696115263
B284F8BA-39B4-11E8-BF66-D9AA8AFF4A69	SUBJECT_PROCESS	9FF334BB-9072-D756-B290-556656D73728	FILE_OBJECT_FILE	EVENT_MMAP	1523030888696115263
B284F8BA-39B4-11E8-BF66-D9AA8AFF4A69	SUBJECT_PROCESS	9FF334BB-9072-D756-B290-556656D73728	FILE_OBJECT_FILE	EVENT_MMAP	1523030888696115263
B284F8BA-39B4-11E8-BF66-D9AA8AFF4A69	SUBJECT_PROCESS	9FF334BB-9072-D756-B290-556656D73728	FILE_OBJECT_FILE	EVENT_CLOSE	1523030888696115263
B284F8BA-39B4-11E8-BF66-D9AA8AFF4A69	SUBJECT_PROCESS	F410BE96-4C0C-765E-8C4C-6F0E2E760020	FILE_OBJECT_FILE	EVENT_OPEN	1523030888696115263
B284F8BA-39B4-11E8-BF66-D9AA8AFF4A69	SUBJECT_PROCESS	F410BE96-4C0C-765E-8C4C-6F0E2E760020	FILE_OBJECT_FILE	EVENT_MMAP	1523030888696115263
B284F8BA-39B4-11E8-BF66-D9AA8AFF4A69	SUBJECT_PROCESS	F410BE96-4C0C-765E-8C4C-6F0E2E760020	FILE_OBJECT_FILE	EVENT_MMAP	1523030888696115263
B284F8BA-39B4-11E8-BF66-D9AA8AFF4A69	SUBJECT_PROCESS	F410BE96-4C0C-765E-8C4C-6F0E2E760020	FILE_OBJECT_FILE	EVENT_CLOSE	1523030888696115263
B284F8BA-39B4-11E8-BF66-D9AA8AFF4A69	SUBJECT_PROCESS	1633500B-D34B-8058-8BD3-ABB7D880915E	FILE_OBJECT_FILE	EVENT_OPEN	1523030888696115263
B284F8BA-39B4-11E8-BF66-D9AA8AFF4A69	SUBJECT_PROCESS	1633500B-D34B-8058-8BD3-ABB7D880915E	FILE_OBJECT_FILE	EVENT_OPEN	1523030888696115263
B284F8BA-39B4-11E8-BF66-D9AA8AFF4A69	SUBJECT_PROCESS	BCDBE64D-1703-005A-8317-44DD6A00589D	FILE_OBJECT_FILE	EVENT_OPEN	1523030888696115263
B284F8BA-39B4-11E8-BF66-D9AA8AFF4A69	SUBJECT_PROCESS	BCDBE64D-1703-005A-8317-44DD6A00589D	FILE_OBJECT_FILE	EVENT_READ	1523030888696115263
B284F8BA-39B4-11E8-BF66-D9AA8AFF4A69	SUBJECT_PROCESS	BCDBE64D-1703-005A-8317-44DD6A00589D	FILE_OBJECT_FILE	EVENT_READ	1523030888696115263
B284F8BA-39B4-11E8-BF66-D9AA8AFF4A69	SUBJECT_PROCESS	BCDBE64D-1703-005A-8317-44DD6A00589D	FILE_OBJECT_FILE	EVENT_CLOSE	1523030888696115263
B284F8BA-39B4-11E8-BF66-D9AA8AFF4A69	SUBJECT_PROCESS	C53609B6-A912-B65B-92A9-B89E0BB6C2E1	FILE_OBJECT_FILE	EVENT_OPEN	1523030888706110743
B284F8BA-39B4-11E8-BF66-D9AA8AFF4A69	SUBJECT_PROCESS	C53609B6-A912-B65B-92A9-B89E0BB6C2E1	FILE_OBJECT_FILE	EVENT_READ	1523030888706110743
B284F8BA-39B4-11E8-BF66-D9AA8AFF4A69	SUBJECT_PROCESS	C53609B6-A912-B65B-92A9-B89E0BB6C2E1	FILE_OBJECT_FILE	EVENT_READ	1523030888706110743
B284F8BA-39B4-11E8-BF66-D9AA8AFF4A69	SUBJECT_PROCESS	C53609B6-A912-B65B-92A9-B89E0BB6C2E1	FILE_OBJECT_FILE	EVENT_READ	1523030888706110743
B284F8BA-39B4-11E8-BF66-D9AA8AFF4A69	SUBJECT_PROCESS	AE441C70-DEC0-BD5F-80DE-3DE4DFBDF253	FILE_OBJECT_FILE	EVENT_OPEN	1523030888706110743
B284F8BA-39B4-11E8-BF66-D9AA8AFF4A69	SUBJECT_PROCESS	AE441C70-DEC0-BD5F-80DE-3DE4DFBDF253	FILE_OBJECT_FILE	EVENT_READ	1523030888706110743
B284F8BA-39B4-11E8-BF66-D9AA8AFF4A69	SUBJECT_PROCESS	AE441C70-DEC0-BD5F-80DE-3DE4DFBDF253	FILE_OBJECT_FILE	EVENT_CLOSE	1523030888706110743
B284F8BA-39B4-11E8-BF66-D9AA8AFF4A69	SUBJECT_PROCESS	104A8C35-2200-3156-8022-4129E631EA52	FILE_OBJECT_FILE	EVENT_OPEN	1523030888706110743
B284F8BA-39B4-11E8-BF66-D9AA8AFF4A69	SUBJECT_PROCESS	104A8C35-2200-3156-8022-4129E631EA52	FILE_OBJECT_FILE	EVENT_READ	1523030888706110743
B284F8BA-39B4-11E8-BF66-D9AA8AFF4A69	SUBJECT_PROCESS	104A8C35-2200-3156-8022-4129E631EA52	FILE_OBJECT_FILE	EVENT_CLOSE	1523030888706110743
B284F8BA-39B4-11E8-BF66-D9AA8AFF4A69	SUBJECT_PROCESS	C53609B6-A912-B65B-92A9-B89E0BB6C2E1	FILE_OBJECT_FILE	EVENT_READ	1523030888706110743
B284F8BA-39B4-11E8-BF66-D9AA8AFF4A69	SUBJECT_PROCESS	C53609B6-A912-B65B-92A9-B89E0BB6C2E1	FILE_OBJECT_FILE	EVENT_READ	1523030888706110743
B284F8BA-39B4-11E8-BF66-D9AA8AFF4A69	SUBJECT_PROCESS	C53609B6-A912-B65B-92A9-B89E0BB6C2E1	FILE_OBJECT_FILE	EVENT_READ	1523030888706110743
B284F8BA-39B4-11E8-BF66-D9AA8AFF4A69	SUBJECT_PROCESS	C53609B6-A912-B65B-92A9-B89E0BB6C2E1	FILE_OBJECT_FILE	EVENT_READ	1523030888706110743
B284F8BA-39B4-11E8-BF66-D9AA8AFF4A69	SUBJECT_PROCESS	C53609B6-A912-B65B-92A9-B89E0BB6C2E1	FILE_OBJECT_FILE	EVENT_READ	1523030888706110743
B284F8BA-39B4-11E8-BF66-D9AA8AFF4A69	SUBJECT_PROCESS	C53609B6-A912-B65B-92A9-B89E0BB6C2E1	FILE_OBJECT_FILE	EVENT_READ	1523030888706110743
B284F8BA-39B4-11E8-BF66-D9AA8AFF4A69	SUBJECT_PROCESS	1D79C56B-45CF-55A4-9888-4175CB5747CD	UnnamedPipeObject	EVENT_WRITE	1523030888706110743
B2851F4F-39B4-11E8-BF66-D9AA8AFF4A69	SUBJECT_PROCESS	1D79C56B-45CF-55A4-9888-4175CB5747CD	UnnamedPipeObject	EVENT_READ	1523030888706110743
B284F8BA-39B4-11E8-BF66-D9AA8AFF4A69	SUBJECT_PROCESS	1D79C56B-45CF-55A4-9888-4175CB5747CD	UnnamedPipeObject	EVENT_WRITE	1523030888706110743
B2851F4F-39B4-11E8-BF66-D9AA8AFF4A69	SUBJECT_PROCESS	1D79C56B-45CF-55A4-9888-4175CB5747CD	UnnamedPipeObject	EVENT_READ	1523030888706110743
B2851F4F-39B4-11E8-BF66-D9AA8AFF4A69	SUBJECT_PROCESS	17797A5B-A3BC-8450-BCA3-FD703084DDDB	FILE_OBJECT_FILE	EVENT_WRITE	1523030888706110743
B284F8BA-39B4-11E8-BF66-D9AA8AFF4A69	SUBJECT_PROCESS	1D79C56B-45CF-55A4-9888-4175CB5747CD	UnnamedPipeObject	EVENT_WRITE	1523030888706110743
B2851F4F-39B4-11E8-BF66-D9AA8AFF4A69	SUBJECT_PROCESS	17797A5B-A3BC-8450-BCA3-FD703084DDDB	FILE_OBJECT_FILE	EVENT_WRITE	1523030888706110743
B284F8BA-39B4-11E8-BF66-D9AA8AFF4A69	SUBJECT_PROCESS	B284F8BA-39B4-11E8-BF66-D9AA8AFF4A69	SUBJECT_PROCESS	EVENT_EXIT	1523030888706110743
B2851F4F-39B4-11E8-BF66-D9AA8AFF4A69	SUBJECT_PROCESS	1D79C56B-45CF-55A4-9888-4175CB5747CD	UnnamedPipeObject	EVENT_READ	1523030888716115114
B2851F4F-39B4-11E8-BF66-D9AA8AFF4A69	SUBJECT_PROCESS	17797A5B-A3BC-8450-BCA3-FD703084DDDB	FILE_OBJECT_FILE	EVENT_WRITE	1523030888716115114
B2851F4F-39B4-11E8-BF66-D9AA8AFF4A69	SUBJECT_PROCESS	17797A5B-A3BC-8450-BCA3-FD703084DDDB	FILE_OBJECT_FILE	EVENT_WRITE	1523030888716115114
B2851F4F-39B4-11E8-BF66-D9AA8AFF4A69	SUBJECT_PROCESS	17797A5B-A3BC-8450-BCA3-FD703084DDDB	FILE_OBJECT_FILE	EVENT_WRITE	1523030888716115114
B2851F4F-39B4-11E8-BF66-D9AA8AFF4A69	SUBJECT_PROCESS	1D79C56B-45CF-55A4-9888-4175CB5747CD	UnnamedPipeObject	EVENT_READ	1523030888716115114
B2851F4F-39B4-11E8-BF66-D9AA8AFF4A69	SUBJECT_PROCESS	17797A5B-A3BC-8450-BCA3-FD703084DDDB	FILE_OBJECT_FILE	EVENT_CLOSE	1523030888716115114
B2851F4F-39B4-11E8-BF66-D9AA8AFF4A69	SUBJECT_PROCESS	B2851F4F-39B4-11E8-BF66-D9AA8AFF4A69	SUBJECT_PROCESS	EVENT_EXIT	1523030888716115114
94ED0D0E-39B4-11E8-BF66-D9AA8AFF4A69	SUBJECT_PROCESS	17797A5B-A3BC-8450-BCA3-FD703084DDDB	FILE_OBJECT_FILE	EVENT_WRITE	1523030888716115114
72FB0406-3678-11E8-BF66-D9AA8AFF4A69	SUBJECT_PROCESS	B2009565-39B4-11E8-BF66-D9AA8AFF4A69	FILE_OBJECT_UNIX_SOCKET	EVENT_CLOSE	1523030888856108555
72FB0406-3678-11E8-BF66-D9AA8AFF4A69	SUBJECT_PROCESS	B20095CA-39B4-11E8-BF66-D9AA8AFF4A69	FILE_OBJECT_UNIX_SOCKET	EVENT_CLOSE	1523030888856108555
72FB0406-3678-11E8-BF66-D9AA8AFF4A69	SUBJECT_PROCESS	B2A17CB2-39B4-11E8-BF66-D9AA8AFF4A69	FILE_OBJECT_UNIX_SOCKET	EVENT_CREATE_OBJECT	1523030888856108555
72FB0406-3678-11E8-BF66-D9AA8AFF4A69	SUBJECT_PROCESS	B2A17D54-39B4-11E8-BF66-D9AA8AFF4A69	FILE_OBJECT_UNIX_SOCKET	EVENT_CREATE_OBJECT	1523030888856108555
0C0CC0C3-3680-11E8-BF66-D9AA8AFF4A69	SUBJECT_PROCESS	B3059303-39B4-11E8-BF66-D9AA8AFF4A69	FILE_OBJECT_UNIX_SOCKET	EVENT_CONNECT	1523030889516109428
A2B6F917-39AA-11E8-BF66-D9AA8AFF4A69	SUBJECT_PROCESS	0C0D74DB-3680-11E8-BF66-D9AA8AFF4A69	FILE_OBJECT_UNIX_SOCKET	EVENT_ACCEPT	1523030889516109428
A2B6F917-39AA-11E8-BF66-D9AA8AFF4A69	SUBJECT_PROCESS	B305BA47-39B4-11E8-BF66-D9AA8AFF4A69	FILE_OBJECT_UNIX_SOCKET	EVENT_ACCEPT	1523030889516109428
0C0CC0C3-3680-11E8-BF66-D9AA8AFF4A69	SUBJECT_PROCESS	B3059303-39B4-11E8-BF66-D9AA8AFF4A69	FILE_OBJECT_UNIX_SOCKET	EVENT_WRITE	1523030889516109428
A2B6F917-39AA-11E8-BF66-D9AA8AFF4A69	SUBJECT_PROCESS	0C0DB7A1-3680-11E8-BF66-D9AA8AFF4A69	FILE_OBJECT_FILE	EVENT_WRITE	1523030889516109428
0C0CC0C3-3680-11E8-BF66-D9AA8AFF4A69	SUBJECT_PROCESS	B3059303-39B4-11E8-BF66-D9AA8AFF4A69	FILE_OBJECT_UNIX_SOCKET	EVENT_WRITE	1523030889516109428
A2B6F917-39AA-11E8-BF66-D9AA8AFF4A69	SUBJECT_PROCESS	B305BA47-39B4-11E8-BF66-D9AA8AFF4A69	FILE_OBJECT_UNIX_SOCKET	EVENT_READ	1523030889516109428
0C0CC0C3-3680-11E8-BF66-D9AA8AFF4A69	SUBJECT_PROCESS	0C0DB755-3680-11E8-BF66-D9AA8AFF4A69	FILE_OBJECT_FILE	EVENT_READ	1523030889516109428
A2B6F917-39AA-11E8-BF66-D9AA8AFF4A69	SUBJECT_PROCESS	586C56DA-CB56-745E-96CB-52069E742598	FILE_OBJECT_FILE	EVENT_OPEN	1523030889516109428
A2B6F917-39AA-11E8-BF66-D9AA8AFF4A69	SUBJECT_PROCESS	586C56DA-CB56-745E-96CB-52069E742598	FILE_OBJECT_FILE	EVENT_CLOSE	1523030889516109428
A2B6F917-39AA-11E8-BF66-D9AA8AFF4A69	SUBJECT_PROCESS	0C0DB7A1-3680-11E8-BF66-D9AA8AFF4A69	FILE_OBJECT_FILE	EVENT_WRITE	1523030889516109428
0C0CC0C3-3680-11E8-BF66-D9AA8AFF4A69	SUBJECT_PROCESS	0C0DB755-3680-11E8-BF66-D9AA8AFF4A69	FILE_OBJECT_FILE	EVENT_READ	1523030889516109428
A2B6F917-39AA-11E8-BF66-D9AA8AFF4A69	SUBJECT_PROCESS	B305BA47-39B4-11E8-BF66-D9AA8AFF4A69	FILE_OBJECT_UNIX_SOCKET	EVENT_CLOSE	1523030889516109428
0C0CC0C3-3680-11E8-BF66-D9AA8AFF4A69	SUBJECT_PROCESS	B3059303-39B4-11E8-BF66-D9AA8AFF4A69	FILE_OBJECT_UNIX_SOCKET	EVENT_CLOSE	1523030889516109428
72FB0406-3678-11E8-BF66-D9AA8AFF4A69	SUBJECT_PROCESS	B2A17CB2-39B4-11E8-BF66-D9AA8AFF4A69	FILE_OBJECT_UNIX_SOCKET	EVENT_CLOSE	1523030889806108371
72FB0406-3678-11E8-BF66-D9AA8AFF4A69	SUBJECT_PROCESS	B2A17D54-39B4-11E8-BF66-D9AA8AFF4A69	FILE_OBJECT_UNIX_SOCKET	EVENT_CLOSE	1523030889806108371
72FB0406-3678-11E8-BF66-D9AA8AFF4A69	SUBJECT_PROCESS	B331C84D-39B4-11E8-BF66-D9AA8AFF4A69	FILE_OBJECT_UNIX_SOCKET	EVENT_CREATE_OBJECT	1523030889806108371
72FB0406-3678-11E8-BF66-D9AA8AFF4A69	SUBJECT_PROCESS	B331C8B6-39B4-11E8-BF66-D9AA8AFF4A69	FILE_OBJECT_UNIX_SOCKET	EVENT_CREATE_OBJECT	1523030889806108371
94ED0D0E-39B4-11E8-BF66-D9AA8AFF4A69	SUBJECT_PROCESS	17797A5B-A3BC-8450-BCA3-FD703084DDDB	FILE_OBJECT_FILE	EVENT_READ	1523030890616109145
94ED0D0E-39B4-11E8-BF66-D9AA8AFF4A69	SUBJECT_PROCESS	17797A5B-A3BC-8450-BCA3-FD703084DDDB	FILE_OBJECT_FILE	EVENT_READ	1523030890616109145
94ED0D0E-39B4-11E8-BF66-D9AA8AFF4A69	SUBJECT_PROCESS	17797A5B-A3BC-8450-BCA3-FD703084DDDB	FILE_OBJECT_FILE	EVENT_READ	1523030890616109145
94ED0D0E-39B4-11E8-BF66-D9AA8AFF4A69	SUBJECT_PROCESS	17797A5B-A3BC-8450-BCA3-FD703084DDDB	FILE_OBJECT_FILE	EVENT_WRITE	1523030890616109145
72FB0406-3678-11E8-BF66-D9AA8AFF4A69	SUBJECT_PROCESS	B331C84D-39B4-11E8-BF66-D9AA8AFF4A69	FILE_OBJECT_UNIX_SOCKET	EVENT_CLOSE	1523030890806111090
72FB0406-3678-11E8-BF66-D9AA8AFF4A69	SUBJECT_PROCESS	B331C8B6-39B4-11E8-BF66-D9AA8AFF4A69	FILE_OBJECT_UNIX_SOCKET	EVENT_CLOSE	1523030890806111090
72FB0406-3678-11E8-BF66-D9AA8AFF4A69	SUBJECT_PROCESS	B3CA5ADE-39B4-11E8-BF66-D9AA8AFF4A69	FILE_OBJECT_UNIX_SOCKET	EVENT_CREATE_OBJECT	1523030890806111090
72FB0406-3678-11E8-BF66-D9AA8AFF4A69	SUBJECT_PROCESS	B3CA5B43-39B4-11E8-BF66-D9AA8AFF4A69	FILE_OBJECT_UNIX_SOCKET	EVENT_CREATE_OBJECT	1523030890806111090
72FB0406-3678-11E8-BF66-D9AA8AFF4A69	SUBJECT_PROCESS	B3CA5ADE-39B4-11E8-BF66-D9AA8AFF4A69	FILE_OBJECT_UNIX_SOCKET	EVENT_CLOSE	1523030891806107940
72FB0406-3678-11E8-BF66-D9AA8AFF4A69	SUBJECT_PROCESS	B3CA5B43-39B4-11E8-BF66-D9AA8AFF4A69	FILE_OBJECT_UNIX_SOCKET	EVENT_CLOSE	1523030891806107940
72FB0406-3678-11E8-BF66-D9AA8AFF4A69	SUBJECT_PROCESS	B4631418-39B4-11E8-BF66-D9AA8AFF4A69	FILE_OBJECT_UNIX_SOCKET	EVENT_CREATE_OBJECT	1523030891806107940
72FB0406-3678-11E8-BF66-D9AA8AFF4A69	SUBJECT_PROCESS	B46314B7-39B4-11E8-BF66-D9AA8AFF4A69	FILE_OBJECT_UNIX_SOCKET	EVENT_CREATE_OBJECT	1523030891806107940
72FB0406-3678-11E8-BF66-D9AA8AFF4A69	SUBJECT_PROCESS	B4631418-39B4-11E8-BF66-D9AA8AFF4A69	FILE_OBJECT_UNIX_SOCKET	EVENT_CLOSE	1523030892816109570
72FB0406-3678-11E8-BF66-D9AA8AFF4A69	SUBJECT_PROCESS	B46314B7-39B4-11E8-BF66-D9AA8AFF4A69	FILE_OBJECT_UNIX_SOCKET	EVENT_CLOSE	1523030892816109570
72FB0406-3678-11E8-BF66-D9AA8AFF4A69	SUBJECT_PROCESS	B4FD2BD1-39B4-11E8-BF66-D9AA8AFF4A69	FILE_OBJECT_UNIX_SOCKET	EVENT_CREATE_OBJECT	1523030892816109570
72FB0406-3678-11E8-BF66-D9AA8AFF4A69	SUBJECT_PROCESS	B4FD2C3B-39B4-11E8-BF66-D9AA8AFF4A69	FILE_OBJECT_UNIX_SOCKET	EVENT_CREATE_OBJECT	1523030892816109570
94ED0D0E-39B4-11E8-BF66-D9AA8AFF4A69	SUBJECT_PROCESS	17797A5B-A3BC-8450-BCA3-FD703084DDDB	FILE_OBJECT_FILE	EVENT_READ	1523030893166110428
94ED0D0E-39B4-11E8-BF66-D9AA8AFF4A69	SUBJECT_PROCESS	17797A5B-A3BC-8450-BCA3-FD703084DDDB	FILE_OBJECT_FILE	EVENT_WRITE	1523030893166110428
94ED0D0E-39B4-11E8-BF66-D9AA8AFF4A69	SUBJECT_PROCESS	17797A5B-A3BC-8450-BCA3-FD703084DDDB	FILE_OBJECT_FILE	EVENT_READ	1523030893666106787
94ED0D0E-39B4-11E8-BF66-D9AA8AFF4A69	SUBJECT_PROCESS	17797A5B-A3BC-8450-BCA3-FD703084DDDB	FILE_OBJECT_FILE	EVENT_WRITE	1523030893666106787
94ED0D0E-39B4-11E8-BF66-D9AA8AFF4A69	SUBJECT_PROCESS	17797A5B-A3BC-8450-BCA3-FD703084DDDB	FILE_OBJECT_FILE	EVENT_READ	1523030893766106845
94ED0D0E-39B4-11E8-BF66-D9AA8AFF4A69	SUBJECT_PROCESS	17797A5B-A3BC-8450-BCA3-FD703084DDDB	FILE_OBJECT_FILE	EVENT_WRITE	1523030893766106845
72FB0406-3678-11E8-BF66-D9AA8AFF4A69	SUBJECT_PROCESS	B4FD2BD1-39B4-11E8-BF66-D9AA8AFF4A69	FILE_OBJECT_UNIX_SOCKET	EVENT_CLOSE	1523030893806107489
72FB0406-3678-11E8-BF66-D9AA8AFF4A69	SUBJECT_PROCESS	B4FD2C3B-39B4-11E8-BF66-D9AA8AFF4A69	FILE_OBJECT_UNIX_SOCKET	EVENT_CLOSE	1523030893806107489
72FB0406-3678-11E8-BF66-D9AA8AFF4A69	SUBJECT_PROCESS	B594335C-39B4-11E8-BF66-D9AA8AFF4A69	FILE_OBJECT_UNIX_SOCKET	EVENT_CREATE_OBJECT	1523030893806107489
72FB0406-3678-11E8-BF66-D9AA8AFF4A69	SUBJECT_PROCESS	B5943401-39B4-11E8-BF66-D9AA8AFF4A69	FILE_OBJECT_UNIX_SOCKET	EVENT_CREATE_OBJECT	1523030893806107489
94ED0D0E-39B4-11E8-BF66-D9AA8AFF4A69	SUBJECT_PROCESS	17797A5B-A3BC-8450-BCA3-FD703084DDDB	FILE_OBJECT_FILE	EVENT_READ	1523030894216108771
94ED0D0E-39B4-11E8-BF66-D9AA8AFF4A69	SUBJECT_PROCESS	17797A5B-A3BC-8450-BCA3-FD703084DDDB	FILE_OBJECT_FILE	EVENT_WRITE	1523030894216108771
72FB0406-3678-11E8-BF66-D9AA8AFF4A69	SUBJECT_PROCESS	B594335C-39B4-11E8-BF66-D9AA8AFF4A69	FILE_OBJECT_UNIX_SOCKET	EVENT_CLOSE	1523030894816109719
72FB0406-3678-11E8-BF66-D9AA8AFF4A69	SUBJECT_PROCESS	B5943401-39B4-11E8-BF66-D9AA8AFF4A69	FILE_OBJECT_UNIX_SOCKET	EVENT_CLOSE	1523030894816109719
72FB0406-3678-11E8-BF66-D9AA8AFF4A69	SUBJECT_PROCESS	B62E6F94-39B4-11E8-BF66-D9AA8AFF4A69	FILE_OBJECT_UNIX_SOCKET	EVENT_CREATE_OBJECT	1523030894816109719
72FB0406-3678-11E8-BF66-D9AA8AFF4A69	SUBJECT_PROCESS	B62E7032-39B4-11E8-BF66-D9AA8AFF4A69	FILE_OBJECT_UNIX_SOCKET	EVENT_CREATE_OBJECT	1523030894816109719
72FB0406-3678-11E8-BF66-D9AA8AFF4A69	SUBJECT_PROCESS	B62E6F94-39B4-11E8-BF66-D9AA8AFF4A69	FILE_OBJECT_UNIX_SOCKET	EVENT_CLOSE	1523030895806109577
72FB0406-3678-11E8-BF66-D9AA8AFF4A69	SUBJECT_PROCESS	B62E7032-39B4-11E8-BF66-D9AA8AFF4A69	FILE_OBJECT_UNIX_SOCKET	EVENT_CLOSE	1523030895806109577
72FB0406-3678-11E8-BF66-D9AA8AFF4A69	SUBJECT_PROCESS	B6C54EF1-39B4-11E8-BF66-D9AA8AFF4A69	FILE_OBJECT_UNIX_SOCKET	EVENT_CREATE_OBJECT	1523030895806109577
72FB0406-3678-11E8-BF66-D9AA8AFF4A69	SUBJECT_PROCESS	B6C54F60-39B4-11E8-BF66-D9AA8AFF4A69	FILE_OBJECT_UNIX_SOCKET	EVENT_CREATE_OBJECT	1523030895806109577
94ED0D0E-39B4-11E8-BF66-D9AA8AFF4A69	SUBJECT_PROCESS	17797A5B-A3BC-8450-BCA3-FD703084DDDB	FILE_OBJECT_FILE	EVENT_READ	1523030895866107322
94ED0D0E-39B4-11E8-BF66-D9AA8AFF4A69	SUBJECT_PROCESS	17797A5B-A3BC-8450-BCA3-FD703084DDDB	FILE_OBJECT_FILE	EVENT_WRITE	1523030895866107322
94ED0D0E-39B4-11E8-BF66-D9AA8AFF4A69	SUBJECT_PROCESS	17797A5B-A3BC-8450-BCA3-FD703084DDDB	FILE_OBJECT_FILE	EVENT_READ	1523030896706108039
94ED0D0E-39B4-11E8-BF66-D9AA8AFF4A69	SUBJECT_PROCESS	17797A5B-A3BC-8450-BCA3-FD703084DDDB	FILE_OBJECT_FILE	EVENT_WRITE	1523030896706108039
72FB0406-3678-11E8-BF66-D9AA8AFF4A69	SUBJECT_PROCESS	B6C54EF1-39B4-11E8-BF66-D9AA8AFF4A69	FILE_OBJECT_UNIX_SOCKET	EVENT_CLOSE	1523030896816106758
72FB0406-3678-11E8-BF66-D9AA8AFF4A69	SUBJECT_PROCESS	B6C54F60-39B4-11E8-BF66-D9AA8AFF4A69	FILE_OBJECT_UNIX_SOCKET	EVENT_CLOSE	1523030896816106758
72FB0406-3678-11E8-BF66-D9AA8AFF4A69	SUBJECT_PROCESS	B75F6E3D-39B4-11E8-BF66-D9AA8AFF4A69	FILE_OBJECT_UNIX_SOCKET	EVENT_CREATE_OBJECT	1523030896816106758
72FB0406-3678-11E8-BF66-D9AA8AFF4A69	SUBJECT_PROCESS	B75F6EA3-39B4-11E8-BF66-D9AA8AFF4A69	FILE_OBJECT_UNIX_SOCKET	EVENT_CREATE_OBJECT	1523030896816106758
94ED0D0E-39B4-11E8-BF66-D9AA8AFF4A69	SUBJECT_PROCESS	17797A5B-A3BC-8450-BCA3-FD703084DDDB	FILE_OBJECT_FILE	EVENT_READ	1523030897436109127
94ED0D0E-39B4-11E8-BF66-D9AA8AFF4A69	SUBJECT_PROCESS	17797A5B-A3BC-8450-BCA3-FD703084DDDB	FILE_OBJECT_FILE	EVENT_WRITE	1523030897436109127
94ED0D0E-39B4-11E8-BF66-D9AA8AFF4A69	SUBJECT_PROCESS	17797A5B-A3BC-8450-BCA3-FD703084DDDB	FILE_OBJECT_FILE	EVENT_READ	1523030897616110251
94ED0D0E-39B4-11E8-BF66-D9AA8AFF4A69	SUBJECT_PROCESS	17797A5B-A3BC-8450-BCA3-FD703084DDDB	FILE_OBJECT_FILE	EVENT_WRITE	1523030897616110251
94ED0D0E-39B4-11E8-BF66-D9AA8AFF4A69	SUBJECT_PROCESS	17797A5B-A3BC-8450-BCA3-FD703084DDDB	FILE_OBJECT_FILE	EVENT_READ	1523030897796108216
94ED0D0E-39B4-11E8-BF66-D9AA8AFF4A69	SUBJECT_PROCESS	17797A5B-A3BC-8450-BCA3-FD703084DDDB	FILE_OBJECT_FILE	EVENT_WRITE	1523030897796108216
72FB0406-3678-11E8-BF66-D9AA8AFF4A69	SUBJECT_PROCESS	B75F6E3D-39B4-11E8-BF66-D9AA8AFF4A69	FILE_OBJECT_UNIX_SOCKET	EVENT_CLOSE	1523030897806111486
72FB0406-3678-11E8-BF66-D9AA8AFF4A69	SUBJECT_PROCESS	B75F6EA3-39B4-11E8-BF66-D9AA8AFF4A69	FILE_OBJECT_UNIX_SOCKET	EVENT_CLOSE	1523030897806111486
72FB0406-3678-11E8-BF66-D9AA8AFF4A69	SUBJECT_PROCESS	B7F679D1-39B4-11E8-BF66-D9AA8AFF4A69	FILE_OBJECT_UNIX_SOCKET	EVENT_CREATE_OBJECT	1523030897806111486
72FB0406-3678-11E8-BF66-D9AA8AFF4A69	SUBJECT_PROCESS	B7F67A38-39B4-11E8-BF66-D9AA8AFF4A69	FILE_OBJECT_UNIX_SOCKET	EVENT_CREATE_OBJECT	1523030897806111486
94ED0D0E-39B4-11E8-BF66-D9AA8AFF4A69	SUBJECT_PROCESS	17797A5B-A3BC-8450-BCA3-FD703084DDDB	FILE_OBJECT_FILE	EVENT_READ	1523030897996107071
94ED0D0E-39B4-11E8-BF66-D9AA8AFF4A69	SUBJECT_PROCESS	17797A5B-A3BC-8450-BCA3-FD703084DDDB	FILE_OBJECT_FILE	EVENT_WRITE	1523030897996107071
94ED0D0E-39B4-11E8-BF66-D9AA8AFF4A69	SUBJECT_PROCESS	17797A5B-A3BC-8450-BCA3-FD703084DDDB	FILE_OBJECT_FILE	EVENT_READ	1523030898226109500
94ED0D0E-39B4-11E8-BF66-D9AA8AFF4A69	SUBJECT_PROCESS	17797A5B-A3BC-8450-BCA3-FD703084DDDB	FILE_OBJECT_FILE	EVENT_WRITE	1523030898226109500
94ED0D0E-39B4-11E8-BF66-D9AA8AFF4A69	SUBJECT_PROCESS	17797A5B-A3BC-8450-BCA3-FD703084DDDB	FILE_OBJECT_FILE	EVENT_READ	1523030898336108209
94ED0D0E-39B4-11E8-BF66-D9AA8AFF4A69	SUBJECT_PROCESS	17797A5B-A3BC-8450-BCA3-FD703084DDDB	FILE_OBJECT_FILE	EVENT_WRITE	1523030898336108209
94ED0D0E-39B4-11E8-BF66-D9AA8AFF4A69	SUBJECT_PROCESS	17797A5B-A3BC-8450-BCA3-FD703084DDDB	FILE_OBJECT_FILE	EVENT_READ	1523030898506109952
94ED0D0E-39B4-11E8-BF66-D9AA8AFF4A69	SUBJECT_PROCESS	17797A5B-A3BC-8450-BCA3-FD703084DDDB	FILE_OBJECT_FILE	EVENT_WRITE	1523030898506109952
72FB0406-3678-11E8-BF66-D9AA8AFF4A69	SUBJECT_PROCESS	B7F679D1-39B4-11E8-BF66-D9AA8AFF4A69	FILE_OBJECT_UNIX_SOCKET	EVENT_CLOSE	1523030898806108386
72FB0406-3678-11E8-BF66-D9AA8AFF4A69	SUBJECT_PROCESS	B7F67A38-39B4-11E8-BF66-D9AA8AFF4A69	FILE_OBJECT_UNIX_SOCKET	EVENT_CLOSE	1523030898806108386
72FB0406-3678-11E8-BF66-D9AA8AFF4A69	SUBJECT_PROCESS	B88F2745-39B4-11E8-BF66-D9AA8AFF4A69	FILE_OBJECT_UNIX_SOCKET	EVENT_CREATE_OBJECT	1523030898806108386
72FB0406-3678-11E8-BF66-D9AA8AFF4A69	SUBJECT_PROCESS	B88F27AD-39B4-11E8-BF66-D9AA8AFF4A69	FILE_OBJECT_UNIX_SOCKET	EVENT_CREATE_OBJECT	1523030898806108386
94ED0D0E-39B4-11E8-BF66-D9AA8AFF4A69	SUBJECT_PROCESS	17797A5B-A3BC-8450-BCA3-FD703084DDDB	FILE_OBJECT_FILE	EVENT_READ	1523030899586110318
94ED0D0E-39B4-11E8-BF66-D9AA8AFF4A69	SUBJECT_PROCESS	17797A5B-A3BC-8450-BCA3-FD703084DDDB	FILE_OBJECT_FILE	EVENT_WRITE	1523030899586110318
94ED0D0E-39B4-11E8-BF66-D9AA8AFF4A69	SUBJECT_PROCESS	17797A5B-A3BC-8450-BCA3-FD703084DDDB	FILE_OBJECT_FILE	EVENT_READ	1523030899776110163
94ED0D0E-39B4-11E8-BF66-D9AA8AFF4A69	SUBJECT_PROCESS	17797A5B-A3BC-8450-BCA3-FD703084DDDB	FILE_OBJECT_FILE	EVENT_WRITE	1523030899776110163
72FB0406-3678-11E8-BF66-D9AA8AFF4A69	SUBJECT_PROCESS	B88F2745-39B4-11E8-BF66-D9AA8AFF4A69	FILE_OBJECT_UNIX_SOCKET	EVENT_CLOSE	1523030899806108215
72FB0406-3678-11E8-BF66-D9AA8AFF4A69	SUBJECT_PROCESS	B88F27AD-39B4-11E8-BF66-D9AA8AFF4A69	FILE_OBJECT_UNIX_SOCKET	EVENT_CLOSE	1523030899806108215
72FB0406-3678-11E8-BF66-D9AA8AFF4A69	SUBJECT_PROCESS	B927917F-39B4-11E8-BF66-D9AA8AFF4A69	FILE_OBJECT_UNIX_SOCKET	EVENT_CREATE_OBJECT	1523030899806108215
72FB0406-3678-11E8-BF66-D9AA8AFF4A69	SUBJECT_PROCESS	B92791E7-39B4-11E8-BF66-D9AA8AFF4A69	FILE_OBJECT_UNIX_SOCKET	EVENT_CREATE_OBJECT	1523030899806108215
94ED0D0E-39B4-11E8-BF66-D9AA8AFF4A69	SUBJECT_PROCESS	17797A5B-A3BC-8450-BCA3-FD703084DDDB	FILE_OBJECT_FILE	EVENT_READ	1523030900476109309
94ED0D0E-39B4-11E8-BF66-D9AA8AFF4A69	SUBJECT_PROCESS	17797A5B-A3BC-8450-BCA3-FD703084DDDB	FILE_OBJECT_FILE	EVENT_WRITE	1523030900476109309
94ED0D0E-39B4-11E8-BF66-D9AA8AFF4A69	SUBJECT_PROCESS	17797A5B-A3BC-8450-BCA3-FD703084DDDB	FILE_OBJECT_FILE	EVENT_READ	1523030900686106395
94ED0D0E-39B4-11E8-BF66-D9AA8AFF4A69	SUBJECT_PROCESS	17797A5B-A3BC-8450-BCA3-FD703084DDDB	FILE_OBJECT_FILE	EVENT_WRITE	1523030900686106395
72FB0406-3678-11E8-BF66-D9AA8AFF4A69	SUBJECT_PROCESS	B927917F-39B4-11E8-BF66-D9AA8AFF4A69	FILE_OBJECT_UNIX_SOCKET	EVENT_CLOSE	1523030900806106865
72FB0406-3678-11E8-BF66-D9AA8AFF4A69	SUBJECT_PROCESS	B92791E7-39B4-11E8-BF66-D9AA8AFF4A69	FILE_OBJECT_UNIX_SOCKET	EVENT_CLOSE	1523030900806106865
72FB0406-3678-11E8-BF66-D9AA8AFF4A69	SUBJECT_PROCESS	B9C03C12-39B4-11E8-BF66-D9AA8AFF4A69	FILE_OBJECT_UNIX_SOCKET	EVENT_CREATE_OBJECT	1523030900806106865
72FB0406-3678-11E8-BF66-D9AA8AFF4A69	SUBJECT_PROCESS	B9C03C76-39B4-11E8-BF66-D9AA8AFF4A69	FILE_OBJECT_UNIX_SOCKET	EVENT_CREATE_OBJECT	1523030900806106865
94ED0D0E-39B4-11E8-BF66-D9AA8AFF4A69	SUBJECT_PROCESS	17797A5B-A3BC-8450-BCA3-FD703084DDDB	FILE_OBJECT_FILE	EVENT_READ	1523030900876107550
94ED0D0E-39B4-11E8-BF66-D9AA8AFF4A69	SUBJECT_PROCESS	17797A5B-A3BC-8450-BCA3-FD703084DDDB	FILE_OBJECT_FILE	EVENT_WRITE	1523030900876107550
94ED0D0E-39B4-11E8-BF66-D9AA8AFF4A69	SUBJECT_PROCESS	17797A5B-A3BC-8450-BCA3-FD703084DDDB	FILE_OBJECT_FILE	EVENT_READ	1523030901386107941
94ED0D0E-39B4-11E8-BF66-D9AA8AFF4A69	SUBJECT_PROCESS	17797A5B-A3BC-8450-BCA3-FD703084DDDB	FILE_OBJECT_FILE	EVENT_WRITE	1523030901386107941
94ED0D0E-39B4-11E8-BF66-D9AA8AFF4A69	SUBJECT_PROCESS	17797A5B-A3BC-8450-BCA3-FD703084DDDB	FILE_OBJECT_FILE	EVENT_READ	1523030901746110039
94ED0D0E-39B4-11E8-BF66-D9AA8AFF4A69	SUBJECT_PROCESS	17797A5B-A3BC-8450-BCA3-FD703084DDDB	FILE_OBJECT_FILE	EVENT_WRITE	1523030901746110039
72FB0406-3678-11E8-BF66-D9AA8AFF4A69	SUBJECT_PROCESS	B9C03C12-39B4-11E8-BF66-D9AA8AFF4A69	FILE_OBJECT_UNIX_SOCKET	EVENT_CLOSE	1523030901806106834
72FB0406-3678-11E8-BF66-D9AA8AFF4A69	SUBJECT_PROCESS	B9C03C76-39B4-11E8-BF66-D9AA8AFF4A69	FILE_OBJECT_UNIX_SOCKET	EVENT_CLOSE	1523030901806106834
72FB0406-3678-11E8-BF66-D9AA8AFF4A69	SUBJECT_PROCESS	BA58DEC1-39B4-11E8-BF66-D9AA8AFF4A69	FILE_OBJECT_UNIX_SOCKET	EVENT_CREATE_OBJECT	1523030901806106834
72FB0406-3678-11E8-BF66-D9AA8AFF4A69	SUBJECT_PROCESS	BA58DF28-39B4-11E8-BF66-D9AA8AFF4A69	FILE_OBJECT_UNIX_SOCKET	EVENT_CREATE_OBJECT	1523030901806106834
94ED0D0E-39B4-11E8-BF66-D9AA8AFF4A69	SUBJECT_PROCESS	17797A5B-A3BC-8450-BCA3-FD703084DDDB	FILE_OBJECT_FILE	EVENT_READ	1523030902096109697
94ED0D0E-39B4-11E8-BF66-D9AA8AFF4A69	SUBJECT_PROCESS	17797A5B-A3BC-8450-BCA3-FD703084DDDB	FILE_OBJECT_FILE	EVENT_WRITE	1523030902096109697
94ED0D0E-39B4-11E8-BF66-D9AA8AFF4A69	SUBJECT_PROCESS	17797A5B-A3BC-8450-BCA3-FD703084DDDB	FILE_OBJECT_FILE	EVENT_READ	1523030902376108360
94ED0D0E-39B4-11E8-BF66-D9AA8AFF4A69	SUBJECT_PROCESS	17797A5B-A3BC-8450-BCA3-FD703084DDDB	FILE_OBJECT_FILE	EVENT_WRITE	1523030902376108360
94ED0D0E-39B4-11E8-BF66-D9AA8AFF4A69	SUBJECT_PROCESS	D7E35B10-E1B4-580D-BFC2-44625ECE4EB3	UnnamedPipeObject	EVENT_CREATE_OBJECT	1523030902376108360
94ED0D0E-39B4-11E8-BF66-D9AA8AFF4A69	SUBJECT_PROCESS	BAAFF8A4-39B4-11E8-BF66-D9AA8AFF4A69	SUBJECT_PROCESS	EVENT_FORK	1523030902376108360
94ED0D0E-39B4-11E8-BF66-D9AA8AFF4A69	SUBJECT_PROCESS	BAB01ED2-39B4-11E8-BF66-D9AA8AFF4A69	SUBJECT_PROCESS	EVENT_FORK	1523030902376108360
BAB01ED2-39B4-11E8-BF66-D9AA8AFF4A69	SUBJECT_PROCESS	29C0F421-9DEA-A656-AA9D-30CFA6A69C0C	FILE_OBJECT_FILE	EVENT_EXECUTE	1523030902376108360
BAB01ED2-39B4-11E8-BF66-D9AA8AFF4A69	SUBJECT_PROCESS	7A350F75-9945-425D-8599-15CEBD426F06	FILE_OBJECT_FILE	EVENT_EXECUTE	1523030902376108360
BAAFF8A4-39B4-11E8-BF66-D9AA8AFF4A69	SUBJECT_PROCESS	EA112F0C-C0B2-CD5B-B2C0-A1B8CBCD4FE9	FILE_OBJECT_FILE	EVENT_EXECUTE	1523030902376108360
BAAFF8A4-39B4-11E8-BF66-D9AA8AFF4A69	SUBJECT_PROCESS	7A350F75-9945-425D-8599-15CEBD426F06	FILE_OBJECT_FILE	EVENT_EXECUTE	1523030902376108360
BAB01ED2-39B4-11E8-BF66-D9AA8AFF4A69	SUBJECT_PROCESS	51110606-D232-9652-B2D2-3A7242968F8A	FILE_OBJECT_FILE	EVENT_OPEN	1523030902376108360
BAB01ED2-39B4-11E8-BF66-D9AA8AFF4A69	SUBJECT_PROCESS	51110606-D232-9652-B2D2-3A7242968F8A	FILE_OBJECT_FILE	EVENT_READ	1523030902376108360
BAAFF8A4-39B4-11E8-BF66-D9AA8AFF4A69	SUBJECT_PROCESS	51110606-D232-9652-B2D2-3A7242968F8A	FILE_OBJECT_FILE	EVENT_OPEN	1523030902376108360
BAB01ED2-39B4-11E8-BF66-D9AA8AFF4A69	SUBJECT_PROCESS	51110606-D232-9652-B2D2-3A7242968F8A	FILE_OBJECT_FILE	EVENT_CLOSE	1523030902376108360
BAAFF8A4-39B4-11E8-BF66-D9AA8AFF4A69	SUBJECT_PROCESS	51110606-D232-9652-B2D2-3A7242968F8A	FILE_OBJECT_FILE	EVENT_READ	1523030902376108360
BAB01ED2-39B4-11E8-BF66-D9AA8AFF4A69	SUBJECT_PROCESS	8A44F292-648B-7854-8B64-00F954785A79	FILE_OBJECT_FILE	EVENT_OPEN	1523030902376108360
BAB01ED2-39B4-11E8-BF66-D9AA8AFF4A69	SUBJECT_PROCESS	8A44F292-648B-7854-8B64-00F954785A79	FILE_OBJECT_FILE	EVENT_READ	1523030902376108360
BAAFF8A4-39B4-11E8-BF66-D9AA8AFF4A69	SUBJECT_PROCESS	51110606-D232-9652-B2D2-3A7242968F8A	FILE_OBJECT_FILE	EVENT_CLOSE	1523030902376108360
BAB01ED2-39B4-11E8-BF66-D9AA8AFF4A69	SUBJECT_PROCESS	8A44F292-648B-7854-8B64-00F954785A79	FILE_OBJECT_FILE	EVENT_READ	1523030902376108360
BAB01ED2-39B4-11E8-BF66-D9AA8AFF4A69	SUBJECT_PROCESS	8A44F292-648B-7854-8B64-00F954785A79	FILE_OBJECT_FILE	EVENT_CLOSE	1523030902376108360
BAAFF8A4-39B4-11E8-BF66-D9AA8AFF4A69	SUBJECT_PROCESS	8A44F292-648B-7854-8B64-00F954785A79	FILE_OBJECT_FILE	EVENT_OPEN	1523030902376108360
BAB01ED2-39B4-11E8-BF66-D9AA8AFF4A69	SUBJECT_PROCESS	F802C467-68D3-4950-9368-CE2BE049BD5D	FILE_OBJECT_FILE	EVENT_OPEN	1523030902376108360
BAAFF8A4-39B4-11E8-BF66-D9AA8AFF4A69	SUBJECT_PROCESS	8A44F292-648B-7854-8B64-00F954785A79	FILE_OBJECT_FILE	EVENT_READ	1523030902376108360
BAB01ED2-39B4-11E8-BF66-D9AA8AFF4A69	SUBJECT_PROCESS	F802C467-68D3-4950-9368-CE2BE049BD5D	FILE_OBJECT_FILE	EVENT_MMAP	1523030902376108360
BAB01ED2-39B4-11E8-BF66-D9AA8AFF4A69	SUBJECT_PROCESS	F802C467-68D3-4950-9368-CE2BE049BD5D	FILE_OBJECT_FILE	EVENT_MMAP	1523030902376108360
BAAFF8A4-39B4-11E8-BF66-D9AA8AFF4A69	SUBJECT_PROCESS	8A44F292-648B-7854-8B64-00F954785A79	FILE_OBJECT_FILE	EVENT_READ	1523030902376108360
BAB01ED2-39B4-11E8-BF66-D9AA8AFF4A69	SUBJECT_PROCESS	F802C467-68D3-4950-9368-CE2BE049BD5D	FILE_OBJECT_FILE	EVENT_MMAP	1523030902376108360
BAAFF8A4-39B4-11E8-BF66-D9AA8AFF4A69	SUBJECT_PROCESS	8A44F292-648B-7854-8B64-00F954785A79	FILE_OBJECT_FILE	EVENT_CLOSE	1523030902376108360
BAB01ED2-39B4-11E8-BF66-D9AA8AFF4A69	SUBJECT_PROCESS	F802C467-68D3-4950-9368-CE2BE049BD5D	FILE_OBJECT_FILE	EVENT_MMAP	1523030902376108360
BAB01ED2-39B4-11E8-BF66-D9AA8AFF4A69	SUBJECT_PROCESS	F802C467-68D3-4950-9368-CE2BE049BD5D	FILE_OBJECT_FILE	EVENT_MMAP	1523030902376108360
BAAFF8A4-39B4-11E8-BF66-D9AA8AFF4A69	SUBJECT_PROCESS	D57B2A07-B373-B75A-B3B3-93790AB76535	FILE_OBJECT_FILE	EVENT_OPEN	1523030902376108360
BAB01ED2-39B4-11E8-BF66-D9AA8AFF4A69	SUBJECT_PROCESS	F802C467-68D3-4950-9368-CE2BE049BD5D	FILE_OBJECT_FILE	EVENT_MMAP	1523030902386111640
BAAFF8A4-39B4-11E8-BF66-D9AA8AFF4A69	SUBJECT_PROCESS	D57B2A07-B373-B75A-B3B3-93790AB76535	FILE_OBJECT_FILE	EVENT_MMAP	1523030902386111640
BAB01ED2-39B4-11E8-BF66-D9AA8AFF4A69	SUBJECT_PROCESS	F802C467-68D3-4950-9368-CE2BE049BD5D	FILE_OBJECT_FILE	EVENT_CLOSE	1523030902386111640
BAAFF8A4-39B4-11E8-BF66-D9AA8AFF4A69	SUBJECT_PROCESS	D57B2A07-B373-B75A-B3B3-93790AB76535	FILE_OBJECT_FILE	EVENT_MMAP	1523030902386111640
BAB01ED2-39B4-11E8-BF66-D9AA8AFF4A69	SUBJECT_PROCESS	4712EA4F-DAE8-DB53-A8DA-6C9F43DB784D	FILE_OBJECT_FILE	EVENT_OPEN	1523030902386111640
BAAFF8A4-39B4-11E8-BF66-D9AA8AFF4A69	SUBJECT_PROCESS	D57B2A07-B373-B75A-B3B3-93790AB76535	FILE_OBJECT_FILE	EVENT_MMAP	1523030902386111640
BAB01ED2-39B4-11E8-BF66-D9AA8AFF4A69	SUBJECT_PROCESS	4712EA4F-DAE8-DB53-A8DA-6C9F43DB784D	FILE_OBJECT_FILE	EVENT_MMAP	1523030902386111640
BAAFF8A4-39B4-11E8-BF66-D9AA8AFF4A69	SUBJECT_PROCESS	D57B2A07-B373-B75A-B3B3-93790AB76535	FILE_OBJECT_FILE	EVENT_MMAP	1523030902386111640
BAB01ED2-39B4-11E8-BF66-D9AA8AFF4A69	SUBJECT_PROCESS	4712EA4F-DAE8-DB53-A8DA-6C9F43DB784D	FILE_OBJECT_FILE	EVENT_MMAP	1523030902386111640
BAAFF8A4-39B4-11E8-BF66-D9AA8AFF4A69	SUBJECT_PROCESS	D57B2A07-B373-B75A-B3B3-93790AB76535	FILE_OBJECT_FILE	EVENT_MMAP	1523030902386111640
BAB01ED2-39B4-11E8-BF66-D9AA8AFF4A69	SUBJECT_PROCESS	4712EA4F-DAE8-DB53-A8DA-6C9F43DB784D	FILE_OBJECT_FILE	EVENT_MMAP	1523030902386111640
BAB01ED2-39B4-11E8-BF66-D9AA8AFF4A69	SUBJECT_PROCESS	4712EA4F-DAE8-DB53-A8DA-6C9F43DB784D	FILE_OBJECT_FILE	EVENT_MMAP	1523030902386111640
BAAFF8A4-39B4-11E8-BF66-D9AA8AFF4A69	SUBJECT_PROCESS	D57B2A07-B373-B75A-B3B3-93790AB76535	FILE_OBJECT_FILE	EVENT_MMAP	1523030902386111640
BAB01ED2-39B4-11E8-BF66-D9AA8AFF4A69	SUBJECT_PROCESS	4712EA4F-DAE8-DB53-A8DA-6C9F43DB784D	FILE_OBJECT_FILE	EVENT_MMAP	1523030902386111640
BAB01ED2-39B4-11E8-BF66-D9AA8AFF4A69	SUBJECT_PROCESS	4712EA4F-DAE8-DB53-A8DA-6C9F43DB784D	FILE_OBJECT_FILE	EVENT_MMAP	1523030902386111640
BAAFF8A4-39B4-11E8-BF66-D9AA8AFF4A69	SUBJECT_PROCESS	D57B2A07-B373-B75A-B3B3-93790AB76535	FILE_OBJECT_FILE	EVENT_CLOSE	1523030902386111640
BAB01ED2-39B4-11E8-BF66-D9AA8AFF4A69	SUBJECT_PROCESS	4712EA4F-DAE8-DB53-A8DA-6C9F43DB784D	FILE_OBJECT_FILE	EVENT_CLOSE	1523030902386111640
BAAFF8A4-39B4-11E8-BF66-D9AA8AFF4A69	SUBJECT_PROCESS	718F288D-A702-1B5D-82A7-80807D1BB326	FILE_OBJECT_FILE	EVENT_OPEN	1523030902386111640
BAB01ED2-39B4-11E8-BF66-D9AA8AFF4A69	SUBJECT_PROCESS	DEADAC7C-AED5-7E50-95AE-0452707EB22B	FILE_OBJECT_FILE	EVENT_OPEN	1523030902386111640
BAB01ED2-39B4-11E8-BF66-D9AA8AFF4A69	SUBJECT_PROCESS	DEADAC7C-AED5-7E50-95AE-0452707EB22B	FILE_OBJECT_FILE	EVENT_MMAP	1523030902386111640
BAAFF8A4-39B4-11E8-BF66-D9AA8AFF4A69	SUBJECT_PROCESS	718F288D-A702-1B5D-82A7-80807D1BB326	FILE_OBJECT_FILE	EVENT_MMAP	1523030902386111640
BAB01ED2-39B4-11E8-BF66-D9AA8AFF4A69	SUBJECT_PROCESS	DEADAC7C-AED5-7E50-95AE-0452707EB22B	FILE_OBJECT_FILE	EVENT_MMAP	1523030902386111640
BAAFF8A4-39B4-11E8-BF66-D9AA8AFF4A69	SUBJECT_PROCESS	718F288D-A702-1B5D-82A7-80807D1BB326	FILE_OBJECT_FILE	EVENT_MMAP	1523030902386111640
BAB01ED2-39B4-11E8-BF66-D9AA8AFF4A69	SUBJECT_PROCESS	DEADAC7C-AED5-7E50-95AE-0452707EB22B	FILE_OBJECT_FILE	EVENT_MMAP	1523030902386111640
BAB01ED2-39B4-11E8-BF66-D9AA8AFF4A69	SUBJECT_PROCESS	DEADAC7C-AED5-7E50-95AE-0452707EB22B	FILE_OBJECT_FILE	EVENT_MMAP	1523030902386111640
BAAFF8A4-39B4-11E8-BF66-D9AA8AFF4A69	SUBJECT_PROCESS	718F288D-A702-1B5D-82A7-80807D1BB326	FILE_OBJECT_FILE	EVENT_MMAP	1523030902386111640
BAB01ED2-39B4-11E8-BF66-D9AA8AFF4A69	SUBJECT_PROCESS	DEADAC7C-AED5-7E50-95AE-0452707EB22B	FILE_OBJECT_FILE	EVENT_MMAP	1523030902386111640
BAAFF8A4-39B4-11E8-BF66-D9AA8AFF4A69	SUBJECT_PROCESS	718F288D-A702-1B5D-82A7-80807D1BB326	FILE_OBJECT_FILE	EVENT_MMAP	1523030902386111640
BAB01ED2-39B4-11E8-BF66-D9AA8AFF4A69	SUBJECT_PROCESS	DEADAC7C-AED5-7E50-95AE-0452707EB22B	FILE_OBJECT_FILE	EVENT_MMAP	1523030902386111640
BAB01ED2-39B4-11E8-BF66-D9AA8AFF4A69	SUBJECT_PROCESS	DEADAC7C-AED5-7E50-95AE-0452707EB22B	FILE_OBJECT_FILE	EVENT_CLOSE	1523030902386111640
BAAFF8A4-39B4-11E8-BF66-D9AA8AFF4A69	SUBJECT_PROCESS	718F288D-A702-1B5D-82A7-80807D1BB326	FILE_OBJECT_FILE	EVENT_MMAP	1523030902386111640
BAB01ED2-39B4-11E8-BF66-D9AA8AFF4A69	SUBJECT_PROCESS	76A739B1-A13E-FD50-BEA1-B218A0FD0400	FILE_OBJECT_FILE	EVENT_OPEN	1523030902386111640
BAAFF8A4-39B4-11E8-BF66-D9AA8AFF4A69	SUBJECT_PROCESS	718F288D-A702-1B5D-82A7-80807D1BB326	FILE_OBJECT_FILE	EVENT_MMAP	1523030902386111640
BAB01ED2-39B4-11E8-BF66-D9AA8AFF4A69	SUBJECT_PROCESS	76A739B1-A13E-FD50-BEA1-B218A0FD0400	FILE_OBJECT_FILE	EVENT_MMAP	1523030902386111640
BAB01ED2-39B4-11E8-BF66-D9AA8AFF4A69	SUBJECT_PROCESS	76A739B1-A13E-FD50-BEA1-B218A0FD0400	FILE_OBJECT_FILE	EVENT_MMAP	1523030902386111640
BAAFF8A4-39B4-11E8-BF66-D9AA8AFF4A69	SUBJECT_PROCESS	718F288D-A702-1B5D-82A7-80807D1BB326	FILE_OBJECT_FILE	EVENT_CLOSE	1523030902386111640
BAB01ED2-39B4-11E8-BF66-D9AA8AFF4A69	SUBJECT_PROCESS	76A739B1-A13E-FD50-BEA1-B218A0FD0400	FILE_OBJECT_FILE	EVENT_MMAP	1523030902386111640
BAAFF8A4-39B4-11E8-BF66-D9AA8AFF4A69	SUBJECT_PROCESS	D3F11983-FFD7-8A58-97FF-D38E388A1453	FILE_OBJECT_FILE	EVENT_OPEN	1523030902386111640
BAB01ED2-39B4-11E8-BF66-D9AA8AFF4A69	SUBJECT_PROCESS	76A739B1-A13E-FD50-BEA1-B218A0FD0400	FILE_OBJECT_FILE	EVENT_MMAP	1523030902386111640
BAB01ED2-39B4-11E8-BF66-D9AA8AFF4A69	SUBJECT_PROCESS	76A739B1-A13E-FD50-BEA1-B218A0FD0400	FILE_OBJECT_FILE	EVENT_MMAP	1523030902386111640
BAAFF8A4-39B4-11E8-BF66-D9AA8AFF4A69	SUBJECT_PROCESS	D3F11983-FFD7-8A58-97FF-D38E388A1453	FILE_OBJECT_FILE	EVENT_MMAP	1523030902386111640
BAB01ED2-39B4-11E8-BF66-D9AA8AFF4A69	SUBJECT_PROCESS	76A739B1-A13E-FD50-BEA1-B218A0FD0400	FILE_OBJECT_FILE	EVENT_MMAP	1523030902386111640
BAAFF8A4-39B4-11E8-BF66-D9AA8AFF4A69	SUBJECT_PROCESS	D3F11983-FFD7-8A58-97FF-D38E388A1453	FILE_OBJECT_FILE	EVENT_MMAP	1523030902386111640
BAB01ED2-39B4-11E8-BF66-D9AA8AFF4A69	SUBJECT_PROCESS	76A739B1-A13E-FD50-BEA1-B218A0FD0400	FILE_OBJECT_FILE	EVENT_CLOSE	1523030902386111640
BAAFF8A4-39B4-11E8-BF66-D9AA8AFF4A69	SUBJECT_PROCESS	D3F11983-FFD7-8A58-97FF-D38E388A1453	FILE_OBJECT_FILE	EVENT_MMAP	1523030902386111640
BAB01ED2-39B4-11E8-BF66-D9AA8AFF4A69	SUBJECT_PROCESS	F410BE96-4C0C-765E-8C4C-6F0E2E760020	FILE_OBJECT_FILE	EVENT_OPEN	1523030902386111640
BAAFF8A4-39B4-11E8-BF66-D9AA8AFF4A69	SUBJECT_PROCESS	D3F11983-FFD7-8A58-97FF-D38E388A1453	FILE_OBJECT_FILE	EVENT_MMAP	1523030902386111640
BAB01ED2-39B4-11E8-BF66-D9AA8AFF4A69	SUBJECT_PROCESS	F410BE96-4C0C-765E-8C4C-6F0E2E760020	FILE_OBJECT_FILE	EVENT_MMAP	1523030902386111640
BAB01ED2-39B4-11E8-BF66-D9AA8AFF4A69	SUBJECT_PROCESS	F410BE96-4C0C-765E-8C4C-6F0E2E760020	FILE_OBJECT_FILE	EVENT_MMAP	1523030902396112071
BAAFF8A4-39B4-11E8-BF66-D9AA8AFF4A69	SUBJECT_PROCESS	D3F11983-FFD7-8A58-97FF-D38E388A1453	FILE_OBJECT_FILE	EVENT_MMAP	1523030902396112071
BAB01ED2-39B4-11E8-BF66-D9AA8AFF4A69	SUBJECT_PROCESS	F410BE96-4C0C-765E-8C4C-6F0E2E760020	FILE_OBJECT_FILE	EVENT_CLOSE	1523030902396112071
BAAFF8A4-39B4-11E8-BF66-D9AA8AFF4A69	SUBJECT_PROCESS	D3F11983-FFD7-8A58-97FF-D38E388A1453	FILE_OBJECT_FILE	EVENT_MMAP	1523030902396112071
BAAFF8A4-39B4-11E8-BF66-D9AA8AFF4A69	SUBJECT_PROCESS	D3F11983-FFD7-8A58-97FF-D38E388A1453	FILE_OBJECT_FILE	EVENT_CLOSE	1523030902396112071
BAAFF8A4-39B4-11E8-BF66-D9AA8AFF4A69	SUBJECT_PROCESS	0905A02C-D979-5D57-B9D9-F12D475D7A9B	FILE_OBJECT_FILE	EVENT_OPEN	1523030902396112071
BAAFF8A4-39B4-11E8-BF66-D9AA8AFF4A69	SUBJECT_PROCESS	0905A02C-D979-5D57-B9D9-F12D475D7A9B	FILE_OBJECT_FILE	EVENT_MMAP	1523030902396112071
BAAFF8A4-39B4-11E8-BF66-D9AA8AFF4A69	SUBJECT_PROCESS	0905A02C-D979-5D57-B9D9-F12D475D7A9B	FILE_OBJECT_FILE	EVENT_MMAP	1523030902396112071
BAAFF8A4-39B4-11E8-BF66-D9AA8AFF4A69	SUBJECT_PROCESS	0905A02C-D979-5D57-B9D9-F12D475D7A9B	FILE_OBJECT_FILE	EVENT_MMAP	1523030902396112071
BAAFF8A4-39B4-11E8-BF66-D9AA8AFF4A69	SUBJECT_PROCESS	0905A02C-D979-5D57-B9D9-F12D475D7A9B	FILE_OBJECT_FILE	EVENT_MMAP	1523030902396112071
BAAFF8A4-39B4-11E8-BF66-D9AA8AFF4A69	SUBJECT_PROCESS	0905A02C-D979-5D57-B9D9-F12D475D7A9B	FILE_OBJECT_FILE	EVENT_MMAP	1523030902396112071
BAAFF8A4-39B4-11E8-BF66-D9AA8AFF4A69	SUBJECT_PROCESS	0905A02C-D979-5D57-B9D9-F12D475D7A9B	FILE_OBJECT_FILE	EVENT_MMAP	1523030902396112071
BAAFF8A4-39B4-11E8-BF66-D9AA8AFF4A69	SUBJECT_PROCESS	0905A02C-D979-5D57-B9D9-F12D475D7A9B	FILE_OBJECT_FILE	EVENT_CLOSE	1523030902396112071
BAAFF8A4-39B4-11E8-BF66-D9AA8AFF4A69	SUBJECT_PROCESS	76A739B1-A13E-FD50-BEA1-B218A0FD0400	FILE_OBJECT_FILE	EVENT_OPEN	1523030902396112071
BAAFF8A4-39B4-11E8-BF66-D9AA8AFF4A69	SUBJECT_PROCESS	76A739B1-A13E-FD50-BEA1-B218A0FD0400	FILE_OBJECT_FILE	EVENT_MMAP	1523030902396112071
BAAFF8A4-39B4-11E8-BF66-D9AA8AFF4A69	SUBJECT_PROCESS	76A739B1-A13E-FD50-BEA1-B218A0FD0400	FILE_OBJECT_FILE	EVENT_MMAP	1523030902396112071
BAAFF8A4-39B4-11E8-BF66-D9AA8AFF4A69	SUBJECT_PROCESS	76A739B1-A13E-FD50-BEA1-B218A0FD0400	FILE_OBJECT_FILE	EVENT_MMAP	1523030902396112071
BAAFF8A4-39B4-11E8-BF66-D9AA8AFF4A69	SUBJECT_PROCESS	76A739B1-A13E-FD50-BEA1-B218A0FD0400	FILE_OBJECT_FILE	EVENT_MMAP	1523030902396112071
BAAFF8A4-39B4-11E8-BF66-D9AA8AFF4A69	SUBJECT_PROCESS	76A739B1-A13E-FD50-BEA1-B218A0FD0400	FILE_OBJECT_FILE	EVENT_MMAP	1523030902396112071
BAAFF8A4-39B4-11E8-BF66-D9AA8AFF4A69	SUBJECT_PROCESS	76A739B1-A13E-FD50-BEA1-B218A0FD0400	FILE_OBJECT_FILE	EVENT_MMAP	1523030902396112071
BAAFF8A4-39B4-11E8-BF66-D9AA8AFF4A69	SUBJECT_PROCESS	76A739B1-A13E-FD50-BEA1-B218A0FD0400	FILE_OBJECT_FILE	EVENT_CLOSE	1523030902396112071
BAAFF8A4-39B4-11E8-BF66-D9AA8AFF4A69	SUBJECT_PROCESS	F29977F6-07A2-935B-A207-C4871B93FE07	FILE_OBJECT_FILE	EVENT_OPEN	1523030902396112071
BAAFF8A4-39B4-11E8-BF66-D9AA8AFF4A69	SUBJECT_PROCESS	F29977F6-07A2-935B-A207-C4871B93FE07	FILE_OBJECT_FILE	EVENT_MMAP	1523030902396112071
BAAFF8A4-39B4-11E8-BF66-D9AA8AFF4A69	SUBJECT_PROCESS	F29977F6-07A2-935B-A207-C4871B93FE07	FILE_OBJECT_FILE	EVENT_MMAP	1523030902406111462
BAAFF8A4-39B4-11E8-BF66-D9AA8AFF4A69	SUBJECT_PROCESS	F29977F6-07A2-935B-A207-C4871B93FE07	FILE_OBJECT_FILE	EVENT_MMAP	1523030902406111462
BAAFF8A4-39B4-11E8-BF66-D9AA8AFF4A69	SUBJECT_PROCESS	F29977F6-07A2-935B-A207-C4871B93FE07	FILE_OBJECT_FILE	EVENT_MMAP	1523030902406111462
BAAFF8A4-39B4-11E8-BF66-D9AA8AFF4A69	SUBJECT_PROCESS	F29977F6-07A2-935B-A207-C4871B93FE07	FILE_OBJECT_FILE	EVENT_MMAP	1523030902406111462
BAAFF8A4-39B4-11E8-BF66-D9AA8AFF4A69	SUBJECT_PROCESS	F29977F6-07A2-935B-A207-C4871B93FE07	FILE_OBJECT_FILE	EVENT_MMAP	1523030902406111462
BAAFF8A4-39B4-11E8-BF66-D9AA8AFF4A69	SUBJECT_PROCESS	F29977F6-07A2-935B-A207-C4871B93FE07	FILE_OBJECT_FILE	EVENT_CLOSE	1523030902406111462
BAAFF8A4-39B4-11E8-BF66-D9AA8AFF4A69	SUBJECT_PROCESS	9FF334BB-9072-D756-B290-556656D73728	FILE_OBJECT_FILE	EVENT_OPEN	1523030902406111462
BAAFF8A4-39B4-11E8-BF66-D9AA8AFF4A69	SUBJECT_PROCESS	9FF334BB-9072-D756-B290-556656D73728	FILE_OBJECT_FILE	EVENT_MMAP	1523030902406111462
BAAFF8A4-39B4-11E8-BF66-D9AA8AFF4A69	SUBJECT_PROCESS	9FF334BB-9072-D756-B290-556656D73728	FILE_OBJECT_FILE	EVENT_MMAP	1523030902406111462
BAAFF8A4-39B4-11E8-BF66-D9AA8AFF4A69	SUBJECT_PROCESS	9FF334BB-9072-D756-B290-556656D73728	FILE_OBJECT_FILE	EVENT_MMAP	1523030902406111462
BAAFF8A4-39B4-11E8-BF66-D9AA8AFF4A69	SUBJECT_PROCESS	9FF334BB-9072-D756-B290-556656D73728	FILE_OBJECT_FILE	EVENT_MMAP	1523030902406111462
BAAFF8A4-39B4-11E8-BF66-D9AA8AFF4A69	SUBJECT_PROCESS	9FF334BB-9072-D756-B290-556656D73728	FILE_OBJECT_FILE	EVENT_MMAP	1523030902406111462
BAAFF8A4-39B4-11E8-BF66-D9AA8AFF4A69	SUBJECT_PROCESS	9FF334BB-9072-D756-B290-556656D73728	FILE_OBJECT_FILE	EVENT_MMAP	1523030902406111462
BAAFF8A4-39B4-11E8-BF66-D9AA8AFF4A69	SUBJECT_PROCESS	9FF334BB-9072-D756-B290-556656D73728	FILE_OBJECT_FILE	EVENT_CLOSE	1523030902406111462
BAAFF8A4-39B4-11E8-BF66-D9AA8AFF4A69	SUBJECT_PROCESS	F410BE96-4C0C-765E-8C4C-6F0E2E760020	FILE_OBJECT_FILE	EVENT_OPEN	1523030902406111462
BAAFF8A4-39B4-11E8-BF66-D9AA8AFF4A69	SUBJECT_PROCESS	F410BE96-4C0C-765E-8C4C-6F0E2E760020	FILE_OBJECT_FILE	EVENT_MMAP	1523030902406111462
BAAFF8A4-39B4-11E8-BF66-D9AA8AFF4A69	SUBJECT_PROCESS	F410BE96-4C0C-765E-8C4C-6F0E2E760020	FILE_OBJECT_FILE	EVENT_MMAP	1523030902406111462
BAAFF8A4-39B4-11E8-BF66-D9AA8AFF4A69	SUBJECT_PROCESS	F410BE96-4C0C-765E-8C4C-6F0E2E760020	FILE_OBJECT_FILE	EVENT_CLOSE	1523030902406111462
BAAFF8A4-39B4-11E8-BF66-D9AA8AFF4A69	SUBJECT_PROCESS	1633500B-D34B-8058-8BD3-ABB7D880915E	FILE_OBJECT_FILE	EVENT_OPEN	1523030902416109323
BAAFF8A4-39B4-11E8-BF66-D9AA8AFF4A69	SUBJECT_PROCESS	1633500B-D34B-8058-8BD3-ABB7D880915E	FILE_OBJECT_FILE	EVENT_OPEN	1523030902416109323
BAAFF8A4-39B4-11E8-BF66-D9AA8AFF4A69	SUBJECT_PROCESS	BCDBE64D-1703-005A-8317-44DD6A00589D	FILE_OBJECT_FILE	EVENT_OPEN	1523030902416109323
BAAFF8A4-39B4-11E8-BF66-D9AA8AFF4A69	SUBJECT_PROCESS	BCDBE64D-1703-005A-8317-44DD6A00589D	FILE_OBJECT_FILE	EVENT_READ	1523030902416109323
BAAFF8A4-39B4-11E8-BF66-D9AA8AFF4A69	SUBJECT_PROCESS	BCDBE64D-1703-005A-8317-44DD6A00589D	FILE_OBJECT_FILE	EVENT_READ	1523030902416109323
BAAFF8A4-39B4-11E8-BF66-D9AA8AFF4A69	SUBJECT_PROCESS	BCDBE64D-1703-005A-8317-44DD6A00589D	FILE_OBJECT_FILE	EVENT_CLOSE	1523030902416109323
BAAFF8A4-39B4-11E8-BF66-D9AA8AFF4A69	SUBJECT_PROCESS	C53609B6-A912-B65B-92A9-B89E0BB6C2E1	FILE_OBJECT_FILE	EVENT_OPEN	1523030902416109323
BAAFF8A4-39B4-11E8-BF66-D9AA8AFF4A69	SUBJECT_PROCESS	C53609B6-A912-B65B-92A9-B89E0BB6C2E1	FILE_OBJECT_FILE	EVENT_READ	1523030902416109323
BAAFF8A4-39B4-11E8-BF66-D9AA8AFF4A69	SUBJECT_PROCESS	C53609B6-A912-B65B-92A9-B89E0BB6C2E1	FILE_OBJECT_FILE	EVENT_READ	1523030902416109323
BAAFF8A4-39B4-11E8-BF66-D9AA8AFF4A69	SUBJECT_PROCESS	C53609B6-A912-B65B-92A9-B89E0BB6C2E1	FILE_OBJECT_FILE	EVENT_READ	1523030902416109323
BAAFF8A4-39B4-11E8-BF66-D9AA8AFF4A69	SUBJECT_PROCESS	AE441C70-DEC0-BD5F-80DE-3DE4DFBDF253	FILE_OBJECT_FILE	EVENT_OPEN	1523030902426108564
BAAFF8A4-39B4-11E8-BF66-D9AA8AFF4A69	SUBJECT_PROCESS	AE441C70-DEC0-BD5F-80DE-3DE4DFBDF253	FILE_OBJECT_FILE	EVENT_READ	1523030902426108564
BAAFF8A4-39B4-11E8-BF66-D9AA8AFF4A69	SUBJECT_PROCESS	AE441C70-DEC0-BD5F-80DE-3DE4DFBDF253	FILE_OBJECT_FILE	EVENT_CLOSE	1523030902426108564
BAAFF8A4-39B4-11E8-BF66-D9AA8AFF4A69	SUBJECT_PROCESS	104A8C35-2200-3156-8022-4129E631EA52	FILE_OBJECT_FILE	EVENT_OPEN	1523030902426108564
BAAFF8A4-39B4-11E8-BF66-D9AA8AFF4A69	SUBJECT_PROCESS	104A8C35-2200-3156-8022-4129E631EA52	FILE_OBJECT_FILE	EVENT_READ	1523030902426108564
BAAFF8A4-39B4-11E8-BF66-D9AA8AFF4A69	SUBJECT_PROCESS	104A8C35-2200-3156-8022-4129E631EA52	FILE_OBJECT_FILE	EVENT_CLOSE	1523030902426108564
BAAFF8A4-39B4-11E8-BF66-D9AA8AFF4A69	SUBJECT_PROCESS	C53609B6-A912-B65B-92A9-B89E0BB6C2E1	FILE_OBJECT_FILE	EVENT_READ	1523030902426108564
BAAFF8A4-39B4-11E8-BF66-D9AA8AFF4A69	SUBJECT_PROCESS	C53609B6-A912-B65B-92A9-B89E0BB6C2E1	FILE_OBJECT_FILE	EVENT_READ	1523030902426108564
BAAFF8A4-39B4-11E8-BF66-D9AA8AFF4A69	SUBJECT_PROCESS	C53609B6-A912-B65B-92A9-B89E0BB6C2E1	FILE_OBJECT_FILE	EVENT_READ	1523030902426108564
BAAFF8A4-39B4-11E8-BF66-D9AA8AFF4A69	SUBJECT_PROCESS	C53609B6-A912-B65B-92A9-B89E0BB6C2E1	FILE_OBJECT_FILE	EVENT_READ	1523030902426108564
BAAFF8A4-39B4-11E8-BF66-D9AA8AFF4A69	SUBJECT_PROCESS	C53609B6-A912-B65B-92A9-B89E0BB6C2E1	FILE_OBJECT_FILE	EVENT_READ	1523030902426108564
BAAFF8A4-39B4-11E8-BF66-D9AA8AFF4A69	SUBJECT_PROCESS	C53609B6-A912-B65B-92A9-B89E0BB6C2E1	FILE_OBJECT_FILE	EVENT_READ	1523030902426108564
BAAFF8A4-39B4-11E8-BF66-D9AA8AFF4A69	SUBJECT_PROCESS	D7E35B10-E1B4-580D-BFC2-44625ECE4EB3	UnnamedPipeObject	EVENT_WRITE	1523030902436120024
BAB01ED2-39B4-11E8-BF66-D9AA8AFF4A69	SUBJECT_PROCESS	D7E35B10-E1B4-580D-BFC2-44625ECE4EB3	UnnamedPipeObject	EVENT_READ	1523030902436120024
BAB01ED2-39B4-11E8-BF66-D9AA8AFF4A69	SUBJECT_PROCESS	17797A5B-A3BC-8450-BCA3-FD703084DDDB	FILE_OBJECT_FILE	EVENT_WRITE	1523030902436120024
BAAFF8A4-39B4-11E8-BF66-D9AA8AFF4A69	SUBJECT_PROCESS	D7E35B10-E1B4-580D-BFC2-44625ECE4EB3	UnnamedPipeObject	EVENT_WRITE	1523030902436120024
BAB01ED2-39B4-11E8-BF66-D9AA8AFF4A69	SUBJECT_PROCESS	D7E35B10-E1B4-580D-BFC2-44625ECE4EB3	UnnamedPipeObject	EVENT_READ	1523030902436120024
BAB01ED2-39B4-11E8-BF66-D9AA8AFF4A69	SUBJECT_PROCESS	17797A5B-A3BC-8450-BCA3-FD703084DDDB	FILE_OBJECT_FILE	EVENT_WRITE	1523030902436120024
BAAFF8A4-39B4-11E8-BF66-D9AA8AFF4A69	SUBJECT_PROCESS	D7E35B10-E1B4-580D-BFC2-44625ECE4EB3	UnnamedPipeObject	EVENT_WRITE	1523030902436120024
BAB01ED2-39B4-11E8-BF66-D9AA8AFF4A69	SUBJECT_PROCESS	17797A5B-A3BC-8450-BCA3-FD703084DDDB	FILE_OBJECT_FILE	EVENT_WRITE	1523030902436120024
BAAFF8A4-39B4-11E8-BF66-D9AA8AFF4A69	SUBJECT_PROCESS	BAAFF8A4-39B4-11E8-BF66-D9AA8AFF4A69	SUBJECT_PROCESS	EVENT_EXIT	1523030902436120024
BAB01ED2-39B4-11E8-BF66-D9AA8AFF4A69	SUBJECT_PROCESS	D7E35B10-E1B4-580D-BFC2-44625ECE4EB3	UnnamedPipeObject	EVENT_READ	1523030902436120024
BAB01ED2-39B4-11E8-BF66-D9AA8AFF4A69	SUBJECT_PROCESS	17797A5B-A3BC-8450-BCA3-FD703084DDDB	FILE_OBJECT_FILE	EVENT_WRITE	1523030902436120024
BAB01ED2-39B4-11E8-BF66-D9AA8AFF4A69	SUBJECT_PROCESS	D7E35B10-E1B4-580D-BFC2-44625ECE4EB3	UnnamedPipeObject	EVENT_READ	1523030902436120024
BAB01ED2-39B4-11E8-BF66-D9AA8AFF4A69	SUBJECT_PROCESS	17797A5B-A3BC-8450-BCA3-FD703084DDDB	FILE_OBJECT_FILE	EVENT_CLOSE	1523030902436120024
BAB01ED2-39B4-11E8-BF66-D9AA8AFF4A69	SUBJECT_PROCESS	BAB01ED2-39B4-11E8-BF66-D9AA8AFF4A69	SUBJECT_PROCESS	EVENT_EXIT	1523030902436120024
94ED0D0E-39B4-11E8-BF66-D9AA8AFF4A69	SUBJECT_PROCESS	17797A5B-A3BC-8450-BCA3-FD703084DDDB	FILE_OBJECT_FILE	EVENT_WRITE	1523030902436120024
72FB0406-3678-11E8-BF66-D9AA8AFF4A69	SUBJECT_PROCESS	BA58DEC1-39B4-11E8-BF66-D9AA8AFF4A69	FILE_OBJECT_UNIX_SOCKET	EVENT_CLOSE	1523030902816107554
72FB0406-3678-11E8-BF66-D9AA8AFF4A69	SUBJECT_PROCESS	BA58DF28-39B4-11E8-BF66-D9AA8AFF4A69	FILE_OBJECT_UNIX_SOCKET	EVENT_CLOSE	1523030902816107554
72FB0406-3678-11E8-BF66-D9AA8AFF4A69	SUBJECT_PROCESS	BAF30AD2-39B4-11E8-BF66-D9AA8AFF4A69	FILE_OBJECT_UNIX_SOCKET	EVENT_CREATE_OBJECT	1523030902816107554
72FB0406-3678-11E8-BF66-D9AA8AFF4A69	SUBJECT_PROCESS	BAF30B44-39B4-11E8-BF66-D9AA8AFF4A69	FILE_OBJECT_UNIX_SOCKET	EVENT_CREATE_OBJECT	1523030902816107554
72FB0406-3678-11E8-BF66-D9AA8AFF4A69	SUBJECT_PROCESS	BAF30AD2-39B4-11E8-BF66-D9AA8AFF4A69	FILE_OBJECT_UNIX_SOCKET	EVENT_CLOSE	1523030903806108383
72FB0406-3678-11E8-BF66-D9AA8AFF4A69	SUBJECT_PROCESS	BAF30B44-39B4-11E8-BF66-D9AA8AFF4A69	FILE_OBJECT_UNIX_SOCKET	EVENT_CLOSE	1523030903806108383
72FB0406-3678-11E8-BF66-D9AA8AFF4A69	SUBJECT_PROCESS	BB8A29D8-39B4-11E8-BF66-D9AA8AFF4A69	FILE_OBJECT_UNIX_SOCKET	EVENT_CREATE_OBJECT	1523030903806108383
72FB0406-3678-11E8-BF66-D9AA8AFF4A69	SUBJECT_PROCESS	BB8A2A70-39B4-11E8-BF66-D9AA8AFF4A69	FILE_OBJECT_UNIX_SOCKET	EVENT_CREATE_OBJECT	1523030903806108383
94ED0D0E-39B4-11E8-BF66-D9AA8AFF4A69	SUBJECT_PROCESS	17797A5B-A3BC-8450-BCA3-FD703084DDDB	FILE_OBJECT_FILE	EVENT_READ	1523030903986106527
94ED0D0E-39B4-11E8-BF66-D9AA8AFF4A69	SUBJECT_PROCESS	17797A5B-A3BC-8450-BCA3-FD703084DDDB	FILE_OBJECT_FILE	EVENT_READ	1523030903986106527
94ED0D0E-39B4-11E8-BF66-D9AA8AFF4A69	SUBJECT_PROCESS	17797A5B-A3BC-8450-BCA3-FD703084DDDB	FILE_OBJECT_FILE	EVENT_READ	1523030903986106527
94ED0D0E-39B4-11E8-BF66-D9AA8AFF4A69	SUBJECT_PROCESS	17797A5B-A3BC-8450-BCA3-FD703084DDDB	FILE_OBJECT_FILE	EVENT_WRITE	1523030903986106527
72FB0406-3678-11E8-BF66-D9AA8AFF4A69	SUBJECT_PROCESS	BB8A29D8-39B4-11E8-BF66-D9AA8AFF4A69	FILE_OBJECT_UNIX_SOCKET	EVENT_CLOSE	1523030904836106875
72FB0406-3678-11E8-BF66-D9AA8AFF4A69	SUBJECT_PROCESS	BB8A2A70-39B4-11E8-BF66-D9AA8AFF4A69	FILE_OBJECT_UNIX_SOCKET	EVENT_CLOSE	1523030904836106875
72FB0406-3678-11E8-BF66-D9AA8AFF4A69	SUBJECT_PROCESS	BC274094-39B4-11E8-BF66-D9AA8AFF4A69	FILE_OBJECT_UNIX_SOCKET	EVENT_CREATE_OBJECT	1523030904836106875
72FB0406-3678-11E8-BF66-D9AA8AFF4A69	SUBJECT_PROCESS	BC2740FC-39B4-11E8-BF66-D9AA8AFF4A69	FILE_OBJECT_UNIX_SOCKET	EVENT_CREATE_OBJECT	1523030904836106875
94ED0D0E-39B4-11E8-BF66-D9AA8AFF4A69	SUBJECT_PROCESS	17797A5B-A3BC-8450-BCA3-FD703084DDDB	FILE_OBJECT_FILE	EVENT_READ	1523030905406110300
94ED0D0E-39B4-11E8-BF66-D9AA8AFF4A69	SUBJECT_PROCESS	17797A5B-A3BC-8450-BCA3-FD703084DDDB	FILE_OBJECT_FILE	EVENT_WRITE	1523030905406110300
94ED0D0E-39B4-11E8-BF66-D9AA8AFF4A69	SUBJECT_PROCESS	17797A5B-A3BC-8450-BCA3-FD703084DDDB	FILE_OBJECT_FILE	EVENT_READ	1523030905606111316
94ED0D0E-39B4-11E8-BF66-D9AA8AFF4A69	SUBJECT_PROCESS	17797A5B-A3BC-8450-BCA3-FD703084DDDB	FILE_OBJECT_FILE	EVENT_WRITE	1523030905606111316
94ED0D0E-39B4-11E8-BF66-D9AA8AFF4A69	SUBJECT_PROCESS	17797A5B-A3BC-8450-BCA3-FD703084DDDB	FILE_OBJECT_FILE	EVENT_READ	1523030905776108500
94ED0D0E-39B4-11E8-BF66-D9AA8AFF4A69	SUBJECT_PROCESS	17797A5B-A3BC-8450-BCA3-FD703084DDDB	FILE_OBJECT_FILE	EVENT_WRITE	1523030905776108500
72FB0406-3678-11E8-BF66-D9AA8AFF4A69	SUBJECT_PROCESS	BC274094-39B4-11E8-BF66-D9AA8AFF4A69	FILE_OBJECT_UNIX_SOCKET	EVENT_CLOSE	1523030905806110192
72FB0406-3678-11E8-BF66-D9AA8AFF4A69	SUBJECT_PROCESS	BC2740FC-39B4-11E8-BF66-D9AA8AFF4A69	FILE_OBJECT_UNIX_SOCKET	EVENT_CLOSE	1523030905806110192
72FB0406-3678-11E8-BF66-D9AA8AFF4A69	SUBJECT_PROCESS	BCBB3500-39B4-11E8-BF66-D9AA8AFF4A69	FILE_OBJECT_UNIX_SOCKET	EVENT_CREATE_OBJECT	1523030905806110192
72FB0406-3678-11E8-BF66-D9AA8AFF4A69	SUBJECT_PROCESS	BCBB356E-39B4-11E8-BF66-D9AA8AFF4A69	FILE_OBJECT_UNIX_SOCKET	EVENT_CREATE_OBJECT	1523030905806110192
94ED0D0E-39B4-11E8-BF66-D9AA8AFF4A69	SUBJECT_PROCESS	17797A5B-A3BC-8450-BCA3-FD703084DDDB	FILE_OBJECT_FILE	EVENT_READ	1523030906066108193
94ED0D0E-39B4-11E8-BF66-D9AA8AFF4A69	SUBJECT_PROCESS	17797A5B-A3BC-8450-BCA3-FD703084DDDB	FILE_OBJECT_FILE	EVENT_WRITE	1523030906076106864
94ED0D0E-39B4-11E8-BF66-D9AA8AFF4A69	SUBJECT_PROCESS	17797A5B-A3BC-8450-BCA3-FD703084DDDB	FILE_OBJECT_FILE	EVENT_READ	1523030906276106529
94ED0D0E-39B4-11E8-BF66-D9AA8AFF4A69	SUBJECT_PROCESS	17797A5B-A3BC-8450-BCA3-FD703084DDDB	FILE_OBJECT_FILE	EVENT_WRITE	1523030906276106529
72FB0406-3678-11E8-BF66-D9AA8AFF4A69	SUBJECT_PROCESS	BCBB3500-39B4-11E8-BF66-D9AA8AFF4A69	FILE_OBJECT_UNIX_SOCKET	EVENT_CLOSE	1523030906816108752
72FB0406-3678-11E8-BF66-D9AA8AFF4A69	SUBJECT_PROCESS	BCBB356E-39B4-11E8-BF66-D9AA8AFF4A69	FILE_OBJECT_UNIX_SOCKET	EVENT_CLOSE	1523030906816108752
72FB0406-3678-11E8-BF66-D9AA8AFF4A69	SUBJECT_PROCESS	BD5578E0-39B4-11E8-BF66-D9AA8AFF4A69	FILE_OBJECT_UNIX_SOCKET	EVENT_CREATE_OBJECT	1523030906816108752
72FB0406-3678-11E8-BF66-D9AA8AFF4A69	SUBJECT_PROCESS	BD55798B-39B4-11E8-BF66-D9AA8AFF4A69	FILE_OBJECT_UNIX_SOCKET	EVENT_CREATE_OBJECT	1523030906816108752
94ED0D0E-39B4-11E8-BF66-D9AA8AFF4A69	SUBJECT_PROCESS	17797A5B-A3BC-8450-BCA3-FD703084DDDB	FILE_OBJECT_FILE	EVENT_READ	1523030906816108752
94ED0D0E-39B4-11E8-BF66-D9AA8AFF4A69	SUBJECT_PROCESS	17797A5B-A3BC-8450-BCA3-FD703084DDDB	FILE_OBJECT_FILE	EVENT_WRITE	1523030906816108752
94ED0D0E-39B4-11E8-BF66-D9AA8AFF4A69	SUBJECT_PROCESS	17797A5B-A3BC-8450-BCA3-FD703084DDDB	FILE_OBJECT_FILE	EVENT_READ	1523030907036107140
94ED0D0E-39B4-11E8-BF66-D9AA8AFF4A69	SUBJECT_PROCESS	17797A5B-A3BC-8450-BCA3-FD703084DDDB	FILE_OBJECT_FILE	EVENT_WRITE	1523030907046107711
94ED0D0E-39B4-11E8-BF66-D9AA8AFF4A69	SUBJECT_PROCESS	17797A5B-A3BC-8450-BCA3-FD703084DDDB	FILE_OBJECT_FILE	EVENT_READ	1523030907276108449
94ED0D0E-39B4-11E8-BF66-D9AA8AFF4A69	SUBJECT_PROCESS	17797A5B-A3BC-8450-BCA3-FD703084DDDB	FILE_OBJECT_FILE	EVENT_WRITE	1523030907286109100
94ED0D0E-39B4-11E8-BF66-D9AA8AFF4A69	SUBJECT_PROCESS	DFFFB6D3-DED3-5683-98B6-64DF94E478BE	UnnamedPipeObject	EVENT_CREATE_OBJECT	1523030907286109100
94ED0D0E-39B4-11E8-BF66-D9AA8AFF4A69	SUBJECT_PROCESS	BD9CE629-39B4-11E8-BF66-D9AA8AFF4A69	SUBJECT_PROCESS	EVENT_FORK	1523030907286109100
94ED0D0E-39B4-11E8-BF66-D9AA8AFF4A69	SUBJECT_PROCESS	BD9D0C43-39B4-11E8-BF66-D9AA8AFF4A69	SUBJECT_PROCESS	EVENT_FORK	1523030907286109100
BD9CE629-39B4-11E8-BF66-D9AA8AFF4A69	SUBJECT_PROCESS	EA112F0C-C0B2-CD5B-B2C0-A1B8CBCD4FE9	FILE_OBJECT_FILE	EVENT_EXECUTE	1523030907286109100
BD9CE629-39B4-11E8-BF66-D9AA8AFF4A69	SUBJECT_PROCESS	7A350F75-9945-425D-8599-15CEBD426F06	FILE_OBJECT_FILE	EVENT_EXECUTE	1523030907286109100
BD9CE629-39B4-11E8-BF66-D9AA8AFF4A69	SUBJECT_PROCESS	51110606-D232-9652-B2D2-3A7242968F8A	FILE_OBJECT_FILE	EVENT_OPEN	1523030907286109100
BD9CE629-39B4-11E8-BF66-D9AA8AFF4A69	SUBJECT_PROCESS	51110606-D232-9652-B2D2-3A7242968F8A	FILE_OBJECT_FILE	EVENT_READ	1523030907286109100
BD9CE629-39B4-11E8-BF66-D9AA8AFF4A69	SUBJECT_PROCESS	51110606-D232-9652-B2D2-3A7242968F8A	FILE_OBJECT_FILE	EVENT_CLOSE	1523030907286109100
BD9D0C43-39B4-11E8-BF66-D9AA8AFF4A69	SUBJECT_PROCESS	29C0F421-9DEA-A656-AA9D-30CFA6A69C0C	FILE_OBJECT_FILE	EVENT_EXECUTE	1523030907286109100
BD9D0C43-39B4-11E8-BF66-D9AA8AFF4A69	SUBJECT_PROCESS	7A350F75-9945-425D-8599-15CEBD426F06	FILE_OBJECT_FILE	EVENT_EXECUTE	1523030907286109100
BD9CE629-39B4-11E8-BF66-D9AA8AFF4A69	SUBJECT_PROCESS	8A44F292-648B-7854-8B64-00F954785A79	FILE_OBJECT_FILE	EVENT_OPEN	1523030907286109100
BD9CE629-39B4-11E8-BF66-D9AA8AFF4A69	SUBJECT_PROCESS	8A44F292-648B-7854-8B64-00F954785A79	FILE_OBJECT_FILE	EVENT_READ	1523030907286109100
BD9D0C43-39B4-11E8-BF66-D9AA8AFF4A69	SUBJECT_PROCESS	51110606-D232-9652-B2D2-3A7242968F8A	FILE_OBJECT_FILE	EVENT_OPEN	1523030907286109100
BD9CE629-39B4-11E8-BF66-D9AA8AFF4A69	SUBJECT_PROCESS	8A44F292-648B-7854-8B64-00F954785A79	FILE_OBJECT_FILE	EVENT_READ	1523030907286109100
BD9D0C43-39B4-11E8-BF66-D9AA8AFF4A69	SUBJECT_PROCESS	51110606-D232-9652-B2D2-3A7242968F8A	FILE_OBJECT_FILE	EVENT_READ	1523030907286109100
BD9CE629-39B4-11E8-BF66-D9AA8AFF4A69	SUBJECT_PROCESS	8A44F292-648B-7854-8B64-00F954785A79	FILE_OBJECT_FILE	EVENT_CLOSE	1523030907286109100
BD9CE629-39B4-11E8-BF66-D9AA8AFF4A69	SUBJECT_PROCESS	D57B2A07-B373-B75A-B3B3-93790AB76535	FILE_OBJECT_FILE	EVENT_OPEN	1523030907286109100
BD9D0C43-39B4-11E8-BF66-D9AA8AFF4A69	SUBJECT_PROCESS	51110606-D232-9652-B2D2-3A7242968F8A	FILE_OBJECT_FILE	EVENT_CLOSE	1523030907286109100
BD9CE629-39B4-11E8-BF66-D9AA8AFF4A69	SUBJECT_PROCESS	D57B2A07-B373-B75A-B3B3-93790AB76535	FILE_OBJECT_FILE	EVENT_MMAP	1523030907286109100
BD9D0C43-39B4-11E8-BF66-D9AA8AFF4A69	SUBJECT_PROCESS	8A44F292-648B-7854-8B64-00F954785A79	FILE_OBJECT_FILE	EVENT_OPEN	1523030907286109100
BD9CE629-39B4-11E8-BF66-D9AA8AFF4A69	SUBJECT_PROCESS	D57B2A07-B373-B75A-B3B3-93790AB76535	FILE_OBJECT_FILE	EVENT_MMAP	1523030907286109100
BD9CE629-39B4-11E8-BF66-D9AA8AFF4A69	SUBJECT_PROCESS	D57B2A07-B373-B75A-B3B3-93790AB76535	FILE_OBJECT_FILE	EVENT_MMAP	1523030907286109100
BD9D0C43-39B4-11E8-BF66-D9AA8AFF4A69	SUBJECT_PROCESS	8A44F292-648B-7854-8B64-00F954785A79	FILE_OBJECT_FILE	EVENT_READ	1523030907286109100
BD9CE629-39B4-11E8-BF66-D9AA8AFF4A69	SUBJECT_PROCESS	D57B2A07-B373-B75A-B3B3-93790AB76535	FILE_OBJECT_FILE	EVENT_MMAP	1523030907286109100
BD9D0C43-39B4-11E8-BF66-D9AA8AFF4A69	SUBJECT_PROCESS	8A44F292-648B-7854-8B64-00F954785A79	FILE_OBJECT_FILE	EVENT_READ	1523030907286109100
BD9CE629-39B4-11E8-BF66-D9AA8AFF4A69	SUBJECT_PROCESS	D57B2A07-B373-B75A-B3B3-93790AB76535	FILE_OBJECT_FILE	EVENT_MMAP	1523030907286109100
BD9CE629-39B4-11E8-BF66-D9AA8AFF4A69	SUBJECT_PROCESS	D57B2A07-B373-B75A-B3B3-93790AB76535	FILE_OBJECT_FILE	EVENT_MMAP	1523030907286109100
BD9D0C43-39B4-11E8-BF66-D9AA8AFF4A69	SUBJECT_PROCESS	8A44F292-648B-7854-8B64-00F954785A79	FILE_OBJECT_FILE	EVENT_CLOSE	1523030907286109100
BD9CE629-39B4-11E8-BF66-D9AA8AFF4A69	SUBJECT_PROCESS	D57B2A07-B373-B75A-B3B3-93790AB76535	FILE_OBJECT_FILE	EVENT_CLOSE	1523030907286109100
BD9CE629-39B4-11E8-BF66-D9AA8AFF4A69	SUBJECT_PROCESS	718F288D-A702-1B5D-82A7-80807D1BB326	FILE_OBJECT_FILE	EVENT_OPEN	1523030907286109100
BD9D0C43-39B4-11E8-BF66-D9AA8AFF4A69	SUBJECT_PROCESS	F802C467-68D3-4950-9368-CE2BE049BD5D	FILE_OBJECT_FILE	EVENT_OPEN	1523030907286109100
BD9CE629-39B4-11E8-BF66-D9AA8AFF4A69	SUBJECT_PROCESS	718F288D-A702-1B5D-82A7-80807D1BB326	FILE_OBJECT_FILE	EVENT_MMAP	1523030907286109100
BD9D0C43-39B4-11E8-BF66-D9AA8AFF4A69	SUBJECT_PROCESS	F802C467-68D3-4950-9368-CE2BE049BD5D	FILE_OBJECT_FILE	EVENT_MMAP	1523030907286109100
BD9CE629-39B4-11E8-BF66-D9AA8AFF4A69	SUBJECT_PROCESS	718F288D-A702-1B5D-82A7-80807D1BB326	FILE_OBJECT_FILE	EVENT_MMAP	1523030907286109100
BD9CE629-39B4-11E8-BF66-D9AA8AFF4A69	SUBJECT_PROCESS	718F288D-A702-1B5D-82A7-80807D1BB326	FILE_OBJECT_FILE	EVENT_MMAP	1523030907286109100
BD9D0C43-39B4-11E8-BF66-D9AA8AFF4A69	SUBJECT_PROCESS	F802C467-68D3-4950-9368-CE2BE049BD5D	FILE_OBJECT_FILE	EVENT_MMAP	1523030907286109100
BD9CE629-39B4-11E8-BF66-D9AA8AFF4A69	SUBJECT_PROCESS	718F288D-A702-1B5D-82A7-80807D1BB326	FILE_OBJECT_FILE	EVENT_MMAP	1523030907286109100
BD9D0C43-39B4-11E8-BF66-D9AA8AFF4A69	SUBJECT_PROCESS	F802C467-68D3-4950-9368-CE2BE049BD5D	FILE_OBJECT_FILE	EVENT_MMAP	1523030907286109100
BD9CE629-39B4-11E8-BF66-D9AA8AFF4A69	SUBJECT_PROCESS	718F288D-A702-1B5D-82A7-80807D1BB326	FILE_OBJECT_FILE	EVENT_MMAP	1523030907286109100
BD9CE629-39B4-11E8-BF66-D9AA8AFF4A69	SUBJECT_PROCESS	718F288D-A702-1B5D-82A7-80807D1BB326	FILE_OBJECT_FILE	EVENT_MMAP	1523030907296112350
BD9D0C43-39B4-11E8-BF66-D9AA8AFF4A69	SUBJECT_PROCESS	F802C467-68D3-4950-9368-CE2BE049BD5D	FILE_OBJECT_FILE	EVENT_MMAP	1523030907296112350
BD9CE629-39B4-11E8-BF66-D9AA8AFF4A69	SUBJECT_PROCESS	718F288D-A702-1B5D-82A7-80807D1BB326	FILE_OBJECT_FILE	EVENT_CLOSE	1523030907296112350
BD9CE629-39B4-11E8-BF66-D9AA8AFF4A69	SUBJECT_PROCESS	D3F11983-FFD7-8A58-97FF-D38E388A1453	FILE_OBJECT_FILE	EVENT_OPEN	1523030907296112350
BD9D0C43-39B4-11E8-BF66-D9AA8AFF4A69	SUBJECT_PROCESS	F802C467-68D3-4950-9368-CE2BE049BD5D	FILE_OBJECT_FILE	EVENT_MMAP	1523030907296112350
BD9CE629-39B4-11E8-BF66-D9AA8AFF4A69	SUBJECT_PROCESS	D3F11983-FFD7-8A58-97FF-D38E388A1453	FILE_OBJECT_FILE	EVENT_MMAP	1523030907296112350
BD9D0C43-39B4-11E8-BF66-D9AA8AFF4A69	SUBJECT_PROCESS	F802C467-68D3-4950-9368-CE2BE049BD5D	FILE_OBJECT_FILE	EVENT_MMAP	1523030907296112350
BD9CE629-39B4-11E8-BF66-D9AA8AFF4A69	SUBJECT_PROCESS	D3F11983-FFD7-8A58-97FF-D38E388A1453	FILE_OBJECT_FILE	EVENT_MMAP	1523030907296112350
BD9CE629-39B4-11E8-BF66-D9AA8AFF4A69	SUBJECT_PROCESS	D3F11983-FFD7-8A58-97FF-D38E388A1453	FILE_OBJECT_FILE	EVENT_MMAP	1523030907296112350
BD9D0C43-39B4-11E8-BF66-D9AA8AFF4A69	SUBJECT_PROCESS	F802C467-68D3-4950-9368-CE2BE049BD5D	FILE_OBJECT_FILE	EVENT_CLOSE	1523030907296112350
BD9CE629-39B4-11E8-BF66-D9AA8AFF4A69	SUBJECT_PROCESS	D3F11983-FFD7-8A58-97FF-D38E388A1453	FILE_OBJECT_FILE	EVENT_MMAP	1523030907296112350
BD9D0C43-39B4-11E8-BF66-D9AA8AFF4A69	SUBJECT_PROCESS	4712EA4F-DAE8-DB53-A8DA-6C9F43DB784D	FILE_OBJECT_FILE	EVENT_OPEN	1523030907296112350
BD9CE629-39B4-11E8-BF66-D9AA8AFF4A69	SUBJECT_PROCESS	D3F11983-FFD7-8A58-97FF-D38E388A1453	FILE_OBJECT_FILE	EVENT_MMAP	1523030907296112350
BD9CE629-39B4-11E8-BF66-D9AA8AFF4A69	SUBJECT_PROCESS	D3F11983-FFD7-8A58-97FF-D38E388A1453	FILE_OBJECT_FILE	EVENT_MMAP	1523030907296112350
BD9D0C43-39B4-11E8-BF66-D9AA8AFF4A69	SUBJECT_PROCESS	4712EA4F-DAE8-DB53-A8DA-6C9F43DB784D	FILE_OBJECT_FILE	EVENT_MMAP	1523030907296112350
BD9CE629-39B4-11E8-BF66-D9AA8AFF4A69	SUBJECT_PROCESS	D3F11983-FFD7-8A58-97FF-D38E388A1453	FILE_OBJECT_FILE	EVENT_CLOSE	1523030907296112350
BD9D0C43-39B4-11E8-BF66-D9AA8AFF4A69	SUBJECT_PROCESS	4712EA4F-DAE8-DB53-A8DA-6C9F43DB784D	FILE_OBJECT_FILE	EVENT_MMAP	1523030907296112350
BD9CE629-39B4-11E8-BF66-D9AA8AFF4A69	SUBJECT_PROCESS	0905A02C-D979-5D57-B9D9-F12D475D7A9B	FILE_OBJECT_FILE	EVENT_OPEN	1523030907296112350
BD9CE629-39B4-11E8-BF66-D9AA8AFF4A69	SUBJECT_PROCESS	0905A02C-D979-5D57-B9D9-F12D475D7A9B	FILE_OBJECT_FILE	EVENT_MMAP	1523030907296112350
BD9D0C43-39B4-11E8-BF66-D9AA8AFF4A69	SUBJECT_PROCESS	4712EA4F-DAE8-DB53-A8DA-6C9F43DB784D	FILE_OBJECT_FILE	EVENT_MMAP	1523030907296112350
BD9CE629-39B4-11E8-BF66-D9AA8AFF4A69	SUBJECT_PROCESS	0905A02C-D979-5D57-B9D9-F12D475D7A9B	FILE_OBJECT_FILE	EVENT_MMAP	1523030907296112350
BD9D0C43-39B4-11E8-BF66-D9AA8AFF4A69	SUBJECT_PROCESS	4712EA4F-DAE8-DB53-A8DA-6C9F43DB784D	FILE_OBJECT_FILE	EVENT_MMAP	1523030907296112350
BD9CE629-39B4-11E8-BF66-D9AA8AFF4A69	SUBJECT_PROCESS	0905A02C-D979-5D57-B9D9-F12D475D7A9B	FILE_OBJECT_FILE	EVENT_MMAP	1523030907296112350
BD9CE629-39B4-11E8-BF66-D9AA8AFF4A69	SUBJECT_PROCESS	0905A02C-D979-5D57-B9D9-F12D475D7A9B	FILE_OBJECT_FILE	EVENT_MMAP	1523030907296112350
BD9D0C43-39B4-11E8-BF66-D9AA8AFF4A69	SUBJECT_PROCESS	4712EA4F-DAE8-DB53-A8DA-6C9F43DB784D	FILE_OBJECT_FILE	EVENT_MMAP	1523030907296112350
BD9CE629-39B4-11E8-BF66-D9AA8AFF4A69	SUBJECT_PROCESS	0905A02C-D979-5D57-B9D9-F12D475D7A9B	FILE_OBJECT_FILE	EVENT_MMAP	1523030907296112350
BD9D0C43-39B4-11E8-BF66-D9AA8AFF4A69	SUBJECT_PROCESS	4712EA4F-DAE8-DB53-A8DA-6C9F43DB784D	FILE_OBJECT_FILE	EVENT_MMAP	1523030907296112350
BD9CE629-39B4-11E8-BF66-D9AA8AFF4A69	SUBJECT_PROCESS	0905A02C-D979-5D57-B9D9-F12D475D7A9B	FILE_OBJECT_FILE	EVENT_MMAP	1523030907296112350
BD9CE629-39B4-11E8-BF66-D9AA8AFF4A69	SUBJECT_PROCESS	0905A02C-D979-5D57-B9D9-F12D475D7A9B	FILE_OBJECT_FILE	EVENT_CLOSE	1523030907296112350
BD9D0C43-39B4-11E8-BF66-D9AA8AFF4A69	SUBJECT_PROCESS	4712EA4F-DAE8-DB53-A8DA-6C9F43DB784D	FILE_OBJECT_FILE	EVENT_CLOSE	1523030907296112350
BD9CE629-39B4-11E8-BF66-D9AA8AFF4A69	SUBJECT_PROCESS	76A739B1-A13E-FD50-BEA1-B218A0FD0400	FILE_OBJECT_FILE	EVENT_OPEN	1523030907296112350
BD9D0C43-39B4-11E8-BF66-D9AA8AFF4A69	SUBJECT_PROCESS	DEADAC7C-AED5-7E50-95AE-0452707EB22B	FILE_OBJECT_FILE	EVENT_OPEN	1523030907296112350
BD9CE629-39B4-11E8-BF66-D9AA8AFF4A69	SUBJECT_PROCESS	76A739B1-A13E-FD50-BEA1-B218A0FD0400	FILE_OBJECT_FILE	EVENT_MMAP	1523030907296112350
BD9CE629-39B4-11E8-BF66-D9AA8AFF4A69	SUBJECT_PROCESS	76A739B1-A13E-FD50-BEA1-B218A0FD0400	FILE_OBJECT_FILE	EVENT_MMAP	1523030907296112350
BD9D0C43-39B4-11E8-BF66-D9AA8AFF4A69	SUBJECT_PROCESS	DEADAC7C-AED5-7E50-95AE-0452707EB22B	FILE_OBJECT_FILE	EVENT_MMAP	1523030907296112350
BD9CE629-39B4-11E8-BF66-D9AA8AFF4A69	SUBJECT_PROCESS	76A739B1-A13E-FD50-BEA1-B218A0FD0400	FILE_OBJECT_FILE	EVENT_MMAP	1523030907296112350
BD9D0C43-39B4-11E8-BF66-D9AA8AFF4A69	SUBJECT_PROCESS	DEADAC7C-AED5-7E50-95AE-0452707EB22B	FILE_OBJECT_FILE	EVENT_MMAP	1523030907296112350
BD9CE629-39B4-11E8-BF66-D9AA8AFF4A69	SUBJECT_PROCESS	76A739B1-A13E-FD50-BEA1-B218A0FD0400	FILE_OBJECT_FILE	EVENT_MMAP	1523030907296112350
BD9CE629-39B4-11E8-BF66-D9AA8AFF4A69	SUBJECT_PROCESS	76A739B1-A13E-FD50-BEA1-B218A0FD0400	FILE_OBJECT_FILE	EVENT_MMAP	1523030907296112350
BD9D0C43-39B4-11E8-BF66-D9AA8AFF4A69	SUBJECT_PROCESS	DEADAC7C-AED5-7E50-95AE-0452707EB22B	FILE_OBJECT_FILE	EVENT_MMAP	1523030907296112350
BD9CE629-39B4-11E8-BF66-D9AA8AFF4A69	SUBJECT_PROCESS	76A739B1-A13E-FD50-BEA1-B218A0FD0400	FILE_OBJECT_FILE	EVENT_MMAP	1523030907296112350
BD9D0C43-39B4-11E8-BF66-D9AA8AFF4A69	SUBJECT_PROCESS	DEADAC7C-AED5-7E50-95AE-0452707EB22B	FILE_OBJECT_FILE	EVENT_MMAP	1523030907296112350
BD9CE629-39B4-11E8-BF66-D9AA8AFF4A69	SUBJECT_PROCESS	76A739B1-A13E-FD50-BEA1-B218A0FD0400	FILE_OBJECT_FILE	EVENT_CLOSE	1523030907296112350
BD9CE629-39B4-11E8-BF66-D9AA8AFF4A69	SUBJECT_PROCESS	F29977F6-07A2-935B-A207-C4871B93FE07	FILE_OBJECT_FILE	EVENT_OPEN	1523030907296112350
BD9D0C43-39B4-11E8-BF66-D9AA8AFF4A69	SUBJECT_PROCESS	DEADAC7C-AED5-7E50-95AE-0452707EB22B	FILE_OBJECT_FILE	EVENT_MMAP	1523030907296112350
BD9CE629-39B4-11E8-BF66-D9AA8AFF4A69	SUBJECT_PROCESS	F29977F6-07A2-935B-A207-C4871B93FE07	FILE_OBJECT_FILE	EVENT_MMAP	1523030907296112350
BD9D0C43-39B4-11E8-BF66-D9AA8AFF4A69	SUBJECT_PROCESS	DEADAC7C-AED5-7E50-95AE-0452707EB22B	FILE_OBJECT_FILE	EVENT_MMAP	1523030907296112350
BD9CE629-39B4-11E8-BF66-D9AA8AFF4A69	SUBJECT_PROCESS	F29977F6-07A2-935B-A207-C4871B93FE07	FILE_OBJECT_FILE	EVENT_MMAP	1523030907296112350
BD9CE629-39B4-11E8-BF66-D9AA8AFF4A69	SUBJECT_PROCESS	F29977F6-07A2-935B-A207-C4871B93FE07	FILE_OBJECT_FILE	EVENT_MMAP	1523030907296112350
BD9D0C43-39B4-11E8-BF66-D9AA8AFF4A69	SUBJECT_PROCESS	DEADAC7C-AED5-7E50-95AE-0452707EB22B	FILE_OBJECT_FILE	EVENT_CLOSE	1523030907296112350
BD9CE629-39B4-11E8-BF66-D9AA8AFF4A69	SUBJECT_PROCESS	F29977F6-07A2-935B-A207-C4871B93FE07	FILE_OBJECT_FILE	EVENT_MMAP	1523030907296112350
BD9D0C43-39B4-11E8-BF66-D9AA8AFF4A69	SUBJECT_PROCESS	76A739B1-A13E-FD50-BEA1-B218A0FD0400	FILE_OBJECT_FILE	EVENT_OPEN	1523030907306111701
BD9CE629-39B4-11E8-BF66-D9AA8AFF4A69	SUBJECT_PROCESS	F29977F6-07A2-935B-A207-C4871B93FE07	FILE_OBJECT_FILE	EVENT_MMAP	1523030907306111701
BD9CE629-39B4-11E8-BF66-D9AA8AFF4A69	SUBJECT_PROCESS	F29977F6-07A2-935B-A207-C4871B93FE07	FILE_OBJECT_FILE	EVENT_MMAP	1523030907306111701
BD9D0C43-39B4-11E8-BF66-D9AA8AFF4A69	SUBJECT_PROCESS	76A739B1-A13E-FD50-BEA1-B218A0FD0400	FILE_OBJECT_FILE	EVENT_MMAP	1523030907306111701
BD9D0C43-39B4-11E8-BF66-D9AA8AFF4A69	SUBJECT_PROCESS	76A739B1-A13E-FD50-BEA1-B218A0FD0400	FILE_OBJECT_FILE	EVENT_MMAP	1523030907306111701
BD9CE629-39B4-11E8-BF66-D9AA8AFF4A69	SUBJECT_PROCESS	F29977F6-07A2-935B-A207-C4871B93FE07	FILE_OBJECT_FILE	EVENT_CLOSE	1523030907306111701
BD9D0C43-39B4-11E8-BF66-D9AA8AFF4A69	SUBJECT_PROCESS	76A739B1-A13E-FD50-BEA1-B218A0FD0400	FILE_OBJECT_FILE	EVENT_MMAP	1523030907306111701
BD9CE629-39B4-11E8-BF66-D9AA8AFF4A69	SUBJECT_PROCESS	9FF334BB-9072-D756-B290-556656D73728	FILE_OBJECT_FILE	EVENT_OPEN	1523030907306111701
BD9D0C43-39B4-11E8-BF66-D9AA8AFF4A69	SUBJECT_PROCESS	76A739B1-A13E-FD50-BEA1-B218A0FD0400	FILE_OBJECT_FILE	EVENT_MMAP	1523030907306111701
BD9CE629-39B4-11E8-BF66-D9AA8AFF4A69	SUBJECT_PROCESS	9FF334BB-9072-D756-B290-556656D73728	FILE_OBJECT_FILE	EVENT_MMAP	1523030907306111701
BD9CE629-39B4-11E8-BF66-D9AA8AFF4A69	SUBJECT_PROCESS	9FF334BB-9072-D756-B290-556656D73728	FILE_OBJECT_FILE	EVENT_MMAP	1523030907306111701
BD9D0C43-39B4-11E8-BF66-D9AA8AFF4A69	SUBJECT_PROCESS	76A739B1-A13E-FD50-BEA1-B218A0FD0400	FILE_OBJECT_FILE	EVENT_MMAP	1523030907306111701
BD9CE629-39B4-11E8-BF66-D9AA8AFF4A69	SUBJECT_PROCESS	9FF334BB-9072-D756-B290-556656D73728	FILE_OBJECT_FILE	EVENT_MMAP	1523030907306111701
BD9D0C43-39B4-11E8-BF66-D9AA8AFF4A69	SUBJECT_PROCESS	76A739B1-A13E-FD50-BEA1-B218A0FD0400	FILE_OBJECT_FILE	EVENT_MMAP	1523030907306111701
BD9CE629-39B4-11E8-BF66-D9AA8AFF4A69	SUBJECT_PROCESS	9FF334BB-9072-D756-B290-556656D73728	FILE_OBJECT_FILE	EVENT_MMAP	1523030907306111701
BD9CE629-39B4-11E8-BF66-D9AA8AFF4A69	SUBJECT_PROCESS	9FF334BB-9072-D756-B290-556656D73728	FILE_OBJECT_FILE	EVENT_MMAP	1523030907306111701
BD9D0C43-39B4-11E8-BF66-D9AA8AFF4A69	SUBJECT_PROCESS	76A739B1-A13E-FD50-BEA1-B218A0FD0400	FILE_OBJECT_FILE	EVENT_CLOSE	1523030907306111701
BD9CE629-39B4-11E8-BF66-D9AA8AFF4A69	SUBJECT_PROCESS	9FF334BB-9072-D756-B290-556656D73728	FILE_OBJECT_FILE	EVENT_MMAP	1523030907306111701
BD9CE629-39B4-11E8-BF66-D9AA8AFF4A69	SUBJECT_PROCESS	9FF334BB-9072-D756-B290-556656D73728	FILE_OBJECT_FILE	EVENT_CLOSE	1523030907306111701
BD9D0C43-39B4-11E8-BF66-D9AA8AFF4A69	SUBJECT_PROCESS	F410BE96-4C0C-765E-8C4C-6F0E2E760020	FILE_OBJECT_FILE	EVENT_OPEN	1523030907306111701
BD9CE629-39B4-11E8-BF66-D9AA8AFF4A69	SUBJECT_PROCESS	F410BE96-4C0C-765E-8C4C-6F0E2E760020	FILE_OBJECT_FILE	EVENT_OPEN	1523030907306111701
BD9CE629-39B4-11E8-BF66-D9AA8AFF4A69	SUBJECT_PROCESS	F410BE96-4C0C-765E-8C4C-6F0E2E760020	FILE_OBJECT_FILE	EVENT_MMAP	1523030907306111701
BD9D0C43-39B4-11E8-BF66-D9AA8AFF4A69	SUBJECT_PROCESS	F410BE96-4C0C-765E-8C4C-6F0E2E760020	FILE_OBJECT_FILE	EVENT_MMAP	1523030907306111701
BD9CE629-39B4-11E8-BF66-D9AA8AFF4A69	SUBJECT_PROCESS	F410BE96-4C0C-765E-8C4C-6F0E2E760020	FILE_OBJECT_FILE	EVENT_MMAP	1523030907306111701
BD9D0C43-39B4-11E8-BF66-D9AA8AFF4A69	SUBJECT_PROCESS	F410BE96-4C0C-765E-8C4C-6F0E2E760020	FILE_OBJECT_FILE	EVENT_MMAP	1523030907306111701
BD9CE629-39B4-11E8-BF66-D9AA8AFF4A69	SUBJECT_PROCESS	F410BE96-4C0C-765E-8C4C-6F0E2E760020	FILE_OBJECT_FILE	EVENT_CLOSE	1523030907306111701
BD9D0C43-39B4-11E8-BF66-D9AA8AFF4A69	SUBJECT_PROCESS	F410BE96-4C0C-765E-8C4C-6F0E2E760020	FILE_OBJECT_FILE	EVENT_CLOSE	1523030907306111701
BD9CE629-39B4-11E8-BF66-D9AA8AFF4A69	SUBJECT_PROCESS	1633500B-D34B-8058-8BD3-ABB7D880915E	FILE_OBJECT_FILE	EVENT_OPEN	1523030907306111701
BD9CE629-39B4-11E8-BF66-D9AA8AFF4A69	SUBJECT_PROCESS	1633500B-D34B-8058-8BD3-ABB7D880915E	FILE_OBJECT_FILE	EVENT_OPEN	1523030907306111701
BD9CE629-39B4-11E8-BF66-D9AA8AFF4A69	SUBJECT_PROCESS	BCDBE64D-1703-005A-8317-44DD6A00589D	FILE_OBJECT_FILE	EVENT_OPEN	1523030907306111701
BD9CE629-39B4-11E8-BF66-D9AA8AFF4A69	SUBJECT_PROCESS	BCDBE64D-1703-005A-8317-44DD6A00589D	FILE_OBJECT_FILE	EVENT_READ	1523030907306111701
BD9CE629-39B4-11E8-BF66-D9AA8AFF4A69	SUBJECT_PROCESS	BCDBE64D-1703-005A-8317-44DD6A00589D	FILE_OBJECT_FILE	EVENT_READ	1523030907316111242
BD9CE629-39B4-11E8-BF66-D9AA8AFF4A69	SUBJECT_PROCESS	BCDBE64D-1703-005A-8317-44DD6A00589D	FILE_OBJECT_FILE	EVENT_CLOSE	1523030907316111242
BD9CE629-39B4-11E8-BF66-D9AA8AFF4A69	SUBJECT_PROCESS	C53609B6-A912-B65B-92A9-B89E0BB6C2E1	FILE_OBJECT_FILE	EVENT_OPEN	1523030907316111242
BD9CE629-39B4-11E8-BF66-D9AA8AFF4A69	SUBJECT_PROCESS	C53609B6-A912-B65B-92A9-B89E0BB6C2E1	FILE_OBJECT_FILE	EVENT_READ	1523030907316111242
BD9CE629-39B4-11E8-BF66-D9AA8AFF4A69	SUBJECT_PROCESS	C53609B6-A912-B65B-92A9-B89E0BB6C2E1	FILE_OBJECT_FILE	EVENT_READ	1523030907316111242
BD9CE629-39B4-11E8-BF66-D9AA8AFF4A69	SUBJECT_PROCESS	C53609B6-A912-B65B-92A9-B89E0BB6C2E1	FILE_OBJECT_FILE	EVENT_READ	1523030907316111242
BD9CE629-39B4-11E8-BF66-D9AA8AFF4A69	SUBJECT_PROCESS	AE441C70-DEC0-BD5F-80DE-3DE4DFBDF253	FILE_OBJECT_FILE	EVENT_OPEN	1523030907316111242
BD9CE629-39B4-11E8-BF66-D9AA8AFF4A69	SUBJECT_PROCESS	AE441C70-DEC0-BD5F-80DE-3DE4DFBDF253	FILE_OBJECT_FILE	EVENT_READ	1523030907316111242
BD9CE629-39B4-11E8-BF66-D9AA8AFF4A69	SUBJECT_PROCESS	AE441C70-DEC0-BD5F-80DE-3DE4DFBDF253	FILE_OBJECT_FILE	EVENT_CLOSE	1523030907316111242
BD9CE629-39B4-11E8-BF66-D9AA8AFF4A69	SUBJECT_PROCESS	104A8C35-2200-3156-8022-4129E631EA52	FILE_OBJECT_FILE	EVENT_OPEN	1523030907316111242
BD9CE629-39B4-11E8-BF66-D9AA8AFF4A69	SUBJECT_PROCESS	104A8C35-2200-3156-8022-4129E631EA52	FILE_OBJECT_FILE	EVENT_READ	1523030907316111242
BD9CE629-39B4-11E8-BF66-D9AA8AFF4A69	SUBJECT_PROCESS	104A8C35-2200-3156-8022-4129E631EA52	FILE_OBJECT_FILE	EVENT_CLOSE	1523030907316111242
BD9CE629-39B4-11E8-BF66-D9AA8AFF4A69	SUBJECT_PROCESS	C53609B6-A912-B65B-92A9-B89E0BB6C2E1	FILE_OBJECT_FILE	EVENT_READ	1523030907316111242
BD9CE629-39B4-11E8-BF66-D9AA8AFF4A69	SUBJECT_PROCESS	C53609B6-A912-B65B-92A9-B89E0BB6C2E1	FILE_OBJECT_FILE	EVENT_READ	1523030907316111242
BD9CE629-39B4-11E8-BF66-D9AA8AFF4A69	SUBJECT_PROCESS	C53609B6-A912-B65B-92A9-B89E0BB6C2E1	FILE_OBJECT_FILE	EVENT_READ	1523030907316111242
BD9CE629-39B4-11E8-BF66-D9AA8AFF4A69	SUBJECT_PROCESS	C53609B6-A912-B65B-92A9-B89E0BB6C2E1	FILE_OBJECT_FILE	EVENT_READ	1523030907316111242
BD9CE629-39B4-11E8-BF66-D9AA8AFF4A69	SUBJECT_PROCESS	C53609B6-A912-B65B-92A9-B89E0BB6C2E1	FILE_OBJECT_FILE	EVENT_READ	1523030907316111242
BD9CE629-39B4-11E8-BF66-D9AA8AFF4A69	SUBJECT_PROCESS	C53609B6-A912-B65B-92A9-B89E0BB6C2E1	FILE_OBJECT_FILE	EVENT_READ	1523030907316111242
BD9CE629-39B4-11E8-BF66-D9AA8AFF4A69	SUBJECT_PROCESS	DFFFB6D3-DED3-5683-98B6-64DF94E478BE	UnnamedPipeObject	EVENT_WRITE	1523030907326108463
BD9D0C43-39B4-11E8-BF66-D9AA8AFF4A69	SUBJECT_PROCESS	DFFFB6D3-DED3-5683-98B6-64DF94E478BE	UnnamedPipeObject	EVENT_READ	1523030907326108463
BD9CE629-39B4-11E8-BF66-D9AA8AFF4A69	SUBJECT_PROCESS	DFFFB6D3-DED3-5683-98B6-64DF94E478BE	UnnamedPipeObject	EVENT_WRITE	1523030907326108463
BD9D0C43-39B4-11E8-BF66-D9AA8AFF4A69	SUBJECT_PROCESS	DFFFB6D3-DED3-5683-98B6-64DF94E478BE	UnnamedPipeObject	EVENT_READ	1523030907326108463
BD9CE629-39B4-11E8-BF66-D9AA8AFF4A69	SUBJECT_PROCESS	DFFFB6D3-DED3-5683-98B6-64DF94E478BE	UnnamedPipeObject	EVENT_WRITE	1523030907326108463
BD9D0C43-39B4-11E8-BF66-D9AA8AFF4A69	SUBJECT_PROCESS	DFFFB6D3-DED3-5683-98B6-64DF94E478BE	UnnamedPipeObject	EVENT_READ	1523030907326108463
BD9CE629-39B4-11E8-BF66-D9AA8AFF4A69	SUBJECT_PROCESS	BD9CE629-39B4-11E8-BF66-D9AA8AFF4A69	SUBJECT_PROCESS	EVENT_EXIT	1523030907326108463
BD9D0C43-39B4-11E8-BF66-D9AA8AFF4A69	SUBJECT_PROCESS	17797A5B-A3BC-8450-BCA3-FD703084DDDB	FILE_OBJECT_FILE	EVENT_WRITE	1523030907326108463
BD9D0C43-39B4-11E8-BF66-D9AA8AFF4A69	SUBJECT_PROCESS	17797A5B-A3BC-8450-BCA3-FD703084DDDB	FILE_OBJECT_FILE	EVENT_WRITE	1523030907326108463
BD9D0C43-39B4-11E8-BF66-D9AA8AFF4A69	SUBJECT_PROCESS	DFFFB6D3-DED3-5683-98B6-64DF94E478BE	UnnamedPipeObject	EVENT_READ	1523030907326108463
BD9D0C43-39B4-11E8-BF66-D9AA8AFF4A69	SUBJECT_PROCESS	17797A5B-A3BC-8450-BCA3-FD703084DDDB	FILE_OBJECT_FILE	EVENT_CLOSE	1523030907326108463
BD9D0C43-39B4-11E8-BF66-D9AA8AFF4A69	SUBJECT_PROCESS	BD9D0C43-39B4-11E8-BF66-D9AA8AFF4A69	SUBJECT_PROCESS	EVENT_EXIT	1523030907326108463
94ED0D0E-39B4-11E8-BF66-D9AA8AFF4A69	SUBJECT_PROCESS	17797A5B-A3BC-8450-BCA3-FD703084DDDB	FILE_OBJECT_FILE	EVENT_WRITE	1523030907326108463
72FB0406-3678-11E8-BF66-D9AA8AFF4A69	SUBJECT_PROCESS	BD5578E0-39B4-11E8-BF66-D9AA8AFF4A69	FILE_OBJECT_UNIX_SOCKET	EVENT_CLOSE	1523030907816110022
72FB0406-3678-11E8-BF66-D9AA8AFF4A69	SUBJECT_PROCESS	BD55798B-39B4-11E8-BF66-D9AA8AFF4A69	FILE_OBJECT_UNIX_SOCKET	EVENT_CLOSE	1523030907816110022
72FB0406-3678-11E8-BF66-D9AA8AFF4A69	SUBJECT_PROCESS	BDEDF910-39B4-11E8-BF66-D9AA8AFF4A69	FILE_OBJECT_UNIX_SOCKET	EVENT_CREATE_OBJECT	1523030907816110022
72FB0406-3678-11E8-BF66-D9AA8AFF4A69	SUBJECT_PROCESS	BDEDF97B-39B4-11E8-BF66-D9AA8AFF4A69	FILE_OBJECT_UNIX_SOCKET	EVENT_CREATE_OBJECT	1523030907816110022
52C2356B-39B4-11E8-BF66-D9AA8AFF4A69	SUBJECT_PROCESS	52C215DE-39B4-11E8-BF66-D9AA8AFF4A69	NetFlowObject	EVENT_WRITE	1523030908386108517
52C2356B-39B4-11E8-BF66-D9AA8AFF4A69	SUBJECT_PROCESS	52C215DE-39B4-11E8-BF66-D9AA8AFF4A69	NetFlowObject	EVENT_READ	1523030908386108517
52C2356B-39B4-11E8-BF66-D9AA8AFF4A69	SUBJECT_PROCESS	52C215DE-39B4-11E8-BF66-D9AA8AFF4A69	NetFlowObject	EVENT_WRITE	1523030908386108517
52C2356B-39B4-11E8-BF66-D9AA8AFF4A69	SUBJECT_PROCESS	52C215DE-39B4-11E8-BF66-D9AA8AFF4A69	NetFlowObject	EVENT_READ	1523030908386108517
52C2356B-39B4-11E8-BF66-D9AA8AFF4A69	SUBJECT_PROCESS	52C215DE-39B4-11E8-BF66-D9AA8AFF4A69	NetFlowObject	EVENT_WRITE	1523030908386108517
52C2356B-39B4-11E8-BF66-D9AA8AFF4A69	SUBJECT_PROCESS	52C215DE-39B4-11E8-BF66-D9AA8AFF4A69	NetFlowObject	EVENT_READ	1523030908386108517
52C2356B-39B4-11E8-BF66-D9AA8AFF4A69	SUBJECT_PROCESS	52C215DE-39B4-11E8-BF66-D9AA8AFF4A69	NetFlowObject	EVENT_WRITE	1523030908386108517
52C2356B-39B4-11E8-BF66-D9AA8AFF4A69	SUBJECT_PROCESS	52C215DE-39B4-11E8-BF66-D9AA8AFF4A69	NetFlowObject	EVENT_READ	1523030908396108738
52C2356B-39B4-11E8-BF66-D9AA8AFF4A69	SUBJECT_PROCESS	52C215DE-39B4-11E8-BF66-D9AA8AFF4A69	NetFlowObject	EVENT_WRITE	1523030908396108738
94ED0D0E-39B4-11E8-BF66-D9AA8AFF4A69	SUBJECT_PROCESS	17797A5B-A3BC-8450-BCA3-FD703084DDDB	FILE_OBJECT_FILE	EVENT_READ	1523030908756107866
94ED0D0E-39B4-11E8-BF66-D9AA8AFF4A69	SUBJECT_PROCESS	17797A5B-A3BC-8450-BCA3-FD703084DDDB	FILE_OBJECT_FILE	EVENT_READ	1523030908766107447
94ED0D0E-39B4-11E8-BF66-D9AA8AFF4A69	SUBJECT_PROCESS	17797A5B-A3BC-8450-BCA3-FD703084DDDB	FILE_OBJECT_FILE	EVENT_READ	1523030908766107447
94ED0D0E-39B4-11E8-BF66-D9AA8AFF4A69	SUBJECT_PROCESS	17797A5B-A3BC-8450-BCA3-FD703084DDDB	FILE_OBJECT_FILE	EVENT_WRITE	1523030908766107447
72FB0406-3678-11E8-BF66-D9AA8AFF4A69	SUBJECT_PROCESS	BDEDF910-39B4-11E8-BF66-D9AA8AFF4A69	FILE_OBJECT_UNIX_SOCKET	EVENT_CLOSE	1523030908816108971
72FB0406-3678-11E8-BF66-D9AA8AFF4A69	SUBJECT_PROCESS	BDEDF97B-39B4-11E8-BF66-D9AA8AFF4A69	FILE_OBJECT_UNIX_SOCKET	EVENT_CLOSE	1523030908816108971
72FB0406-3678-11E8-BF66-D9AA8AFF4A69	SUBJECT_PROCESS	BE86A9C9-39B4-11E8-BF66-D9AA8AFF4A69	FILE_OBJECT_UNIX_SOCKET	EVENT_CREATE_OBJECT	1523030908816108971
72FB0406-3678-11E8-BF66-D9AA8AFF4A69	SUBJECT_PROCESS	BE86AA67-39B4-11E8-BF66-D9AA8AFF4A69	FILE_OBJECT_UNIX_SOCKET	EVENT_CREATE_OBJECT	1523030908816108971
94ED0D0E-39B4-11E8-BF66-D9AA8AFF4A69	SUBJECT_PROCESS	17797A5B-A3BC-8450-BCA3-FD703084DDDB	FILE_OBJECT_FILE	EVENT_READ	1523030909666107559
94ED0D0E-39B4-11E8-BF66-D9AA8AFF4A69	SUBJECT_PROCESS	17797A5B-A3BC-8450-BCA3-FD703084DDDB	FILE_OBJECT_FILE	EVENT_WRITE	1523030909666107559
72FB0406-3678-11E8-BF66-D9AA8AFF4A69	SUBJECT_PROCESS	BE86A9C9-39B4-11E8-BF66-D9AA8AFF4A69	FILE_OBJECT_UNIX_SOCKET	EVENT_CLOSE	1523030909806110520
72FB0406-3678-11E8-BF66-D9AA8AFF4A69	SUBJECT_PROCESS	BE86AA67-39B4-11E8-BF66-D9AA8AFF4A69	FILE_OBJECT_UNIX_SOCKET	EVENT_CLOSE	1523030909806110520
72FB0406-3678-11E8-BF66-D9AA8AFF4A69	SUBJECT_PROCESS	BF1DB65C-39B4-11E8-BF66-D9AA8AFF4A69	FILE_OBJECT_UNIX_SOCKET	EVENT_CREATE_OBJECT	1523030909806110520
72FB0406-3678-11E8-BF66-D9AA8AFF4A69	SUBJECT_PROCESS	BF1DB708-39B4-11E8-BF66-D9AA8AFF4A69	FILE_OBJECT_UNIX_SOCKET	EVENT_CREATE_OBJECT	1523030909806110520
94ED0D0E-39B4-11E8-BF66-D9AA8AFF4A69	SUBJECT_PROCESS	17797A5B-A3BC-8450-BCA3-FD703084DDDB	FILE_OBJECT_FILE	EVENT_READ	1523030909886109906
94ED0D0E-39B4-11E8-BF66-D9AA8AFF4A69	SUBJECT_PROCESS	17797A5B-A3BC-8450-BCA3-FD703084DDDB	FILE_OBJECT_FILE	EVENT_WRITE	1523030909886109906
94ED0D0E-39B4-11E8-BF66-D9AA8AFF4A69	SUBJECT_PROCESS	17797A5B-A3BC-8450-BCA3-FD703084DDDB	FILE_OBJECT_FILE	EVENT_READ	1523030910076107371
94ED0D0E-39B4-11E8-BF66-D9AA8AFF4A69	SUBJECT_PROCESS	17797A5B-A3BC-8450-BCA3-FD703084DDDB	FILE_OBJECT_FILE	EVENT_WRITE	1523030910076107371
72FB0406-3678-11E8-BF66-D9AA8AFF4A69	SUBJECT_PROCESS	BF1DB65C-39B4-11E8-BF66-D9AA8AFF4A69	FILE_OBJECT_UNIX_SOCKET	EVENT_CLOSE	1523030910816107210
72FB0406-3678-11E8-BF66-D9AA8AFF4A69	SUBJECT_PROCESS	BF1DB708-39B4-11E8-BF66-D9AA8AFF4A69	FILE_OBJECT_UNIX_SOCKET	EVENT_CLOSE	1523030910816107210
72FB0406-3678-11E8-BF66-D9AA8AFF4A69	SUBJECT_PROCESS	BFB7AB37-39B4-11E8-BF66-D9AA8AFF4A69	FILE_OBJECT_UNIX_SOCKET	EVENT_CREATE_OBJECT	1523030910816107210
72FB0406-3678-11E8-BF66-D9AA8AFF4A69	SUBJECT_PROCESS	BFB7ABA4-39B4-11E8-BF66-D9AA8AFF4A69	FILE_OBJECT_UNIX_SOCKET	EVENT_CREATE_OBJECT	1523030910816107210
94ED0D0E-39B4-11E8-BF66-D9AA8AFF4A69	SUBJECT_PROCESS	17797A5B-A3BC-8450-BCA3-FD703084DDDB	FILE_OBJECT_FILE	EVENT_READ	1523030911616107254
94ED0D0E-39B4-11E8-BF66-D9AA8AFF4A69	SUBJECT_PROCESS	17797A5B-A3BC-8450-BCA3-FD703084DDDB	FILE_OBJECT_FILE	EVENT_WRITE	1523030911626108694
72FB0406-3678-11E8-BF66-D9AA8AFF4A69	SUBJECT_PROCESS	BFB7AB37-39B4-11E8-BF66-D9AA8AFF4A69	FILE_OBJECT_UNIX_SOCKET	EVENT_CLOSE	1523030911806109599
72FB0406-3678-11E8-BF66-D9AA8AFF4A69	SUBJECT_PROCESS	BFB7ABA4-39B4-11E8-BF66-D9AA8AFF4A69	FILE_OBJECT_UNIX_SOCKET	EVENT_CLOSE	1523030911806109599
72FB0406-3678-11E8-BF66-D9AA8AFF4A69	SUBJECT_PROCESS	C04ECC35-39B4-11E8-BF66-D9AA8AFF4A69	FILE_OBJECT_UNIX_SOCKET	EVENT_CREATE_OBJECT	1523030911806109599
72FB0406-3678-11E8-BF66-D9AA8AFF4A69	SUBJECT_PROCESS	C04ECC9E-39B4-11E8-BF66-D9AA8AFF4A69	FILE_OBJECT_UNIX_SOCKET	EVENT_CREATE_OBJECT	1523030911806109599
94ED0D0E-39B4-11E8-BF66-D9AA8AFF4A69	SUBJECT_PROCESS	17797A5B-A3BC-8450-BCA3-FD703084DDDB	FILE_OBJECT_FILE	EVENT_READ	1523030912406109836
94ED0D0E-39B4-11E8-BF66-D9AA8AFF4A69	SUBJECT_PROCESS	17797A5B-A3BC-8450-BCA3-FD703084DDDB	FILE_OBJECT_FILE	EVENT_WRITE	1523030912406109836
94ED0D0E-39B4-11E8-BF66-D9AA8AFF4A69	SUBJECT_PROCESS	17797A5B-A3BC-8450-BCA3-FD703084DDDB	FILE_OBJECT_FILE	EVENT_READ	1523030912556108188
94ED0D0E-39B4-11E8-BF66-D9AA8AFF4A69	SUBJECT_PROCESS	17797A5B-A3BC-8450-BCA3-FD703084DDDB	FILE_OBJECT_FILE	EVENT_WRITE	1523030912556108188
94ED0D0E-39B4-11E8-BF66-D9AA8AFF4A69	SUBJECT_PROCESS	17797A5B-A3BC-8450-BCA3-FD703084DDDB	FILE_OBJECT_FILE	EVENT_READ	1523030912646106415
94ED0D0E-39B4-11E8-BF66-D9AA8AFF4A69	SUBJECT_PROCESS	17797A5B-A3BC-8450-BCA3-FD703084DDDB	FILE_OBJECT_FILE	EVENT_WRITE	1523030912646106415
72FB0406-3678-11E8-BF66-D9AA8AFF4A69	SUBJECT_PROCESS	C04ECC35-39B4-11E8-BF66-D9AA8AFF4A69	FILE_OBJECT_UNIX_SOCKET	EVENT_CLOSE	1523030912816107929
72FB0406-3678-11E8-BF66-D9AA8AFF4A69	SUBJECT_PROCESS	C04ECC9E-39B4-11E8-BF66-D9AA8AFF4A69	FILE_OBJECT_UNIX_SOCKET	EVENT_CLOSE	1523030912816107929
72FB0406-3678-11E8-BF66-D9AA8AFF4A69	SUBJECT_PROCESS	C0E8D442-39B4-11E8-BF66-D9AA8AFF4A69	FILE_OBJECT_UNIX_SOCKET	EVENT_CREATE_OBJECT	1523030912816107929
72FB0406-3678-11E8-BF66-D9AA8AFF4A69	SUBJECT_PROCESS	C0E8D4AB-39B4-11E8-BF66-D9AA8AFF4A69	FILE_OBJECT_UNIX_SOCKET	EVENT_CREATE_OBJECT	1523030912816107929
94ED0D0E-39B4-11E8-BF66-D9AA8AFF4A69	SUBJECT_PROCESS	17797A5B-A3BC-8450-BCA3-FD703084DDDB	FILE_OBJECT_FILE	EVENT_READ	1523030912966109911
94ED0D0E-39B4-11E8-BF66-D9AA8AFF4A69	SUBJECT_PROCESS	17797A5B-A3BC-8450-BCA3-FD703084DDDB	FILE_OBJECT_FILE	EVENT_WRITE	1523030912966109911
94ED0D0E-39B4-11E8-BF66-D9AA8AFF4A69	SUBJECT_PROCESS	17797A5B-A3BC-8450-BCA3-FD703084DDDB	FILE_OBJECT_FILE	EVENT_READ	1523030913176106577
94ED0D0E-39B4-11E8-BF66-D9AA8AFF4A69	SUBJECT_PROCESS	17797A5B-A3BC-8450-BCA3-FD703084DDDB	FILE_OBJECT_FILE	EVENT_WRITE	1523030913176106577
94ED0D0E-39B4-11E8-BF66-D9AA8AFF4A69	SUBJECT_PROCESS	17797A5B-A3BC-8450-BCA3-FD703084DDDB	FILE_OBJECT_FILE	EVENT_READ	1523030913376108073
94ED0D0E-39B4-11E8-BF66-D9AA8AFF4A69	SUBJECT_PROCESS	17797A5B-A3BC-8450-BCA3-FD703084DDDB	FILE_OBJECT_FILE	EVENT_WRITE	1523030913376108073
94ED0D0E-39B4-11E8-BF66-D9AA8AFF4A69	SUBJECT_PROCESS	B8CCEB73-A7B1-5512-A480-35DE28D2B803	UnnamedPipeObject	EVENT_CREATE_OBJECT	1523030913386115194
94ED0D0E-39B4-11E8-BF66-D9AA8AFF4A69	SUBJECT_PROCESS	C13F991D-39B4-11E8-BF66-D9AA8AFF4A69	SUBJECT_PROCESS	EVENT_FORK	1523030913386115194
94ED0D0E-39B4-11E8-BF66-D9AA8AFF4A69	SUBJECT_PROCESS	C13FBF08-39B4-11E8-BF66-D9AA8AFF4A69	SUBJECT_PROCESS	EVENT_FORK	1523030913386115194
C13F991D-39B4-11E8-BF66-D9AA8AFF4A69	SUBJECT_PROCESS	EA112F0C-C0B2-CD5B-B2C0-A1B8CBCD4FE9	FILE_OBJECT_FILE	EVENT_EXECUTE	1523030913386115194
C13F991D-39B4-11E8-BF66-D9AA8AFF4A69	SUBJECT_PROCESS	7A350F75-9945-425D-8599-15CEBD426F06	FILE_OBJECT_FILE	EVENT_EXECUTE	1523030913386115194
C13F991D-39B4-11E8-BF66-D9AA8AFF4A69	SUBJECT_PROCESS	51110606-D232-9652-B2D2-3A7242968F8A	FILE_OBJECT_FILE	EVENT_OPEN	1523030913386115194
C13F991D-39B4-11E8-BF66-D9AA8AFF4A69	SUBJECT_PROCESS	51110606-D232-9652-B2D2-3A7242968F8A	FILE_OBJECT_FILE	EVENT_READ	1523030913386115194
C13FBF08-39B4-11E8-BF66-D9AA8AFF4A69	SUBJECT_PROCESS	29C0F421-9DEA-A656-AA9D-30CFA6A69C0C	FILE_OBJECT_FILE	EVENT_EXECUTE	1523030913386115194
C13FBF08-39B4-11E8-BF66-D9AA8AFF4A69	SUBJECT_PROCESS	7A350F75-9945-425D-8599-15CEBD426F06	FILE_OBJECT_FILE	EVENT_EXECUTE	1523030913386115194
C13F991D-39B4-11E8-BF66-D9AA8AFF4A69	SUBJECT_PROCESS	51110606-D232-9652-B2D2-3A7242968F8A	FILE_OBJECT_FILE	EVENT_CLOSE	1523030913386115194
C13FBF08-39B4-11E8-BF66-D9AA8AFF4A69	SUBJECT_PROCESS	51110606-D232-9652-B2D2-3A7242968F8A	FILE_OBJECT_FILE	EVENT_OPEN	1523030913386115194
C13F991D-39B4-11E8-BF66-D9AA8AFF4A69	SUBJECT_PROCESS	8A44F292-648B-7854-8B64-00F954785A79	FILE_OBJECT_FILE	EVENT_OPEN	1523030913386115194
C13FBF08-39B4-11E8-BF66-D9AA8AFF4A69	SUBJECT_PROCESS	51110606-D232-9652-B2D2-3A7242968F8A	FILE_OBJECT_FILE	EVENT_READ	1523030913386115194
C13F991D-39B4-11E8-BF66-D9AA8AFF4A69	SUBJECT_PROCESS	8A44F292-648B-7854-8B64-00F954785A79	FILE_OBJECT_FILE	EVENT_READ	1523030913386115194
C13FBF08-39B4-11E8-BF66-D9AA8AFF4A69	SUBJECT_PROCESS	51110606-D232-9652-B2D2-3A7242968F8A	FILE_OBJECT_FILE	EVENT_CLOSE	1523030913386115194
C13F991D-39B4-11E8-BF66-D9AA8AFF4A69	SUBJECT_PROCESS	8A44F292-648B-7854-8B64-00F954785A79	FILE_OBJECT_FILE	EVENT_READ	1523030913386115194
C13F991D-39B4-11E8-BF66-D9AA8AFF4A69	SUBJECT_PROCESS	8A44F292-648B-7854-8B64-00F954785A79	FILE_OBJECT_FILE	EVENT_CLOSE	1523030913386115194
C13FBF08-39B4-11E8-BF66-D9AA8AFF4A69	SUBJECT_PROCESS	8A44F292-648B-7854-8B64-00F954785A79	FILE_OBJECT_FILE	EVENT_OPEN	1523030913386115194
C13F991D-39B4-11E8-BF66-D9AA8AFF4A69	SUBJECT_PROCESS	D57B2A07-B373-B75A-B3B3-93790AB76535	FILE_OBJECT_FILE	EVENT_OPEN	1523030913386115194
C13FBF08-39B4-11E8-BF66-D9AA8AFF4A69	SUBJECT_PROCESS	8A44F292-648B-7854-8B64-00F954785A79	FILE_OBJECT_FILE	EVENT_READ	1523030913386115194
C13F991D-39B4-11E8-BF66-D9AA8AFF4A69	SUBJECT_PROCESS	D57B2A07-B373-B75A-B3B3-93790AB76535	FILE_OBJECT_FILE	EVENT_MMAP	1523030913386115194
C13FBF08-39B4-11E8-BF66-D9AA8AFF4A69	SUBJECT_PROCESS	8A44F292-648B-7854-8B64-00F954785A79	FILE_OBJECT_FILE	EVENT_READ	1523030913386115194
C13F991D-39B4-11E8-BF66-D9AA8AFF4A69	SUBJECT_PROCESS	D57B2A07-B373-B75A-B3B3-93790AB76535	FILE_OBJECT_FILE	EVENT_MMAP	1523030913386115194
C13FBF08-39B4-11E8-BF66-D9AA8AFF4A69	SUBJECT_PROCESS	8A44F292-648B-7854-8B64-00F954785A79	FILE_OBJECT_FILE	EVENT_CLOSE	1523030913386115194
C13F991D-39B4-11E8-BF66-D9AA8AFF4A69	SUBJECT_PROCESS	D57B2A07-B373-B75A-B3B3-93790AB76535	FILE_OBJECT_FILE	EVENT_MMAP	1523030913386115194
C13FBF08-39B4-11E8-BF66-D9AA8AFF4A69	SUBJECT_PROCESS	F802C467-68D3-4950-9368-CE2BE049BD5D	FILE_OBJECT_FILE	EVENT_OPEN	1523030913386115194
C13F991D-39B4-11E8-BF66-D9AA8AFF4A69	SUBJECT_PROCESS	D57B2A07-B373-B75A-B3B3-93790AB76535	FILE_OBJECT_FILE	EVENT_MMAP	1523030913386115194
C13FBF08-39B4-11E8-BF66-D9AA8AFF4A69	SUBJECT_PROCESS	F802C467-68D3-4950-9368-CE2BE049BD5D	FILE_OBJECT_FILE	EVENT_MMAP	1523030913386115194
C13F991D-39B4-11E8-BF66-D9AA8AFF4A69	SUBJECT_PROCESS	D57B2A07-B373-B75A-B3B3-93790AB76535	FILE_OBJECT_FILE	EVENT_MMAP	1523030913386115194
C13FBF08-39B4-11E8-BF66-D9AA8AFF4A69	SUBJECT_PROCESS	F802C467-68D3-4950-9368-CE2BE049BD5D	FILE_OBJECT_FILE	EVENT_MMAP	1523030913386115194
C13F991D-39B4-11E8-BF66-D9AA8AFF4A69	SUBJECT_PROCESS	D57B2A07-B373-B75A-B3B3-93790AB76535	FILE_OBJECT_FILE	EVENT_MMAP	1523030913386115194
C13FBF08-39B4-11E8-BF66-D9AA8AFF4A69	SUBJECT_PROCESS	F802C467-68D3-4950-9368-CE2BE049BD5D	FILE_OBJECT_FILE	EVENT_MMAP	1523030913386115194
C13F991D-39B4-11E8-BF66-D9AA8AFF4A69	SUBJECT_PROCESS	D57B2A07-B373-B75A-B3B3-93790AB76535	FILE_OBJECT_FILE	EVENT_CLOSE	1523030913386115194
C13FBF08-39B4-11E8-BF66-D9AA8AFF4A69	SUBJECT_PROCESS	F802C467-68D3-4950-9368-CE2BE049BD5D	FILE_OBJECT_FILE	EVENT_MMAP	1523030913386115194
C13F991D-39B4-11E8-BF66-D9AA8AFF4A69	SUBJECT_PROCESS	718F288D-A702-1B5D-82A7-80807D1BB326	FILE_OBJECT_FILE	EVENT_OPEN	1523030913386115194
C13FBF08-39B4-11E8-BF66-D9AA8AFF4A69	SUBJECT_PROCESS	F802C467-68D3-4950-9368-CE2BE049BD5D	FILE_OBJECT_FILE	EVENT_MMAP	1523030913386115194
C13F991D-39B4-11E8-BF66-D9AA8AFF4A69	SUBJECT_PROCESS	718F288D-A702-1B5D-82A7-80807D1BB326	FILE_OBJECT_FILE	EVENT_MMAP	1523030913386115194
C13FBF08-39B4-11E8-BF66-D9AA8AFF4A69	SUBJECT_PROCESS	F802C467-68D3-4950-9368-CE2BE049BD5D	FILE_OBJECT_FILE	EVENT_MMAP	1523030913386115194
C13F991D-39B4-11E8-BF66-D9AA8AFF4A69	SUBJECT_PROCESS	718F288D-A702-1B5D-82A7-80807D1BB326	FILE_OBJECT_FILE	EVENT_MMAP	1523030913386115194
C13FBF08-39B4-11E8-BF66-D9AA8AFF4A69	SUBJECT_PROCESS	F802C467-68D3-4950-9368-CE2BE049BD5D	FILE_OBJECT_FILE	EVENT_CLOSE	1523030913386115194
C13F991D-39B4-11E8-BF66-D9AA8AFF4A69	SUBJECT_PROCESS	718F288D-A702-1B5D-82A7-80807D1BB326	FILE_OBJECT_FILE	EVENT_MMAP	1523030913386115194
C13FBF08-39B4-11E8-BF66-D9AA8AFF4A69	SUBJECT_PROCESS	4712EA4F-DAE8-DB53-A8DA-6C9F43DB784D	FILE_OBJECT_FILE	EVENT_OPEN	1523030913386115194
C13F991D-39B4-11E8-BF66-D9AA8AFF4A69	SUBJECT_PROCESS	718F288D-A702-1B5D-82A7-80807D1BB326	FILE_OBJECT_FILE	EVENT_MMAP	1523030913386115194
C13FBF08-39B4-11E8-BF66-D9AA8AFF4A69	SUBJECT_PROCESS	4712EA4F-DAE8-DB53-A8DA-6C9F43DB784D	FILE_OBJECT_FILE	EVENT_MMAP	1523030913386115194
C13F991D-39B4-11E8-BF66-D9AA8AFF4A69	SUBJECT_PROCESS	718F288D-A702-1B5D-82A7-80807D1BB326	FILE_OBJECT_FILE	EVENT_MMAP	1523030913386115194
C13FBF08-39B4-11E8-BF66-D9AA8AFF4A69	SUBJECT_PROCESS	4712EA4F-DAE8-DB53-A8DA-6C9F43DB784D	FILE_OBJECT_FILE	EVENT_MMAP	1523030913386115194
C13F991D-39B4-11E8-BF66-D9AA8AFF4A69	SUBJECT_PROCESS	718F288D-A702-1B5D-82A7-80807D1BB326	FILE_OBJECT_FILE	EVENT_MMAP	1523030913386115194
C13FBF08-39B4-11E8-BF66-D9AA8AFF4A69	SUBJECT_PROCESS	4712EA4F-DAE8-DB53-A8DA-6C9F43DB784D	FILE_OBJECT_FILE	EVENT_MMAP	1523030913396113055
C13F991D-39B4-11E8-BF66-D9AA8AFF4A69	SUBJECT_PROCESS	718F288D-A702-1B5D-82A7-80807D1BB326	FILE_OBJECT_FILE	EVENT_CLOSE	1523030913396113055
C13FBF08-39B4-11E8-BF66-D9AA8AFF4A69	SUBJECT_PROCESS	4712EA4F-DAE8-DB53-A8DA-6C9F43DB784D	FILE_OBJECT_FILE	EVENT_MMAP	1523030913396113055
C13F991D-39B4-11E8-BF66-D9AA8AFF4A69	SUBJECT_PROCESS	D3F11983-FFD7-8A58-97FF-D38E388A1453	FILE_OBJECT_FILE	EVENT_OPEN	1523030913396113055
C13FBF08-39B4-11E8-BF66-D9AA8AFF4A69	SUBJECT_PROCESS	4712EA4F-DAE8-DB53-A8DA-6C9F43DB784D	FILE_OBJECT_FILE	EVENT_MMAP	1523030913396113055
C13FBF08-39B4-11E8-BF66-D9AA8AFF4A69	SUBJECT_PROCESS	4712EA4F-DAE8-DB53-A8DA-6C9F43DB784D	FILE_OBJECT_FILE	EVENT_MMAP	1523030913396113055
C13F991D-39B4-11E8-BF66-D9AA8AFF4A69	SUBJECT_PROCESS	D3F11983-FFD7-8A58-97FF-D38E388A1453	FILE_OBJECT_FILE	EVENT_MMAP	1523030913396113055
C13FBF08-39B4-11E8-BF66-D9AA8AFF4A69	SUBJECT_PROCESS	4712EA4F-DAE8-DB53-A8DA-6C9F43DB784D	FILE_OBJECT_FILE	EVENT_CLOSE	1523030913396113055
C13F991D-39B4-11E8-BF66-D9AA8AFF4A69	SUBJECT_PROCESS	D3F11983-FFD7-8A58-97FF-D38E388A1453	FILE_OBJECT_FILE	EVENT_MMAP	1523030913396113055
C13FBF08-39B4-11E8-BF66-D9AA8AFF4A69	SUBJECT_PROCESS	DEADAC7C-AED5-7E50-95AE-0452707EB22B	FILE_OBJECT_FILE	EVENT_OPEN	1523030913396113055
C13F991D-39B4-11E8-BF66-D9AA8AFF4A69	SUBJECT_PROCESS	D3F11983-FFD7-8A58-97FF-D38E388A1453	FILE_OBJECT_FILE	EVENT_MMAP	1523030913396113055
C13FBF08-39B4-11E8-BF66-D9AA8AFF4A69	SUBJECT_PROCESS	DEADAC7C-AED5-7E50-95AE-0452707EB22B	FILE_OBJECT_FILE	EVENT_MMAP	1523030913396113055
C13F991D-39B4-11E8-BF66-D9AA8AFF4A69	SUBJECT_PROCESS	D3F11983-FFD7-8A58-97FF-D38E388A1453	FILE_OBJECT_FILE	EVENT_MMAP	1523030913396113055
C13FBF08-39B4-11E8-BF66-D9AA8AFF4A69	SUBJECT_PROCESS	DEADAC7C-AED5-7E50-95AE-0452707EB22B	FILE_OBJECT_FILE	EVENT_MMAP	1523030913396113055
C13F991D-39B4-11E8-BF66-D9AA8AFF4A69	SUBJECT_PROCESS	D3F11983-FFD7-8A58-97FF-D38E388A1453	FILE_OBJECT_FILE	EVENT_MMAP	1523030913396113055
C13FBF08-39B4-11E8-BF66-D9AA8AFF4A69	SUBJECT_PROCESS	DEADAC7C-AED5-7E50-95AE-0452707EB22B	FILE_OBJECT_FILE	EVENT_MMAP	1523030913396113055
C13F991D-39B4-11E8-BF66-D9AA8AFF4A69	SUBJECT_PROCESS	D3F11983-FFD7-8A58-97FF-D38E388A1453	FILE_OBJECT_FILE	EVENT_MMAP	1523030913396113055
C13FBF08-39B4-11E8-BF66-D9AA8AFF4A69	SUBJECT_PROCESS	DEADAC7C-AED5-7E50-95AE-0452707EB22B	FILE_OBJECT_FILE	EVENT_MMAP	1523030913396113055
C13F991D-39B4-11E8-BF66-D9AA8AFF4A69	SUBJECT_PROCESS	D3F11983-FFD7-8A58-97FF-D38E388A1453	FILE_OBJECT_FILE	EVENT_CLOSE	1523030913396113055
C13FBF08-39B4-11E8-BF66-D9AA8AFF4A69	SUBJECT_PROCESS	DEADAC7C-AED5-7E50-95AE-0452707EB22B	FILE_OBJECT_FILE	EVENT_MMAP	1523030913396113055
C13F991D-39B4-11E8-BF66-D9AA8AFF4A69	SUBJECT_PROCESS	0905A02C-D979-5D57-B9D9-F12D475D7A9B	FILE_OBJECT_FILE	EVENT_OPEN	1523030913396113055
C13FBF08-39B4-11E8-BF66-D9AA8AFF4A69	SUBJECT_PROCESS	DEADAC7C-AED5-7E50-95AE-0452707EB22B	FILE_OBJECT_FILE	EVENT_MMAP	1523030913396113055
C13F991D-39B4-11E8-BF66-D9AA8AFF4A69	SUBJECT_PROCESS	0905A02C-D979-5D57-B9D9-F12D475D7A9B	FILE_OBJECT_FILE	EVENT_MMAP	1523030913396113055
C13FBF08-39B4-11E8-BF66-D9AA8AFF4A69	SUBJECT_PROCESS	DEADAC7C-AED5-7E50-95AE-0452707EB22B	FILE_OBJECT_FILE	EVENT_CLOSE	1523030913396113055
C13F991D-39B4-11E8-BF66-D9AA8AFF4A69	SUBJECT_PROCESS	0905A02C-D979-5D57-B9D9-F12D475D7A9B	FILE_OBJECT_FILE	EVENT_MMAP	1523030913396113055
C13FBF08-39B4-11E8-BF66-D9AA8AFF4A69	SUBJECT_PROCESS	76A739B1-A13E-FD50-BEA1-B218A0FD0400	FILE_OBJECT_FILE	EVENT_OPEN	1523030913396113055
C13F991D-39B4-11E8-BF66-D9AA8AFF4A69	SUBJECT_PROCESS	0905A02C-D979-5D57-B9D9-F12D475D7A9B	FILE_OBJECT_FILE	EVENT_MMAP	1523030913396113055
C13FBF08-39B4-11E8-BF66-D9AA8AFF4A69	SUBJECT_PROCESS	76A739B1-A13E-FD50-BEA1-B218A0FD0400	FILE_OBJECT_FILE	EVENT_MMAP	1523030913396113055
C13F991D-39B4-11E8-BF66-D9AA8AFF4A69	SUBJECT_PROCESS	0905A02C-D979-5D57-B9D9-F12D475D7A9B	FILE_OBJECT_FILE	EVENT_MMAP	1523030913396113055
C13FBF08-39B4-11E8-BF66-D9AA8AFF4A69	SUBJECT_PROCESS	76A739B1-A13E-FD50-BEA1-B218A0FD0400	FILE_OBJECT_FILE	EVENT_MMAP	1523030913396113055
C13F991D-39B4-11E8-BF66-D9AA8AFF4A69	SUBJECT_PROCESS	0905A02C-D979-5D57-B9D9-F12D475D7A9B	FILE_OBJECT_FILE	EVENT_MMAP	1523030913396113055
C13FBF08-39B4-11E8-BF66-D9AA8AFF4A69	SUBJECT_PROCESS	76A739B1-A13E-FD50-BEA1-B218A0FD0400	FILE_OBJECT_FILE	EVENT_MMAP	1523030913396113055
C13F991D-39B4-11E8-BF66-D9AA8AFF4A69	SUBJECT_PROCESS	0905A02C-D979-5D57-B9D9-F12D475D7A9B	FILE_OBJECT_FILE	EVENT_MMAP	1523030913396113055
C13FBF08-39B4-11E8-BF66-D9AA8AFF4A69	SUBJECT_PROCESS	76A739B1-A13E-FD50-BEA1-B218A0FD0400	FILE_OBJECT_FILE	EVENT_MMAP	1523030913396113055
C13F991D-39B4-11E8-BF66-D9AA8AFF4A69	SUBJECT_PROCESS	0905A02C-D979-5D57-B9D9-F12D475D7A9B	FILE_OBJECT_FILE	EVENT_CLOSE	1523030913396113055
C13FBF08-39B4-11E8-BF66-D9AA8AFF4A69	SUBJECT_PROCESS	76A739B1-A13E-FD50-BEA1-B218A0FD0400	FILE_OBJECT_FILE	EVENT_MMAP	1523030913396113055
C13F991D-39B4-11E8-BF66-D9AA8AFF4A69	SUBJECT_PROCESS	76A739B1-A13E-FD50-BEA1-B218A0FD0400	FILE_OBJECT_FILE	EVENT_OPEN	1523030913396113055
C13FBF08-39B4-11E8-BF66-D9AA8AFF4A69	SUBJECT_PROCESS	76A739B1-A13E-FD50-BEA1-B218A0FD0400	FILE_OBJECT_FILE	EVENT_MMAP	1523030913396113055
C13F991D-39B4-11E8-BF66-D9AA8AFF4A69	SUBJECT_PROCESS	76A739B1-A13E-FD50-BEA1-B218A0FD0400	FILE_OBJECT_FILE	EVENT_MMAP	1523030913396113055
C13FBF08-39B4-11E8-BF66-D9AA8AFF4A69	SUBJECT_PROCESS	76A739B1-A13E-FD50-BEA1-B218A0FD0400	FILE_OBJECT_FILE	EVENT_CLOSE	1523030913396113055
C13F991D-39B4-11E8-BF66-D9AA8AFF4A69	SUBJECT_PROCESS	76A739B1-A13E-FD50-BEA1-B218A0FD0400	FILE_OBJECT_FILE	EVENT_MMAP	1523030913396113055
C13F991D-39B4-11E8-BF66-D9AA8AFF4A69	SUBJECT_PROCESS	76A739B1-A13E-FD50-BEA1-B218A0FD0400	FILE_OBJECT_FILE	EVENT_MMAP	1523030913396113055
C13FBF08-39B4-11E8-BF66-D9AA8AFF4A69	SUBJECT_PROCESS	F410BE96-4C0C-765E-8C4C-6F0E2E760020	FILE_OBJECT_FILE	EVENT_OPEN	1523030913396113055
C13F991D-39B4-11E8-BF66-D9AA8AFF4A69	SUBJECT_PROCESS	76A739B1-A13E-FD50-BEA1-B218A0FD0400	FILE_OBJECT_FILE	EVENT_MMAP	1523030913396113055
C13FBF08-39B4-11E8-BF66-D9AA8AFF4A69	SUBJECT_PROCESS	F410BE96-4C0C-765E-8C4C-6F0E2E760020	FILE_OBJECT_FILE	EVENT_MMAP	1523030913396113055
C13F991D-39B4-11E8-BF66-D9AA8AFF4A69	SUBJECT_PROCESS	76A739B1-A13E-FD50-BEA1-B218A0FD0400	FILE_OBJECT_FILE	EVENT_MMAP	1523030913396113055
C13FBF08-39B4-11E8-BF66-D9AA8AFF4A69	SUBJECT_PROCESS	F410BE96-4C0C-765E-8C4C-6F0E2E760020	FILE_OBJECT_FILE	EVENT_MMAP	1523030913396113055
C13F991D-39B4-11E8-BF66-D9AA8AFF4A69	SUBJECT_PROCESS	76A739B1-A13E-FD50-BEA1-B218A0FD0400	FILE_OBJECT_FILE	EVENT_MMAP	1523030913396113055
C13FBF08-39B4-11E8-BF66-D9AA8AFF4A69	SUBJECT_PROCESS	F410BE96-4C0C-765E-8C4C-6F0E2E760020	FILE_OBJECT_FILE	EVENT_CLOSE	1523030913396113055
C13F991D-39B4-11E8-BF66-D9AA8AFF4A69	SUBJECT_PROCESS	76A739B1-A13E-FD50-BEA1-B218A0FD0400	FILE_OBJECT_FILE	EVENT_CLOSE	1523030913396113055
C13F991D-39B4-11E8-BF66-D9AA8AFF4A69	SUBJECT_PROCESS	F29977F6-07A2-935B-A207-C4871B93FE07	FILE_OBJECT_FILE	EVENT_OPEN	1523030913396113055
C13F991D-39B4-11E8-BF66-D9AA8AFF4A69	SUBJECT_PROCESS	F29977F6-07A2-935B-A207-C4871B93FE07	FILE_OBJECT_FILE	EVENT_MMAP	1523030913396113055
C13F991D-39B4-11E8-BF66-D9AA8AFF4A69	SUBJECT_PROCESS	F29977F6-07A2-935B-A207-C4871B93FE07	FILE_OBJECT_FILE	EVENT_MMAP	1523030913396113055
C13F991D-39B4-11E8-BF66-D9AA8AFF4A69	SUBJECT_PROCESS	F29977F6-07A2-935B-A207-C4871B93FE07	FILE_OBJECT_FILE	EVENT_MMAP	1523030913406109296
C13F991D-39B4-11E8-BF66-D9AA8AFF4A69	SUBJECT_PROCESS	F29977F6-07A2-935B-A207-C4871B93FE07	FILE_OBJECT_FILE	EVENT_MMAP	1523030913406109296
C13F991D-39B4-11E8-BF66-D9AA8AFF4A69	SUBJECT_PROCESS	F29977F6-07A2-935B-A207-C4871B93FE07	FILE_OBJECT_FILE	EVENT_MMAP	1523030913406109296
C13F991D-39B4-11E8-BF66-D9AA8AFF4A69	SUBJECT_PROCESS	F29977F6-07A2-935B-A207-C4871B93FE07	FILE_OBJECT_FILE	EVENT_MMAP	1523030913406109296
C13F991D-39B4-11E8-BF66-D9AA8AFF4A69	SUBJECT_PROCESS	F29977F6-07A2-935B-A207-C4871B93FE07	FILE_OBJECT_FILE	EVENT_CLOSE	1523030913406109296
C13F991D-39B4-11E8-BF66-D9AA8AFF4A69	SUBJECT_PROCESS	9FF334BB-9072-D756-B290-556656D73728	FILE_OBJECT_FILE	EVENT_OPEN	1523030913406109296
C13F991D-39B4-11E8-BF66-D9AA8AFF4A69	SUBJECT_PROCESS	9FF334BB-9072-D756-B290-556656D73728	FILE_OBJECT_FILE	EVENT_MMAP	1523030913406109296
C13F991D-39B4-11E8-BF66-D9AA8AFF4A69	SUBJECT_PROCESS	9FF334BB-9072-D756-B290-556656D73728	FILE_OBJECT_FILE	EVENT_MMAP	1523030913406109296
C13F991D-39B4-11E8-BF66-D9AA8AFF4A69	SUBJECT_PROCESS	9FF334BB-9072-D756-B290-556656D73728	FILE_OBJECT_FILE	EVENT_MMAP	1523030913406109296
C13F991D-39B4-11E8-BF66-D9AA8AFF4A69	SUBJECT_PROCESS	9FF334BB-9072-D756-B290-556656D73728	FILE_OBJECT_FILE	EVENT_MMAP	1523030913406109296
C13F991D-39B4-11E8-BF66-D9AA8AFF4A69	SUBJECT_PROCESS	9FF334BB-9072-D756-B290-556656D73728	FILE_OBJECT_FILE	EVENT_MMAP	1523030913406109296
C13F991D-39B4-11E8-BF66-D9AA8AFF4A69	SUBJECT_PROCESS	9FF334BB-9072-D756-B290-556656D73728	FILE_OBJECT_FILE	EVENT_MMAP	1523030913406109296
C13F991D-39B4-11E8-BF66-D9AA8AFF4A69	SUBJECT_PROCESS	9FF334BB-9072-D756-B290-556656D73728	FILE_OBJECT_FILE	EVENT_CLOSE	1523030913406109296
C13F991D-39B4-11E8-BF66-D9AA8AFF4A69	SUBJECT_PROCESS	F410BE96-4C0C-765E-8C4C-6F0E2E760020	FILE_OBJECT_FILE	EVENT_OPEN	1523030913406109296
C13F991D-39B4-11E8-BF66-D9AA8AFF4A69	SUBJECT_PROCESS	F410BE96-4C0C-765E-8C4C-6F0E2E760020	FILE_OBJECT_FILE	EVENT_MMAP	1523030913406109296
C13F991D-39B4-11E8-BF66-D9AA8AFF4A69	SUBJECT_PROCESS	F410BE96-4C0C-765E-8C4C-6F0E2E760020	FILE_OBJECT_FILE	EVENT_MMAP	1523030913406109296
C13F991D-39B4-11E8-BF66-D9AA8AFF4A69	SUBJECT_PROCESS	F410BE96-4C0C-765E-8C4C-6F0E2E760020	FILE_OBJECT_FILE	EVENT_CLOSE	1523030913406109296
C13F991D-39B4-11E8-BF66-D9AA8AFF4A69	SUBJECT_PROCESS	1633500B-D34B-8058-8BD3-ABB7D880915E	FILE_OBJECT_FILE	EVENT_OPEN	1523030913406109296
C13F991D-39B4-11E8-BF66-D9AA8AFF4A69	SUBJECT_PROCESS	1633500B-D34B-8058-8BD3-ABB7D880915E	FILE_OBJECT_FILE	EVENT_OPEN	1523030913406109296
C13F991D-39B4-11E8-BF66-D9AA8AFF4A69	SUBJECT_PROCESS	BCDBE64D-1703-005A-8317-44DD6A00589D	FILE_OBJECT_FILE	EVENT_OPEN	1523030913416108407
C13F991D-39B4-11E8-BF66-D9AA8AFF4A69	SUBJECT_PROCESS	BCDBE64D-1703-005A-8317-44DD6A00589D	FILE_OBJECT_FILE	EVENT_READ	1523030913416108407
C13F991D-39B4-11E8-BF66-D9AA8AFF4A69	SUBJECT_PROCESS	BCDBE64D-1703-005A-8317-44DD6A00589D	FILE_OBJECT_FILE	EVENT_READ	1523030913416108407
C13F991D-39B4-11E8-BF66-D9AA8AFF4A69	SUBJECT_PROCESS	BCDBE64D-1703-005A-8317-44DD6A00589D	FILE_OBJECT_FILE	EVENT_CLOSE	1523030913416108407
C13F991D-39B4-11E8-BF66-D9AA8AFF4A69	SUBJECT_PROCESS	C53609B6-A912-B65B-92A9-B89E0BB6C2E1	FILE_OBJECT_FILE	EVENT_OPEN	1523030913416108407
C13F991D-39B4-11E8-BF66-D9AA8AFF4A69	SUBJECT_PROCESS	C53609B6-A912-B65B-92A9-B89E0BB6C2E1	FILE_OBJECT_FILE	EVENT_READ	1523030913416108407
C13F991D-39B4-11E8-BF66-D9AA8AFF4A69	SUBJECT_PROCESS	C53609B6-A912-B65B-92A9-B89E0BB6C2E1	FILE_OBJECT_FILE	EVENT_READ	1523030913416108407
C13F991D-39B4-11E8-BF66-D9AA8AFF4A69	SUBJECT_PROCESS	C53609B6-A912-B65B-92A9-B89E0BB6C2E1	FILE_OBJECT_FILE	EVENT_READ	1523030913416108407
C13F991D-39B4-11E8-BF66-D9AA8AFF4A69	SUBJECT_PROCESS	AE441C70-DEC0-BD5F-80DE-3DE4DFBDF253	FILE_OBJECT_FILE	EVENT_OPEN	1523030913416108407
C13F991D-39B4-11E8-BF66-D9AA8AFF4A69	SUBJECT_PROCESS	AE441C70-DEC0-BD5F-80DE-3DE4DFBDF253	FILE_OBJECT_FILE	EVENT_READ	1523030913416108407
C13F991D-39B4-11E8-BF66-D9AA8AFF4A69	SUBJECT_PROCESS	AE441C70-DEC0-BD5F-80DE-3DE4DFBDF253	FILE_OBJECT_FILE	EVENT_CLOSE	1523030913416108407
C13F991D-39B4-11E8-BF66-D9AA8AFF4A69	SUBJECT_PROCESS	104A8C35-2200-3156-8022-4129E631EA52	FILE_OBJECT_FILE	EVENT_OPEN	1523030913416108407
C13F991D-39B4-11E8-BF66-D9AA8AFF4A69	SUBJECT_PROCESS	104A8C35-2200-3156-8022-4129E631EA52	FILE_OBJECT_FILE	EVENT_READ	1523030913416108407
C13F991D-39B4-11E8-BF66-D9AA8AFF4A69	SUBJECT_PROCESS	104A8C35-2200-3156-8022-4129E631EA52	FILE_OBJECT_FILE	EVENT_CLOSE	1523030913416108407
C13F991D-39B4-11E8-BF66-D9AA8AFF4A69	SUBJECT_PROCESS	C53609B6-A912-B65B-92A9-B89E0BB6C2E1	FILE_OBJECT_FILE	EVENT_READ	1523030913416108407
C13F991D-39B4-11E8-BF66-D9AA8AFF4A69	SUBJECT_PROCESS	C53609B6-A912-B65B-92A9-B89E0BB6C2E1	FILE_OBJECT_FILE	EVENT_READ	1523030913416108407
C13F991D-39B4-11E8-BF66-D9AA8AFF4A69	SUBJECT_PROCESS	C53609B6-A912-B65B-92A9-B89E0BB6C2E1	FILE_OBJECT_FILE	EVENT_READ	1523030913416108407
C13F991D-39B4-11E8-BF66-D9AA8AFF4A69	SUBJECT_PROCESS	C53609B6-A912-B65B-92A9-B89E0BB6C2E1	FILE_OBJECT_FILE	EVENT_READ	1523030913416108407
C13F991D-39B4-11E8-BF66-D9AA8AFF4A69	SUBJECT_PROCESS	C53609B6-A912-B65B-92A9-B89E0BB6C2E1	FILE_OBJECT_FILE	EVENT_READ	1523030913416108407
C13F991D-39B4-11E8-BF66-D9AA8AFF4A69	SUBJECT_PROCESS	C53609B6-A912-B65B-92A9-B89E0BB6C2E1	FILE_OBJECT_FILE	EVENT_READ	1523030913416108407
C13F991D-39B4-11E8-BF66-D9AA8AFF4A69	SUBJECT_PROCESS	B8CCEB73-A7B1-5512-A480-35DE28D2B803	UnnamedPipeObject	EVENT_WRITE	1523030913426108597
C13FBF08-39B4-11E8-BF66-D9AA8AFF4A69	SUBJECT_PROCESS	B8CCEB73-A7B1-5512-A480-35DE28D2B803	UnnamedPipeObject	EVENT_READ	1523030913426108597
C13F991D-39B4-11E8-BF66-D9AA8AFF4A69	SUBJECT_PROCESS	B8CCEB73-A7B1-5512-A480-35DE28D2B803	UnnamedPipeObject	EVENT_WRITE	1523030913426108597
C13FBF08-39B4-11E8-BF66-D9AA8AFF4A69	SUBJECT_PROCESS	B8CCEB73-A7B1-5512-A480-35DE28D2B803	UnnamedPipeObject	EVENT_READ	1523030913426108597
C13FBF08-39B4-11E8-BF66-D9AA8AFF4A69	SUBJECT_PROCESS	17797A5B-A3BC-8450-BCA3-FD703084DDDB	FILE_OBJECT_FILE	EVENT_WRITE	1523030913426108597
C13F991D-39B4-11E8-BF66-D9AA8AFF4A69	SUBJECT_PROCESS	B8CCEB73-A7B1-5512-A480-35DE28D2B803	UnnamedPipeObject	EVENT_WRITE	1523030913426108597
C13FBF08-39B4-11E8-BF66-D9AA8AFF4A69	SUBJECT_PROCESS	B8CCEB73-A7B1-5512-A480-35DE28D2B803	UnnamedPipeObject	EVENT_READ	1523030913426108597
C13F991D-39B4-11E8-BF66-D9AA8AFF4A69	SUBJECT_PROCESS	C13F991D-39B4-11E8-BF66-D9AA8AFF4A69	SUBJECT_PROCESS	EVENT_EXIT	1523030913426108597
C13FBF08-39B4-11E8-BF66-D9AA8AFF4A69	SUBJECT_PROCESS	17797A5B-A3BC-8450-BCA3-FD703084DDDB	FILE_OBJECT_FILE	EVENT_WRITE	1523030913426108597
C13FBF08-39B4-11E8-BF66-D9AA8AFF4A69	SUBJECT_PROCESS	B8CCEB73-A7B1-5512-A480-35DE28D2B803	UnnamedPipeObject	EVENT_READ	1523030913426108597
C13FBF08-39B4-11E8-BF66-D9AA8AFF4A69	SUBJECT_PROCESS	17797A5B-A3BC-8450-BCA3-FD703084DDDB	FILE_OBJECT_FILE	EVENT_CLOSE	1523030913426108597
C13FBF08-39B4-11E8-BF66-D9AA8AFF4A69	SUBJECT_PROCESS	C13FBF08-39B4-11E8-BF66-D9AA8AFF4A69	SUBJECT_PROCESS	EVENT_EXIT	1523030913426108597
94ED0D0E-39B4-11E8-BF66-D9AA8AFF4A69	SUBJECT_PROCESS	17797A5B-A3BC-8450-BCA3-FD703084DDDB	FILE_OBJECT_FILE	EVENT_WRITE	1523030913426108597
72FB0406-3678-11E8-BF66-D9AA8AFF4A69	SUBJECT_PROCESS	C0E8D442-39B4-11E8-BF66-D9AA8AFF4A69	FILE_OBJECT_UNIX_SOCKET	EVENT_CLOSE	1523030913816107498
72FB0406-3678-11E8-BF66-D9AA8AFF4A69	SUBJECT_PROCESS	C0E8D4AB-39B4-11E8-BF66-D9AA8AFF4A69	FILE_OBJECT_UNIX_SOCKET	EVENT_CLOSE	1523030913816107498
72FB0406-3678-11E8-BF66-D9AA8AFF4A69	SUBJECT_PROCESS	C1818848-39B4-11E8-BF66-D9AA8AFF4A69	FILE_OBJECT_UNIX_SOCKET	EVENT_CREATE_OBJECT	1523030913816107498
72FB0406-3678-11E8-BF66-D9AA8AFF4A69	SUBJECT_PROCESS	C18188B0-39B4-11E8-BF66-D9AA8AFF4A69	FILE_OBJECT_UNIX_SOCKET	EVENT_CREATE_OBJECT	1523030913816107498
72FB0406-3678-11E8-BF66-D9AA8AFF4A69	SUBJECT_PROCESS	C1818848-39B4-11E8-BF66-D9AA8AFF4A69	FILE_OBJECT_UNIX_SOCKET	EVENT_CLOSE	1523030914806106607
72FB0406-3678-11E8-BF66-D9AA8AFF4A69	SUBJECT_PROCESS	C18188B0-39B4-11E8-BF66-D9AA8AFF4A69	FILE_OBJECT_UNIX_SOCKET	EVENT_CLOSE	1523030914806106607
72FB0406-3678-11E8-BF66-D9AA8AFF4A69	SUBJECT_PROCESS	C21878F4-39B4-11E8-BF66-D9AA8AFF4A69	FILE_OBJECT_UNIX_SOCKET	EVENT_CREATE_OBJECT	1523030914806106607
72FB0406-3678-11E8-BF66-D9AA8AFF4A69	SUBJECT_PROCESS	C218795A-39B4-11E8-BF66-D9AA8AFF4A69	FILE_OBJECT_UNIX_SOCKET	EVENT_CREATE_OBJECT	1523030914806106607
94ED0D0E-39B4-11E8-BF66-D9AA8AFF4A69	SUBJECT_PROCESS	17797A5B-A3BC-8450-BCA3-FD703084DDDB	FILE_OBJECT_FILE	EVENT_READ	1523030915346108800
94ED0D0E-39B4-11E8-BF66-D9AA8AFF4A69	SUBJECT_PROCESS	17797A5B-A3BC-8450-BCA3-FD703084DDDB	FILE_OBJECT_FILE	EVENT_READ	1523030915346108800
94ED0D0E-39B4-11E8-BF66-D9AA8AFF4A69	SUBJECT_PROCESS	17797A5B-A3BC-8450-BCA3-FD703084DDDB	FILE_OBJECT_FILE	EVENT_READ	1523030915346108800
94ED0D0E-39B4-11E8-BF66-D9AA8AFF4A69	SUBJECT_PROCESS	17797A5B-A3BC-8450-BCA3-FD703084DDDB	FILE_OBJECT_FILE	EVENT_WRITE	1523030915346108800
94ED0D0E-39B4-11E8-BF66-D9AA8AFF4A69	SUBJECT_PROCESS	17797A5B-A3BC-8450-BCA3-FD703084DDDB	FILE_OBJECT_FILE	EVENT_READ	1523030915476107010
94ED0D0E-39B4-11E8-BF66-D9AA8AFF4A69	SUBJECT_PROCESS	17797A5B-A3BC-8450-BCA3-FD703084DDDB	FILE_OBJECT_FILE	EVENT_READ	1523030915476107010
94ED0D0E-39B4-11E8-BF66-D9AA8AFF4A69	SUBJECT_PROCESS	17797A5B-A3BC-8450-BCA3-FD703084DDDB	FILE_OBJECT_FILE	EVENT_READ	1523030915476107010
94ED0D0E-39B4-11E8-BF66-D9AA8AFF4A69	SUBJECT_PROCESS	17797A5B-A3BC-8450-BCA3-FD703084DDDB	FILE_OBJECT_FILE	EVENT_WRITE	1523030915476107010
94ED0D0E-39B4-11E8-BF66-D9AA8AFF4A69	SUBJECT_PROCESS	17797A5B-A3BC-8450-BCA3-FD703084DDDB	FILE_OBJECT_FILE	EVENT_READ	1523030915656109635
94ED0D0E-39B4-11E8-BF66-D9AA8AFF4A69	SUBJECT_PROCESS	17797A5B-A3BC-8450-BCA3-FD703084DDDB	FILE_OBJECT_FILE	EVENT_READ	1523030915656109635
94ED0D0E-39B4-11E8-BF66-D9AA8AFF4A69	SUBJECT_PROCESS	17797A5B-A3BC-8450-BCA3-FD703084DDDB	FILE_OBJECT_FILE	EVENT_READ	1523030915656109635
94ED0D0E-39B4-11E8-BF66-D9AA8AFF4A69	SUBJECT_PROCESS	17797A5B-A3BC-8450-BCA3-FD703084DDDB	FILE_OBJECT_FILE	EVENT_WRITE	1523030915656109635
72FB0406-3678-11E8-BF66-D9AA8AFF4A69	SUBJECT_PROCESS	C21878F4-39B4-11E8-BF66-D9AA8AFF4A69	FILE_OBJECT_UNIX_SOCKET	EVENT_CLOSE	1523030915816109857
72FB0406-3678-11E8-BF66-D9AA8AFF4A69	SUBJECT_PROCESS	C218795A-39B4-11E8-BF66-D9AA8AFF4A69	FILE_OBJECT_UNIX_SOCKET	EVENT_CLOSE	1523030915816109857
72FB0406-3678-11E8-BF66-D9AA8AFF4A69	SUBJECT_PROCESS	C2B2A94E-39B4-11E8-BF66-D9AA8AFF4A69	FILE_OBJECT_UNIX_SOCKET	EVENT_CREATE_OBJECT	1523030915816109857
72FB0406-3678-11E8-BF66-D9AA8AFF4A69	SUBJECT_PROCESS	C2B2A9E3-39B4-11E8-BF66-D9AA8AFF4A69	FILE_OBJECT_UNIX_SOCKET	EVENT_CREATE_OBJECT	1523030915816109857
72FB0406-3678-11E8-BF66-D9AA8AFF4A69	SUBJECT_PROCESS	C2B2A94E-39B4-11E8-BF66-D9AA8AFF4A69	FILE_OBJECT_UNIX_SOCKET	EVENT_CLOSE	1523030916806107146
72FB0406-3678-11E8-BF66-D9AA8AFF4A69	SUBJECT_PROCESS	C2B2A9E3-39B4-11E8-BF66-D9AA8AFF4A69	FILE_OBJECT_UNIX_SOCKET	EVENT_CLOSE	1523030916806107146
72FB0406-3678-11E8-BF66-D9AA8AFF4A69	SUBJECT_PROCESS	C349A565-39B4-11E8-BF66-D9AA8AFF4A69	FILE_OBJECT_UNIX_SOCKET	EVENT_CREATE_OBJECT	1523030916806107146
72FB0406-3678-11E8-BF66-D9AA8AFF4A69	SUBJECT_PROCESS	C349A5CE-39B4-11E8-BF66-D9AA8AFF4A69	FILE_OBJECT_UNIX_SOCKET	EVENT_CREATE_OBJECT	1523030916806107146
72FB0406-3678-11E8-BF66-D9AA8AFF4A69	SUBJECT_PROCESS	C349A565-39B4-11E8-BF66-D9AA8AFF4A69	FILE_OBJECT_UNIX_SOCKET	EVENT_CLOSE	1523030917816107386
72FB0406-3678-11E8-BF66-D9AA8AFF4A69	SUBJECT_PROCESS	C349A5CE-39B4-11E8-BF66-D9AA8AFF4A69	FILE_OBJECT_UNIX_SOCKET	EVENT_CLOSE	1523030917816107386
72FB0406-3678-11E8-BF66-D9AA8AFF4A69	SUBJECT_PROCESS	C3E3D988-39B4-11E8-BF66-D9AA8AFF4A69	FILE_OBJECT_UNIX_SOCKET	EVENT_CREATE_OBJECT	1523030917816107386
72FB0406-3678-11E8-BF66-D9AA8AFF4A69	SUBJECT_PROCESS	C3E3D9F0-39B4-11E8-BF66-D9AA8AFF4A69	FILE_OBJECT_UNIX_SOCKET	EVENT_CREATE_OBJECT	1523030917816107386
94ED0D0E-39B4-11E8-BF66-D9AA8AFF4A69	SUBJECT_PROCESS	17797A5B-A3BC-8450-BCA3-FD703084DDDB	FILE_OBJECT_FILE	EVENT_READ	1523030918106109339
94ED0D0E-39B4-11E8-BF66-D9AA8AFF4A69	SUBJECT_PROCESS	17797A5B-A3BC-8450-BCA3-FD703084DDDB	FILE_OBJECT_FILE	EVENT_WRITE	1523030918106109339
94ED0D0E-39B4-11E8-BF66-D9AA8AFF4A69	SUBJECT_PROCESS	17797A5B-A3BC-8450-BCA3-FD703084DDDB	FILE_OBJECT_FILE	EVENT_READ	1523030918266106612
94ED0D0E-39B4-11E8-BF66-D9AA8AFF4A69	SUBJECT_PROCESS	17797A5B-A3BC-8450-BCA3-FD703084DDDB	FILE_OBJECT_FILE	EVENT_WRITE	1523030918266106612
94ED0D0E-39B4-11E8-BF66-D9AA8AFF4A69	SUBJECT_PROCESS	17797A5B-A3BC-8450-BCA3-FD703084DDDB	FILE_OBJECT_FILE	EVENT_READ	1523030918416106334
94ED0D0E-39B4-11E8-BF66-D9AA8AFF4A69	SUBJECT_PROCESS	17797A5B-A3BC-8450-BCA3-FD703084DDDB	FILE_OBJECT_FILE	EVENT_WRITE	1523030918416106334
94ED0D0E-39B4-11E8-BF66-D9AA8AFF4A69	SUBJECT_PROCESS	17797A5B-A3BC-8450-BCA3-FD703084DDDB	FILE_OBJECT_FILE	EVENT_READ	1523030918586109287
94ED0D0E-39B4-11E8-BF66-D9AA8AFF4A69	SUBJECT_PROCESS	17797A5B-A3BC-8450-BCA3-FD703084DDDB	FILE_OBJECT_FILE	EVENT_WRITE	1523030918586109287
94ED0D0E-39B4-11E8-BF66-D9AA8AFF4A69	SUBJECT_PROCESS	17797A5B-A3BC-8450-BCA3-FD703084DDDB	FILE_OBJECT_FILE	EVENT_READ	1523030918696108646
94ED0D0E-39B4-11E8-BF66-D9AA8AFF4A69	SUBJECT_PROCESS	17797A5B-A3BC-8450-BCA3-FD703084DDDB	FILE_OBJECT_FILE	EVENT_WRITE	1523030918696108646
72FB0406-3678-11E8-BF66-D9AA8AFF4A69	SUBJECT_PROCESS	C3E3D988-39B4-11E8-BF66-D9AA8AFF4A69	FILE_OBJECT_UNIX_SOCKET	EVENT_CLOSE	1523030918806107855
72FB0406-3678-11E8-BF66-D9AA8AFF4A69	SUBJECT_PROCESS	C3E3D9F0-39B4-11E8-BF66-D9AA8AFF4A69	FILE_OBJECT_UNIX_SOCKET	EVENT_CLOSE	1523030918806107855
72FB0406-3678-11E8-BF66-D9AA8AFF4A69	SUBJECT_PROCESS	C47AFE31-39B4-11E8-BF66-D9AA8AFF4A69	FILE_OBJECT_UNIX_SOCKET	EVENT_CREATE_OBJECT	1523030918806107855
72FB0406-3678-11E8-BF66-D9AA8AFF4A69	SUBJECT_PROCESS	C47AFECC-39B4-11E8-BF66-D9AA8AFF4A69	FILE_OBJECT_UNIX_SOCKET	EVENT_CREATE_OBJECT	1523030918806107855
94ED0D0E-39B4-11E8-BF66-D9AA8AFF4A69	SUBJECT_PROCESS	17797A5B-A3BC-8450-BCA3-FD703084DDDB	FILE_OBJECT_FILE	EVENT_READ	1523030919306110124
94ED0D0E-39B4-11E8-BF66-D9AA8AFF4A69	SUBJECT_PROCESS	17797A5B-A3BC-8450-BCA3-FD703084DDDB	FILE_OBJECT_FILE	EVENT_WRITE	1523030919306110124
94ED0D0E-39B4-11E8-BF66-D9AA8AFF4A69	SUBJECT_PROCESS	17797A5B-A3BC-8450-BCA3-FD703084DDDB	FILE_OBJECT_FILE	EVENT_READ	1523030919346107588
94ED0D0E-39B4-11E8-BF66-D9AA8AFF4A69	SUBJECT_PROCESS	17797A5B-A3BC-8450-BCA3-FD703084DDDB	FILE_OBJECT_FILE	EVENT_WRITE	1523030919356107338
94ED0D0E-39B4-11E8-BF66-D9AA8AFF4A69	SUBJECT_PROCESS	17797A5B-A3BC-8450-BCA3-FD703084DDDB	FILE_OBJECT_FILE	EVENT_READ	1523030919726107598
94ED0D0E-39B4-11E8-BF66-D9AA8AFF4A69	SUBJECT_PROCESS	17797A5B-A3BC-8450-BCA3-FD703084DDDB	FILE_OBJECT_FILE	EVENT_WRITE	1523030919726107598
72FB0406-3678-11E8-BF66-D9AA8AFF4A69	SUBJECT_PROCESS	C47AFE31-39B4-11E8-BF66-D9AA8AFF4A69	FILE_OBJECT_UNIX_SOCKET	EVENT_CLOSE	1523030919816106995
72FB0406-3678-11E8-BF66-D9AA8AFF4A69	SUBJECT_PROCESS	C47AFECC-39B4-11E8-BF66-D9AA8AFF4A69	FILE_OBJECT_UNIX_SOCKET	EVENT_CLOSE	1523030919816106995
72FB0406-3678-11E8-BF66-D9AA8AFF4A69	SUBJECT_PROCESS	C5151C17-39B4-11E8-BF66-D9AA8AFF4A69	FILE_OBJECT_UNIX_SOCKET	EVENT_CREATE_OBJECT	1523030919816106995
72FB0406-3678-11E8-BF66-D9AA8AFF4A69	SUBJECT_PROCESS	C5151CB6-39B4-11E8-BF66-D9AA8AFF4A69	FILE_OBJECT_UNIX_SOCKET	EVENT_CREATE_OBJECT	1523030919816106995
94ED0D0E-39B4-11E8-BF66-D9AA8AFF4A69	SUBJECT_PROCESS	17797A5B-A3BC-8450-BCA3-FD703084DDDB	FILE_OBJECT_FILE	EVENT_READ	1523030920046108123
94ED0D0E-39B4-11E8-BF66-D9AA8AFF4A69	SUBJECT_PROCESS	17797A5B-A3BC-8450-BCA3-FD703084DDDB	FILE_OBJECT_FILE	EVENT_WRITE	1523030920046108123
94ED0D0E-39B4-11E8-BF66-D9AA8AFF4A69	SUBJECT_PROCESS	17797A5B-A3BC-8450-BCA3-FD703084DDDB	FILE_OBJECT_FILE	EVENT_READ	1523030920156107342
94ED0D0E-39B4-11E8-BF66-D9AA8AFF4A69	SUBJECT_PROCESS	17797A5B-A3BC-8450-BCA3-FD703084DDDB	FILE_OBJECT_FILE	EVENT_WRITE	1523030920156107342
94ED0D0E-39B4-11E8-BF66-D9AA8AFF4A69	SUBJECT_PROCESS	17797A5B-A3BC-8450-BCA3-FD703084DDDB	FILE_OBJECT_FILE	EVENT_READ	1523030920526106961
94ED0D0E-39B4-11E8-BF66-D9AA8AFF4A69	SUBJECT_PROCESS	17797A5B-A3BC-8450-BCA3-FD703084DDDB	FILE_OBJECT_FILE	EVENT_WRITE	1523030920526106961
94ED0D0E-39B4-11E8-BF66-D9AA8AFF4A69	SUBJECT_PROCESS	17797A5B-A3BC-8450-BCA3-FD703084DDDB	FILE_OBJECT_FILE	EVENT_READ	1523030920776106351
94ED0D0E-39B4-11E8-BF66-D9AA8AFF4A69	SUBJECT_PROCESS	17797A5B-A3BC-8450-BCA3-FD703084DDDB	FILE_OBJECT_FILE	EVENT_WRITE	1523030920776106351
94ED0D0E-39B4-11E8-BF66-D9AA8AFF4A69	SUBJECT_PROCESS	5D817B74-5EC0-5FB8-8448-D141BA4D4765	UnnamedPipeObject	EVENT_CREATE_OBJECT	1523030920776106351
94ED0D0E-39B4-11E8-BF66-D9AA8AFF4A69	SUBJECT_PROCESS	C5A859C6-39B4-11E8-BF66-D9AA8AFF4A69	SUBJECT_PROCESS	EVENT_FORK	1523030920776106351
94ED0D0E-39B4-11E8-BF66-D9AA8AFF4A69	SUBJECT_PROCESS	C5A87CDD-39B4-11E8-BF66-D9AA8AFF4A69	SUBJECT_PROCESS	EVENT_FORK	1523030920776106351
C5A859C6-39B4-11E8-BF66-D9AA8AFF4A69	SUBJECT_PROCESS	EA112F0C-C0B2-CD5B-B2C0-A1B8CBCD4FE9	FILE_OBJECT_FILE	EVENT_EXECUTE	1523030920776106351
C5A859C6-39B4-11E8-BF66-D9AA8AFF4A69	SUBJECT_PROCESS	7A350F75-9945-425D-8599-15CEBD426F06	FILE_OBJECT_FILE	EVENT_EXECUTE	1523030920776106351
C5A859C6-39B4-11E8-BF66-D9AA8AFF4A69	SUBJECT_PROCESS	51110606-D232-9652-B2D2-3A7242968F8A	FILE_OBJECT_FILE	EVENT_OPEN	1523030920786106922
C5A87CDD-39B4-11E8-BF66-D9AA8AFF4A69	SUBJECT_PROCESS	29C0F421-9DEA-A656-AA9D-30CFA6A69C0C	FILE_OBJECT_FILE	EVENT_EXECUTE	1523030920786106922
C5A87CDD-39B4-11E8-BF66-D9AA8AFF4A69	SUBJECT_PROCESS	7A350F75-9945-425D-8599-15CEBD426F06	FILE_OBJECT_FILE	EVENT_EXECUTE	1523030920786106922
C5A859C6-39B4-11E8-BF66-D9AA8AFF4A69	SUBJECT_PROCESS	51110606-D232-9652-B2D2-3A7242968F8A	FILE_OBJECT_FILE	EVENT_READ	1523030920786106922
C5A87CDD-39B4-11E8-BF66-D9AA8AFF4A69	SUBJECT_PROCESS	51110606-D232-9652-B2D2-3A7242968F8A	FILE_OBJECT_FILE	EVENT_OPEN	1523030920786106922
C5A87CDD-39B4-11E8-BF66-D9AA8AFF4A69	SUBJECT_PROCESS	51110606-D232-9652-B2D2-3A7242968F8A	FILE_OBJECT_FILE	EVENT_READ	1523030920786106922
C5A859C6-39B4-11E8-BF66-D9AA8AFF4A69	SUBJECT_PROCESS	51110606-D232-9652-B2D2-3A7242968F8A	FILE_OBJECT_FILE	EVENT_CLOSE	1523030920786106922
C5A87CDD-39B4-11E8-BF66-D9AA8AFF4A69	SUBJECT_PROCESS	51110606-D232-9652-B2D2-3A7242968F8A	FILE_OBJECT_FILE	EVENT_CLOSE	1523030920786106922
C5A859C6-39B4-11E8-BF66-D9AA8AFF4A69	SUBJECT_PROCESS	8A44F292-648B-7854-8B64-00F954785A79	FILE_OBJECT_FILE	EVENT_OPEN	1523030920786106922
C5A87CDD-39B4-11E8-BF66-D9AA8AFF4A69	SUBJECT_PROCESS	8A44F292-648B-7854-8B64-00F954785A79	FILE_OBJECT_FILE	EVENT_OPEN	1523030920786106922
C5A87CDD-39B4-11E8-BF66-D9AA8AFF4A69	SUBJECT_PROCESS	8A44F292-648B-7854-8B64-00F954785A79	FILE_OBJECT_FILE	EVENT_READ	1523030920786106922
C5A859C6-39B4-11E8-BF66-D9AA8AFF4A69	SUBJECT_PROCESS	8A44F292-648B-7854-8B64-00F954785A79	FILE_OBJECT_FILE	EVENT_READ	1523030920786106922
C5A87CDD-39B4-11E8-BF66-D9AA8AFF4A69	SUBJECT_PROCESS	8A44F292-648B-7854-8B64-00F954785A79	FILE_OBJECT_FILE	EVENT_READ	1523030920786106922
C5A859C6-39B4-11E8-BF66-D9AA8AFF4A69	SUBJECT_PROCESS	8A44F292-648B-7854-8B64-00F954785A79	FILE_OBJECT_FILE	EVENT_READ	1523030920786106922
C5A87CDD-39B4-11E8-BF66-D9AA8AFF4A69	SUBJECT_PROCESS	8A44F292-648B-7854-8B64-00F954785A79	FILE_OBJECT_FILE	EVENT_CLOSE	1523030920786106922
C5A87CDD-39B4-11E8-BF66-D9AA8AFF4A69	SUBJECT_PROCESS	F802C467-68D3-4950-9368-CE2BE049BD5D	FILE_OBJECT_FILE	EVENT_OPEN	1523030920786106922
C5A859C6-39B4-11E8-BF66-D9AA8AFF4A69	SUBJECT_PROCESS	8A44F292-648B-7854-8B64-00F954785A79	FILE_OBJECT_FILE	EVENT_CLOSE	1523030920786106922
C5A87CDD-39B4-11E8-BF66-D9AA8AFF4A69	SUBJECT_PROCESS	F802C467-68D3-4950-9368-CE2BE049BD5D	FILE_OBJECT_FILE	EVENT_MMAP	1523030920786106922
C5A859C6-39B4-11E8-BF66-D9AA8AFF4A69	SUBJECT_PROCESS	D57B2A07-B373-B75A-B3B3-93790AB76535	FILE_OBJECT_FILE	EVENT_OPEN	1523030920786106922
C5A87CDD-39B4-11E8-BF66-D9AA8AFF4A69	SUBJECT_PROCESS	F802C467-68D3-4950-9368-CE2BE049BD5D	FILE_OBJECT_FILE	EVENT_MMAP	1523030920786106922
C5A87CDD-39B4-11E8-BF66-D9AA8AFF4A69	SUBJECT_PROCESS	F802C467-68D3-4950-9368-CE2BE049BD5D	FILE_OBJECT_FILE	EVENT_MMAP	1523030920786106922
C5A859C6-39B4-11E8-BF66-D9AA8AFF4A69	SUBJECT_PROCESS	D57B2A07-B373-B75A-B3B3-93790AB76535	FILE_OBJECT_FILE	EVENT_MMAP	1523030920786106922
C5A87CDD-39B4-11E8-BF66-D9AA8AFF4A69	SUBJECT_PROCESS	F802C467-68D3-4950-9368-CE2BE049BD5D	FILE_OBJECT_FILE	EVENT_MMAP	1523030920786106922
C5A859C6-39B4-11E8-BF66-D9AA8AFF4A69	SUBJECT_PROCESS	D57B2A07-B373-B75A-B3B3-93790AB76535	FILE_OBJECT_FILE	EVENT_MMAP	1523030920786106922
C5A87CDD-39B4-11E8-BF66-D9AA8AFF4A69	SUBJECT_PROCESS	F802C467-68D3-4950-9368-CE2BE049BD5D	FILE_OBJECT_FILE	EVENT_MMAP	1523030920786106922
C5A87CDD-39B4-11E8-BF66-D9AA8AFF4A69	SUBJECT_PROCESS	F802C467-68D3-4950-9368-CE2BE049BD5D	FILE_OBJECT_FILE	EVENT_MMAP	1523030920786106922
C5A859C6-39B4-11E8-BF66-D9AA8AFF4A69	SUBJECT_PROCESS	D57B2A07-B373-B75A-B3B3-93790AB76535	FILE_OBJECT_FILE	EVENT_MMAP	1523030920786106922
C5A87CDD-39B4-11E8-BF66-D9AA8AFF4A69	SUBJECT_PROCESS	F802C467-68D3-4950-9368-CE2BE049BD5D	FILE_OBJECT_FILE	EVENT_CLOSE	1523030920786106922
C5A859C6-39B4-11E8-BF66-D9AA8AFF4A69	SUBJECT_PROCESS	D57B2A07-B373-B75A-B3B3-93790AB76535	FILE_OBJECT_FILE	EVENT_MMAP	1523030920786106922
C5A87CDD-39B4-11E8-BF66-D9AA8AFF4A69	SUBJECT_PROCESS	4712EA4F-DAE8-DB53-A8DA-6C9F43DB784D	FILE_OBJECT_FILE	EVENT_OPEN	1523030920786106922
C5A87CDD-39B4-11E8-BF66-D9AA8AFF4A69	SUBJECT_PROCESS	4712EA4F-DAE8-DB53-A8DA-6C9F43DB784D	FILE_OBJECT_FILE	EVENT_MMAP	1523030920786106922
C5A859C6-39B4-11E8-BF66-D9AA8AFF4A69	SUBJECT_PROCESS	D57B2A07-B373-B75A-B3B3-93790AB76535	FILE_OBJECT_FILE	EVENT_MMAP	1523030920786106922
C5A87CDD-39B4-11E8-BF66-D9AA8AFF4A69	SUBJECT_PROCESS	4712EA4F-DAE8-DB53-A8DA-6C9F43DB784D	FILE_OBJECT_FILE	EVENT_MMAP	1523030920786106922
C5A859C6-39B4-11E8-BF66-D9AA8AFF4A69	SUBJECT_PROCESS	D57B2A07-B373-B75A-B3B3-93790AB76535	FILE_OBJECT_FILE	EVENT_MMAP	1523030920786106922
C5A87CDD-39B4-11E8-BF66-D9AA8AFF4A69	SUBJECT_PROCESS	4712EA4F-DAE8-DB53-A8DA-6C9F43DB784D	FILE_OBJECT_FILE	EVENT_MMAP	1523030920786106922
C5A87CDD-39B4-11E8-BF66-D9AA8AFF4A69	SUBJECT_PROCESS	4712EA4F-DAE8-DB53-A8DA-6C9F43DB784D	FILE_OBJECT_FILE	EVENT_MMAP	1523030920786106922
C5A859C6-39B4-11E8-BF66-D9AA8AFF4A69	SUBJECT_PROCESS	D57B2A07-B373-B75A-B3B3-93790AB76535	FILE_OBJECT_FILE	EVENT_CLOSE	1523030920786106922
C5A87CDD-39B4-11E8-BF66-D9AA8AFF4A69	SUBJECT_PROCESS	4712EA4F-DAE8-DB53-A8DA-6C9F43DB784D	FILE_OBJECT_FILE	EVENT_MMAP	1523030920786106922
C5A87CDD-39B4-11E8-BF66-D9AA8AFF4A69	SUBJECT_PROCESS	4712EA4F-DAE8-DB53-A8DA-6C9F43DB784D	FILE_OBJECT_FILE	EVENT_MMAP	1523030920786106922
C5A859C6-39B4-11E8-BF66-D9AA8AFF4A69	SUBJECT_PROCESS	718F288D-A702-1B5D-82A7-80807D1BB326	FILE_OBJECT_FILE	EVENT_OPEN	1523030920786106922
C5A87CDD-39B4-11E8-BF66-D9AA8AFF4A69	SUBJECT_PROCESS	4712EA4F-DAE8-DB53-A8DA-6C9F43DB784D	FILE_OBJECT_FILE	EVENT_CLOSE	1523030920786106922
C5A859C6-39B4-11E8-BF66-D9AA8AFF4A69	SUBJECT_PROCESS	718F288D-A702-1B5D-82A7-80807D1BB326	FILE_OBJECT_FILE	EVENT_MMAP	1523030920786106922
C5A87CDD-39B4-11E8-BF66-D9AA8AFF4A69	SUBJECT_PROCESS	DEADAC7C-AED5-7E50-95AE-0452707EB22B	FILE_OBJECT_FILE	EVENT_OPEN	1523030920786106922
C5A859C6-39B4-11E8-BF66-D9AA8AFF4A69	SUBJECT_PROCESS	718F288D-A702-1B5D-82A7-80807D1BB326	FILE_OBJECT_FILE	EVENT_MMAP	1523030920786106922
C5A87CDD-39B4-11E8-BF66-D9AA8AFF4A69	SUBJECT_PROCESS	DEADAC7C-AED5-7E50-95AE-0452707EB22B	FILE_OBJECT_FILE	EVENT_MMAP	1523030920786106922
C5A87CDD-39B4-11E8-BF66-D9AA8AFF4A69	SUBJECT_PROCESS	DEADAC7C-AED5-7E50-95AE-0452707EB22B	FILE_OBJECT_FILE	EVENT_MMAP	1523030920786106922
C5A859C6-39B4-11E8-BF66-D9AA8AFF4A69	SUBJECT_PROCESS	718F288D-A702-1B5D-82A7-80807D1BB326	FILE_OBJECT_FILE	EVENT_MMAP	1523030920786106922
C5A87CDD-39B4-11E8-BF66-D9AA8AFF4A69	SUBJECT_PROCESS	DEADAC7C-AED5-7E50-95AE-0452707EB22B	FILE_OBJECT_FILE	EVENT_MMAP	1523030920786106922
C5A87CDD-39B4-11E8-BF66-D9AA8AFF4A69	SUBJECT_PROCESS	DEADAC7C-AED5-7E50-95AE-0452707EB22B	FILE_OBJECT_FILE	EVENT_MMAP	1523030920786106922
C5A859C6-39B4-11E8-BF66-D9AA8AFF4A69	SUBJECT_PROCESS	718F288D-A702-1B5D-82A7-80807D1BB326	FILE_OBJECT_FILE	EVENT_MMAP	1523030920786106922
C5A87CDD-39B4-11E8-BF66-D9AA8AFF4A69	SUBJECT_PROCESS	DEADAC7C-AED5-7E50-95AE-0452707EB22B	FILE_OBJECT_FILE	EVENT_MMAP	1523030920786106922
C5A859C6-39B4-11E8-BF66-D9AA8AFF4A69	SUBJECT_PROCESS	718F288D-A702-1B5D-82A7-80807D1BB326	FILE_OBJECT_FILE	EVENT_MMAP	1523030920796110073
C5A87CDD-39B4-11E8-BF66-D9AA8AFF4A69	SUBJECT_PROCESS	DEADAC7C-AED5-7E50-95AE-0452707EB22B	FILE_OBJECT_FILE	EVENT_MMAP	1523030920796110073
C5A87CDD-39B4-11E8-BF66-D9AA8AFF4A69	SUBJECT_PROCESS	DEADAC7C-AED5-7E50-95AE-0452707EB22B	FILE_OBJECT_FILE	EVENT_CLOSE	1523030920796110073
C5A859C6-39B4-11E8-BF66-D9AA8AFF4A69	SUBJECT_PROCESS	718F288D-A702-1B5D-82A7-80807D1BB326	FILE_OBJECT_FILE	EVENT_MMAP	1523030920796110073
C5A87CDD-39B4-11E8-BF66-D9AA8AFF4A69	SUBJECT_PROCESS	76A739B1-A13E-FD50-BEA1-B218A0FD0400	FILE_OBJECT_FILE	EVENT_OPEN	1523030920796110073
C5A859C6-39B4-11E8-BF66-D9AA8AFF4A69	SUBJECT_PROCESS	718F288D-A702-1B5D-82A7-80807D1BB326	FILE_OBJECT_FILE	EVENT_CLOSE	1523030920796110073
C5A87CDD-39B4-11E8-BF66-D9AA8AFF4A69	SUBJECT_PROCESS	76A739B1-A13E-FD50-BEA1-B218A0FD0400	FILE_OBJECT_FILE	EVENT_MMAP	1523030920796110073
C5A859C6-39B4-11E8-BF66-D9AA8AFF4A69	SUBJECT_PROCESS	D3F11983-FFD7-8A58-97FF-D38E388A1453	FILE_OBJECT_FILE	EVENT_OPEN	1523030920796110073
C5A87CDD-39B4-11E8-BF66-D9AA8AFF4A69	SUBJECT_PROCESS	76A739B1-A13E-FD50-BEA1-B218A0FD0400	FILE_OBJECT_FILE	EVENT_MMAP	1523030920796110073
C5A87CDD-39B4-11E8-BF66-D9AA8AFF4A69	SUBJECT_PROCESS	76A739B1-A13E-FD50-BEA1-B218A0FD0400	FILE_OBJECT_FILE	EVENT_MMAP	1523030920796110073
C5A859C6-39B4-11E8-BF66-D9AA8AFF4A69	SUBJECT_PROCESS	D3F11983-FFD7-8A58-97FF-D38E388A1453	FILE_OBJECT_FILE	EVENT_MMAP	1523030920796110073
C5A87CDD-39B4-11E8-BF66-D9AA8AFF4A69	SUBJECT_PROCESS	76A739B1-A13E-FD50-BEA1-B218A0FD0400	FILE_OBJECT_FILE	EVENT_MMAP	1523030920796110073
C5A859C6-39B4-11E8-BF66-D9AA8AFF4A69	SUBJECT_PROCESS	D3F11983-FFD7-8A58-97FF-D38E388A1453	FILE_OBJECT_FILE	EVENT_MMAP	1523030920796110073
C5A87CDD-39B4-11E8-BF66-D9AA8AFF4A69	SUBJECT_PROCESS	76A739B1-A13E-FD50-BEA1-B218A0FD0400	FILE_OBJECT_FILE	EVENT_MMAP	1523030920796110073
C5A87CDD-39B4-11E8-BF66-D9AA8AFF4A69	SUBJECT_PROCESS	76A739B1-A13E-FD50-BEA1-B218A0FD0400	FILE_OBJECT_FILE	EVENT_MMAP	1523030920796110073
C5A859C6-39B4-11E8-BF66-D9AA8AFF4A69	SUBJECT_PROCESS	D3F11983-FFD7-8A58-97FF-D38E388A1453	FILE_OBJECT_FILE	EVENT_MMAP	1523030920796110073
C5A87CDD-39B4-11E8-BF66-D9AA8AFF4A69	SUBJECT_PROCESS	76A739B1-A13E-FD50-BEA1-B218A0FD0400	FILE_OBJECT_FILE	EVENT_CLOSE	1523030920796110073
C5A859C6-39B4-11E8-BF66-D9AA8AFF4A69	SUBJECT_PROCESS	D3F11983-FFD7-8A58-97FF-D38E388A1453	FILE_OBJECT_FILE	EVENT_MMAP	1523030920796110073
C5A859C6-39B4-11E8-BF66-D9AA8AFF4A69	SUBJECT_PROCESS	D3F11983-FFD7-8A58-97FF-D38E388A1453	FILE_OBJECT_FILE	EVENT_MMAP	1523030920796110073
C5A87CDD-39B4-11E8-BF66-D9AA8AFF4A69	SUBJECT_PROCESS	F410BE96-4C0C-765E-8C4C-6F0E2E760020	FILE_OBJECT_FILE	EVENT_OPEN	1523030920796110073
C5A87CDD-39B4-11E8-BF66-D9AA8AFF4A69	SUBJECT_PROCESS	F410BE96-4C0C-765E-8C4C-6F0E2E760020	FILE_OBJECT_FILE	EVENT_MMAP	1523030920796110073
C5A859C6-39B4-11E8-BF66-D9AA8AFF4A69	SUBJECT_PROCESS	D3F11983-FFD7-8A58-97FF-D38E388A1453	FILE_OBJECT_FILE	EVENT_MMAP	1523030920796110073
C5A87CDD-39B4-11E8-BF66-D9AA8AFF4A69	SUBJECT_PROCESS	F410BE96-4C0C-765E-8C4C-6F0E2E760020	FILE_OBJECT_FILE	EVENT_MMAP	1523030920796110073
C5A859C6-39B4-11E8-BF66-D9AA8AFF4A69	SUBJECT_PROCESS	D3F11983-FFD7-8A58-97FF-D38E388A1453	FILE_OBJECT_FILE	EVENT_CLOSE	1523030920796110073
C5A87CDD-39B4-11E8-BF66-D9AA8AFF4A69	SUBJECT_PROCESS	F410BE96-4C0C-765E-8C4C-6F0E2E760020	FILE_OBJECT_FILE	EVENT_CLOSE	1523030920796110073
C5A859C6-39B4-11E8-BF66-D9AA8AFF4A69	SUBJECT_PROCESS	0905A02C-D979-5D57-B9D9-F12D475D7A9B	FILE_OBJECT_FILE	EVENT_OPEN	1523030920796110073
C5A859C6-39B4-11E8-BF66-D9AA8AFF4A69	SUBJECT_PROCESS	0905A02C-D979-5D57-B9D9-F12D475D7A9B	FILE_OBJECT_FILE	EVENT_MMAP	1523030920796110073
C5A859C6-39B4-11E8-BF66-D9AA8AFF4A69	SUBJECT_PROCESS	0905A02C-D979-5D57-B9D9-F12D475D7A9B	FILE_OBJECT_FILE	EVENT_MMAP	1523030920796110073
C5A859C6-39B4-11E8-BF66-D9AA8AFF4A69	SUBJECT_PROCESS	0905A02C-D979-5D57-B9D9-F12D475D7A9B	FILE_OBJECT_FILE	EVENT_MMAP	1523030920796110073
C5A859C6-39B4-11E8-BF66-D9AA8AFF4A69	SUBJECT_PROCESS	0905A02C-D979-5D57-B9D9-F12D475D7A9B	FILE_OBJECT_FILE	EVENT_MMAP	1523030920796110073
C5A859C6-39B4-11E8-BF66-D9AA8AFF4A69	SUBJECT_PROCESS	0905A02C-D979-5D57-B9D9-F12D475D7A9B	FILE_OBJECT_FILE	EVENT_MMAP	1523030920796110073
C5A859C6-39B4-11E8-BF66-D9AA8AFF4A69	SUBJECT_PROCESS	0905A02C-D979-5D57-B9D9-F12D475D7A9B	FILE_OBJECT_FILE	EVENT_MMAP	1523030920796110073
C5A859C6-39B4-11E8-BF66-D9AA8AFF4A69	SUBJECT_PROCESS	0905A02C-D979-5D57-B9D9-F12D475D7A9B	FILE_OBJECT_FILE	EVENT_CLOSE	1523030920796110073
C5A859C6-39B4-11E8-BF66-D9AA8AFF4A69	SUBJECT_PROCESS	76A739B1-A13E-FD50-BEA1-B218A0FD0400	FILE_OBJECT_FILE	EVENT_OPEN	1523030920796110073
C5A859C6-39B4-11E8-BF66-D9AA8AFF4A69	SUBJECT_PROCESS	76A739B1-A13E-FD50-BEA1-B218A0FD0400	FILE_OBJECT_FILE	EVENT_MMAP	1523030920796110073
C5A859C6-39B4-11E8-BF66-D9AA8AFF4A69	SUBJECT_PROCESS	76A739B1-A13E-FD50-BEA1-B218A0FD0400	FILE_OBJECT_FILE	EVENT_MMAP	1523030920806109744
72FB0406-3678-11E8-BF66-D9AA8AFF4A69	SUBJECT_PROCESS	C5151C17-39B4-11E8-BF66-D9AA8AFF4A69	FILE_OBJECT_UNIX_SOCKET	EVENT_CLOSE	1523030920806109744
72FB0406-3678-11E8-BF66-D9AA8AFF4A69	SUBJECT_PROCESS	C5151CB6-39B4-11E8-BF66-D9AA8AFF4A69	FILE_OBJECT_UNIX_SOCKET	EVENT_CLOSE	1523030920806109744
C5A859C6-39B4-11E8-BF66-D9AA8AFF4A69	SUBJECT_PROCESS	76A739B1-A13E-FD50-BEA1-B218A0FD0400	FILE_OBJECT_FILE	EVENT_MMAP	1523030920806109744
C5A859C6-39B4-11E8-BF66-D9AA8AFF4A69	SUBJECT_PROCESS	76A739B1-A13E-FD50-BEA1-B218A0FD0400	FILE_OBJECT_FILE	EVENT_MMAP	1523030920806109744
C5A859C6-39B4-11E8-BF66-D9AA8AFF4A69	SUBJECT_PROCESS	76A739B1-A13E-FD50-BEA1-B218A0FD0400	FILE_OBJECT_FILE	EVENT_MMAP	1523030920806109744
72FB0406-3678-11E8-BF66-D9AA8AFF4A69	SUBJECT_PROCESS	C5AC0078-39B4-11E8-BF66-D9AA8AFF4A69	FILE_OBJECT_UNIX_SOCKET	EVENT_CREATE_OBJECT	1523030920806109744
72FB0406-3678-11E8-BF66-D9AA8AFF4A69	SUBJECT_PROCESS	C5AC00E1-39B4-11E8-BF66-D9AA8AFF4A69	FILE_OBJECT_UNIX_SOCKET	EVENT_CREATE_OBJECT	1523030920806109744
C5A859C6-39B4-11E8-BF66-D9AA8AFF4A69	SUBJECT_PROCESS	76A739B1-A13E-FD50-BEA1-B218A0FD0400	FILE_OBJECT_FILE	EVENT_MMAP	1523030920806109744
C5A859C6-39B4-11E8-BF66-D9AA8AFF4A69	SUBJECT_PROCESS	76A739B1-A13E-FD50-BEA1-B218A0FD0400	FILE_OBJECT_FILE	EVENT_CLOSE	1523030920806109744
C5A859C6-39B4-11E8-BF66-D9AA8AFF4A69	SUBJECT_PROCESS	F29977F6-07A2-935B-A207-C4871B93FE07	FILE_OBJECT_FILE	EVENT_OPEN	1523030920806109744
C5A859C6-39B4-11E8-BF66-D9AA8AFF4A69	SUBJECT_PROCESS	F29977F6-07A2-935B-A207-C4871B93FE07	FILE_OBJECT_FILE	EVENT_MMAP	1523030920806109744
C5A859C6-39B4-11E8-BF66-D9AA8AFF4A69	SUBJECT_PROCESS	F29977F6-07A2-935B-A207-C4871B93FE07	FILE_OBJECT_FILE	EVENT_MMAP	1523030920806109744
C5A859C6-39B4-11E8-BF66-D9AA8AFF4A69	SUBJECT_PROCESS	F29977F6-07A2-935B-A207-C4871B93FE07	FILE_OBJECT_FILE	EVENT_MMAP	1523030920806109744
C5A859C6-39B4-11E8-BF66-D9AA8AFF4A69	SUBJECT_PROCESS	F29977F6-07A2-935B-A207-C4871B93FE07	FILE_OBJECT_FILE	EVENT_MMAP	1523030920806109744
C5A859C6-39B4-11E8-BF66-D9AA8AFF4A69	SUBJECT_PROCESS	F29977F6-07A2-935B-A207-C4871B93FE07	FILE_OBJECT_FILE	EVENT_MMAP	1523030920806109744
C5A859C6-39B4-11E8-BF66-D9AA8AFF4A69	SUBJECT_PROCESS	F29977F6-07A2-935B-A207-C4871B93FE07	FILE_OBJECT_FILE	EVENT_MMAP	1523030920806109744
C5A859C6-39B4-11E8-BF66-D9AA8AFF4A69	SUBJECT_PROCESS	F29977F6-07A2-935B-A207-C4871B93FE07	FILE_OBJECT_FILE	EVENT_CLOSE	1523030920806109744
C5A859C6-39B4-11E8-BF66-D9AA8AFF4A69	SUBJECT_PROCESS	9FF334BB-9072-D756-B290-556656D73728	FILE_OBJECT_FILE	EVENT_OPEN	1523030920806109744
C5A859C6-39B4-11E8-BF66-D9AA8AFF4A69	SUBJECT_PROCESS	9FF334BB-9072-D756-B290-556656D73728	FILE_OBJECT_FILE	EVENT_MMAP	1523030920806109744
C5A859C6-39B4-11E8-BF66-D9AA8AFF4A69	SUBJECT_PROCESS	9FF334BB-9072-D756-B290-556656D73728	FILE_OBJECT_FILE	EVENT_MMAP	1523030920806109744
C5A859C6-39B4-11E8-BF66-D9AA8AFF4A69	SUBJECT_PROCESS	9FF334BB-9072-D756-B290-556656D73728	FILE_OBJECT_FILE	EVENT_MMAP	1523030920806109744
C5A859C6-39B4-11E8-BF66-D9AA8AFF4A69	SUBJECT_PROCESS	9FF334BB-9072-D756-B290-556656D73728	FILE_OBJECT_FILE	EVENT_MMAP	1523030920806109744
C5A859C6-39B4-11E8-BF66-D9AA8AFF4A69	SUBJECT_PROCESS	9FF334BB-9072-D756-B290-556656D73728	FILE_OBJECT_FILE	EVENT_MMAP	1523030920806109744
C5A859C6-39B4-11E8-BF66-D9AA8AFF4A69	SUBJECT_PROCESS	9FF334BB-9072-D756-B290-556656D73728	FILE_OBJECT_FILE	EVENT_MMAP	1523030920806109744
C5A859C6-39B4-11E8-BF66-D9AA8AFF4A69	SUBJECT_PROCESS	9FF334BB-9072-D756-B290-556656D73728	FILE_OBJECT_FILE	EVENT_CLOSE	1523030920816111664
C5A859C6-39B4-11E8-BF66-D9AA8AFF4A69	SUBJECT_PROCESS	F410BE96-4C0C-765E-8C4C-6F0E2E760020	FILE_OBJECT_FILE	EVENT_OPEN	1523030920816111664
C5A859C6-39B4-11E8-BF66-D9AA8AFF4A69	SUBJECT_PROCESS	F410BE96-4C0C-765E-8C4C-6F0E2E760020	FILE_OBJECT_FILE	EVENT_MMAP	1523030920816111664
C5A859C6-39B4-11E8-BF66-D9AA8AFF4A69	SUBJECT_PROCESS	F410BE96-4C0C-765E-8C4C-6F0E2E760020	FILE_OBJECT_FILE	EVENT_MMAP	1523030920816111664
C5A859C6-39B4-11E8-BF66-D9AA8AFF4A69	SUBJECT_PROCESS	F410BE96-4C0C-765E-8C4C-6F0E2E760020	FILE_OBJECT_FILE	EVENT_CLOSE	1523030920816111664
C5A859C6-39B4-11E8-BF66-D9AA8AFF4A69	SUBJECT_PROCESS	1633500B-D34B-8058-8BD3-ABB7D880915E	FILE_OBJECT_FILE	EVENT_OPEN	1523030920816111664
C5A859C6-39B4-11E8-BF66-D9AA8AFF4A69	SUBJECT_PROCESS	1633500B-D34B-8058-8BD3-ABB7D880915E	FILE_OBJECT_FILE	EVENT_OPEN	1523030920816111664
C5A859C6-39B4-11E8-BF66-D9AA8AFF4A69	SUBJECT_PROCESS	BCDBE64D-1703-005A-8317-44DD6A00589D	FILE_OBJECT_FILE	EVENT_OPEN	1523030920816111664
C5A859C6-39B4-11E8-BF66-D9AA8AFF4A69	SUBJECT_PROCESS	BCDBE64D-1703-005A-8317-44DD6A00589D	FILE_OBJECT_FILE	EVENT_READ	1523030920826112175
C5A859C6-39B4-11E8-BF66-D9AA8AFF4A69	SUBJECT_PROCESS	BCDBE64D-1703-005A-8317-44DD6A00589D	FILE_OBJECT_FILE	EVENT_READ	1523030920826112175
C5A859C6-39B4-11E8-BF66-D9AA8AFF4A69	SUBJECT_PROCESS	BCDBE64D-1703-005A-8317-44DD6A00589D	FILE_OBJECT_FILE	EVENT_CLOSE	1523030920826112175
C5A859C6-39B4-11E8-BF66-D9AA8AFF4A69	SUBJECT_PROCESS	C53609B6-A912-B65B-92A9-B89E0BB6C2E1	FILE_OBJECT_FILE	EVENT_OPEN	1523030920826112175
C5A859C6-39B4-11E8-BF66-D9AA8AFF4A69	SUBJECT_PROCESS	C53609B6-A912-B65B-92A9-B89E0BB6C2E1	FILE_OBJECT_FILE	EVENT_READ	1523030920826112175
C5A859C6-39B4-11E8-BF66-D9AA8AFF4A69	SUBJECT_PROCESS	C53609B6-A912-B65B-92A9-B89E0BB6C2E1	FILE_OBJECT_FILE	EVENT_READ	1523030920826112175
C5A859C6-39B4-11E8-BF66-D9AA8AFF4A69	SUBJECT_PROCESS	C53609B6-A912-B65B-92A9-B89E0BB6C2E1	FILE_OBJECT_FILE	EVENT_READ	1523030920826112175
C5A859C6-39B4-11E8-BF66-D9AA8AFF4A69	SUBJECT_PROCESS	AE441C70-DEC0-BD5F-80DE-3DE4DFBDF253	FILE_OBJECT_FILE	EVENT_OPEN	1523030920826112175
C5A859C6-39B4-11E8-BF66-D9AA8AFF4A69	SUBJECT_PROCESS	AE441C70-DEC0-BD5F-80DE-3DE4DFBDF253	FILE_OBJECT_FILE	EVENT_READ	1523030920826112175
C5A859C6-39B4-11E8-BF66-D9AA8AFF4A69	SUBJECT_PROCESS	AE441C70-DEC0-BD5F-80DE-3DE4DFBDF253	FILE_OBJECT_FILE	EVENT_CLOSE	1523030920826112175
C5A859C6-39B4-11E8-BF66-D9AA8AFF4A69	SUBJECT_PROCESS	104A8C35-2200-3156-8022-4129E631EA52	FILE_OBJECT_FILE	EVENT_OPEN	1523030920826112175
C5A859C6-39B4-11E8-BF66-D9AA8AFF4A69	SUBJECT_PROCESS	104A8C35-2200-3156-8022-4129E631EA52	FILE_OBJECT_FILE	EVENT_READ	1523030920826112175
C5A859C6-39B4-11E8-BF66-D9AA8AFF4A69	SUBJECT_PROCESS	104A8C35-2200-3156-8022-4129E631EA52	FILE_OBJECT_FILE	EVENT_CLOSE	1523030920826112175
C5A859C6-39B4-11E8-BF66-D9AA8AFF4A69	SUBJECT_PROCESS	C53609B6-A912-B65B-92A9-B89E0BB6C2E1	FILE_OBJECT_FILE	EVENT_READ	1523030920826112175
C5A859C6-39B4-11E8-BF66-D9AA8AFF4A69	SUBJECT_PROCESS	C53609B6-A912-B65B-92A9-B89E0BB6C2E1	FILE_OBJECT_FILE	EVENT_READ	1523030920826112175
C5A859C6-39B4-11E8-BF66-D9AA8AFF4A69	SUBJECT_PROCESS	C53609B6-A912-B65B-92A9-B89E0BB6C2E1	FILE_OBJECT_FILE	EVENT_READ	1523030920836107616
C5A859C6-39B4-11E8-BF66-D9AA8AFF4A69	SUBJECT_PROCESS	C53609B6-A912-B65B-92A9-B89E0BB6C2E1	FILE_OBJECT_FILE	EVENT_READ	1523030920836107616
C5A859C6-39B4-11E8-BF66-D9AA8AFF4A69	SUBJECT_PROCESS	C53609B6-A912-B65B-92A9-B89E0BB6C2E1	FILE_OBJECT_FILE	EVENT_READ	1523030920836107616
C5A859C6-39B4-11E8-BF66-D9AA8AFF4A69	SUBJECT_PROCESS	C53609B6-A912-B65B-92A9-B89E0BB6C2E1	FILE_OBJECT_FILE	EVENT_READ	1523030920836107616
C5A859C6-39B4-11E8-BF66-D9AA8AFF4A69	SUBJECT_PROCESS	5D817B74-5EC0-5FB8-8448-D141BA4D4765	UnnamedPipeObject	EVENT_WRITE	1523030920836107616
C5A87CDD-39B4-11E8-BF66-D9AA8AFF4A69	SUBJECT_PROCESS	5D817B74-5EC0-5FB8-8448-D141BA4D4765	UnnamedPipeObject	EVENT_READ	1523030920836107616
C5A859C6-39B4-11E8-BF66-D9AA8AFF4A69	SUBJECT_PROCESS	5D817B74-5EC0-5FB8-8448-D141BA4D4765	UnnamedPipeObject	EVENT_WRITE	1523030920836107616
C5A87CDD-39B4-11E8-BF66-D9AA8AFF4A69	SUBJECT_PROCESS	5D817B74-5EC0-5FB8-8448-D141BA4D4765	UnnamedPipeObject	EVENT_READ	1523030920836107616
C5A87CDD-39B4-11E8-BF66-D9AA8AFF4A69	SUBJECT_PROCESS	17797A5B-A3BC-8450-BCA3-FD703084DDDB	FILE_OBJECT_FILE	EVENT_WRITE	1523030920836107616
C5A859C6-39B4-11E8-BF66-D9AA8AFF4A69	SUBJECT_PROCESS	5D817B74-5EC0-5FB8-8448-D141BA4D4765	UnnamedPipeObject	EVENT_WRITE	1523030920836107616
C5A87CDD-39B4-11E8-BF66-D9AA8AFF4A69	SUBJECT_PROCESS	5D817B74-5EC0-5FB8-8448-D141BA4D4765	UnnamedPipeObject	EVENT_READ	1523030920836107616
C5A87CDD-39B4-11E8-BF66-D9AA8AFF4A69	SUBJECT_PROCESS	17797A5B-A3BC-8450-BCA3-FD703084DDDB	FILE_OBJECT_FILE	EVENT_WRITE	1523030920836107616
C5A859C6-39B4-11E8-BF66-D9AA8AFF4A69	SUBJECT_PROCESS	C5A859C6-39B4-11E8-BF66-D9AA8AFF4A69	SUBJECT_PROCESS	EVENT_EXIT	1523030920836107616
C5A87CDD-39B4-11E8-BF66-D9AA8AFF4A69	SUBJECT_PROCESS	5D817B74-5EC0-5FB8-8448-D141BA4D4765	UnnamedPipeObject	EVENT_READ	1523030920836107616
C5A87CDD-39B4-11E8-BF66-D9AA8AFF4A69	SUBJECT_PROCESS	17797A5B-A3BC-8450-BCA3-FD703084DDDB	FILE_OBJECT_FILE	EVENT_CLOSE	1523030920836107616
C5A87CDD-39B4-11E8-BF66-D9AA8AFF4A69	SUBJECT_PROCESS	C5A87CDD-39B4-11E8-BF66-D9AA8AFF4A69	SUBJECT_PROCESS	EVENT_EXIT	1523030920836107616
94ED0D0E-39B4-11E8-BF66-D9AA8AFF4A69	SUBJECT_PROCESS	17797A5B-A3BC-8450-BCA3-FD703084DDDB	FILE_OBJECT_FILE	EVENT_WRITE	1523030920836107616
D3822AFC-39AF-11E8-BF66-D9AA8AFF4A69	SUBJECT_PROCESS	D384652A-39AF-11E8-BF66-D9AA8AFF4A69	NetFlowObject	EVENT_RECVFROM	1523030920946116385
D3822AFC-39AF-11E8-BF66-D9AA8AFF4A69	SUBJECT_PROCESS	D384652A-39AF-11E8-BF66-D9AA8AFF4A69	NetFlowObject	EVENT_RECVFROM	1523030920946116385
D3822AFC-39AF-11E8-BF66-D9AA8AFF4A69	SUBJECT_PROCESS	D384652A-39AF-11E8-BF66-D9AA8AFF4A69	NetFlowObject	EVENT_SENDTO	1523030920976108667
D3822AFC-39AF-11E8-BF66-D9AA8AFF4A69	SUBJECT_PROCESS	D384652A-39AF-11E8-BF66-D9AA8AFF4A69	NetFlowObject	EVENT_SENDTO	1523030920976108667
D3822AFC-39AF-11E8-BF66-D9AA8AFF4A69	SUBJECT_PROCESS	D384652A-39AF-11E8-BF66-D9AA8AFF4A69	NetFlowObject	EVENT_RECVFROM	1523030921146116641
D3822AFC-39AF-11E8-BF66-D9AA8AFF4A69	SUBJECT_PROCESS	D384652A-39AF-11E8-BF66-D9AA8AFF4A69	NetFlowObject	EVENT_RECVFROM	1523030921186111534
D3822AFC-39AF-11E8-BF66-D9AA8AFF4A69	SUBJECT_PROCESS	D384652A-39AF-11E8-BF66-D9AA8AFF4A69	NetFlowObject	EVENT_RECVFROM	1523030921186111534
D3822AFC-39AF-11E8-BF66-D9AA8AFF4A69	SUBJECT_PROCESS	D384652A-39AF-11E8-BF66-D9AA8AFF4A69	NetFlowObject	EVENT_RECVFROM	1523030921186111534
D3822AFC-39AF-11E8-BF66-D9AA8AFF4A69	SUBJECT_PROCESS	D384652A-39AF-11E8-BF66-D9AA8AFF4A69	NetFlowObject	EVENT_RECVFROM	1523030921186111534
D3822AFC-39AF-11E8-BF66-D9AA8AFF4A69	SUBJECT_PROCESS	D384652A-39AF-11E8-BF66-D9AA8AFF4A69	NetFlowObject	EVENT_RECVFROM	1523030921186111534
D3822AFC-39AF-11E8-BF66-D9AA8AFF4A69	SUBJECT_PROCESS	D384652A-39AF-11E8-BF66-D9AA8AFF4A69	NetFlowObject	EVENT_RECVFROM	1523030921186111534
D3822AFC-39AF-11E8-BF66-D9AA8AFF4A69	SUBJECT_PROCESS	D384652A-39AF-11E8-BF66-D9AA8AFF4A69	NetFlowObject	EVENT_RECVFROM	1523030921246108548
D3822AFC-39AF-11E8-BF66-D9AA8AFF4A69	SUBJECT_PROCESS	D384652A-39AF-11E8-BF66-D9AA8AFF4A69	NetFlowObject	EVENT_RECVFROM	1523030921246108548
D3822AFC-39AF-11E8-BF66-D9AA8AFF4A69	SUBJECT_PROCESS	D384652A-39AF-11E8-BF66-D9AA8AFF4A69	NetFlowObject	EVENT_RECVFROM	1523030921246108548
D3822AFC-39AF-11E8-BF66-D9AA8AFF4A69	SUBJECT_PROCESS	D384652A-39AF-11E8-BF66-D9AA8AFF4A69	NetFlowObject	EVENT_RECVFROM	1523030921246108548
D3822AFC-39AF-11E8-BF66-D9AA8AFF4A69	SUBJECT_PROCESS	D384652A-39AF-11E8-BF66-D9AA8AFF4A69	NetFlowObject	EVENT_RECVFROM	1523030921246108548
D3822AFC-39AF-11E8-BF66-D9AA8AFF4A69	SUBJECT_PROCESS	D384652A-39AF-11E8-BF66-D9AA8AFF4A69	NetFlowObject	EVENT_RECVFROM	1523030921346107146
D3822AFC-39AF-11E8-BF66-D9AA8AFF4A69	SUBJECT_PROCESS	D384652A-39AF-11E8-BF66-D9AA8AFF4A69	NetFlowObject	EVENT_RECVFROM	1523030921346107146
D3822AFC-39AF-11E8-BF66-D9AA8AFF4A69	SUBJECT_PROCESS	D384652A-39AF-11E8-BF66-D9AA8AFF4A69	NetFlowObject	EVENT_RECVFROM	1523030921346107146
D3822AFC-39AF-11E8-BF66-D9AA8AFF4A69	SUBJECT_PROCESS	D384652A-39AF-11E8-BF66-D9AA8AFF4A69	NetFlowObject	EVENT_RECVFROM	1523030921446109064
D3822AFC-39AF-11E8-BF66-D9AA8AFF4A69	SUBJECT_PROCESS	D384652A-39AF-11E8-BF66-D9AA8AFF4A69	NetFlowObject	EVENT_RECVFROM	1523030921446109064
D3822AFC-39AF-11E8-BF66-D9AA8AFF4A69	SUBJECT_PROCESS	1633500B-D34B-8058-8BD3-ABB7D880915E	FILE_OBJECT_FILE	EVENT_WRITE	1523030921586107566
D3822AFC-39AF-11E8-BF66-D9AA8AFF4A69	SUBJECT_PROCESS	D384652A-39AF-11E8-BF66-D9AA8AFF4A69	NetFlowObject	EVENT_SENDTO	1523030921586107566
D3822AFC-39AF-11E8-BF66-D9AA8AFF4A69	SUBJECT_PROCESS	D384652A-39AF-11E8-BF66-D9AA8AFF4A69	NetFlowObject	EVENT_SENDTO	1523030921596117736
72FB0406-3678-11E8-BF66-D9AA8AFF4A69	SUBJECT_PROCESS	C5AC0078-39B4-11E8-BF66-D9AA8AFF4A69	FILE_OBJECT_UNIX_SOCKET	EVENT_CLOSE	1523030921806107513
72FB0406-3678-11E8-BF66-D9AA8AFF4A69	SUBJECT_PROCESS	C5AC00E1-39B4-11E8-BF66-D9AA8AFF4A69	FILE_OBJECT_UNIX_SOCKET	EVENT_CLOSE	1523030921806107513
72FB0406-3678-11E8-BF66-D9AA8AFF4A69	SUBJECT_PROCESS	C6452C39-39B4-11E8-BF66-D9AA8AFF4A69	FILE_OBJECT_UNIX_SOCKET	EVENT_CREATE_OBJECT	1523030921806107513
72FB0406-3678-11E8-BF66-D9AA8AFF4A69	SUBJECT_PROCESS	C6452C9D-39B4-11E8-BF66-D9AA8AFF4A69	FILE_OBJECT_UNIX_SOCKET	EVENT_CREATE_OBJECT	1523030921806107513
94ED0D0E-39B4-11E8-BF66-D9AA8AFF4A69	SUBJECT_PROCESS	17797A5B-A3BC-8450-BCA3-FD703084DDDB	FILE_OBJECT_FILE	EVENT_READ	1523030921866108588
94ED0D0E-39B4-11E8-BF66-D9AA8AFF4A69	SUBJECT_PROCESS	17797A5B-A3BC-8450-BCA3-FD703084DDDB	FILE_OBJECT_FILE	EVENT_READ	1523030921866108588
94ED0D0E-39B4-11E8-BF66-D9AA8AFF4A69	SUBJECT_PROCESS	17797A5B-A3BC-8450-BCA3-FD703084DDDB	FILE_OBJECT_FILE	EVENT_READ	1523030921866108588
94ED0D0E-39B4-11E8-BF66-D9AA8AFF4A69	SUBJECT_PROCESS	17797A5B-A3BC-8450-BCA3-FD703084DDDB	FILE_OBJECT_FILE	EVENT_WRITE	1523030921866108588
D3822AFC-39AF-11E8-BF66-D9AA8AFF4A69	SUBJECT_PROCESS	D384652A-39AF-11E8-BF66-D9AA8AFF4A69	NetFlowObject	EVENT_RECVFROM	1523030921946105854
D3822AFC-39AF-11E8-BF66-D9AA8AFF4A69	SUBJECT_PROCESS	D384652A-39AF-11E8-BF66-D9AA8AFF4A69	NetFlowObject	EVENT_RECVFROM	1523030921946105854
D3822AFC-39AF-11E8-BF66-D9AA8AFF4A69	SUBJECT_PROCESS	D384652A-39AF-11E8-BF66-D9AA8AFF4A69	NetFlowObject	EVENT_SENDTO	1523030922016107930
D3822AFC-39AF-11E8-BF66-D9AA8AFF4A69	SUBJECT_PROCESS	D384652A-39AF-11E8-BF66-D9AA8AFF4A69	NetFlowObject	EVENT_SENDTO	1523030922016107930
D3822AFC-39AF-11E8-BF66-D9AA8AFF4A69	SUBJECT_PROCESS	D384652A-39AF-11E8-BF66-D9AA8AFF4A69	NetFlowObject	EVENT_RECVFROM	1523030922146106210
D3822AFC-39AF-11E8-BF66-D9AA8AFF4A69	SUBJECT_PROCESS	D384652A-39AF-11E8-BF66-D9AA8AFF4A69	NetFlowObject	EVENT_RECVFROM	1523030922146106210
D3822AFC-39AF-11E8-BF66-D9AA8AFF4A69	SUBJECT_PROCESS	D384652A-39AF-11E8-BF66-D9AA8AFF4A69	NetFlowObject	EVENT_SENDTO	1523030922226108296
D3822AFC-39AF-11E8-BF66-D9AA8AFF4A69	SUBJECT_PROCESS	D384652A-39AF-11E8-BF66-D9AA8AFF4A69	NetFlowObject	EVENT_SENDTO	1523030922226108296
72FB0406-3678-11E8-BF66-D9AA8AFF4A69	SUBJECT_PROCESS	C6452C39-39B4-11E8-BF66-D9AA8AFF4A69	FILE_OBJECT_UNIX_SOCKET	EVENT_CLOSE	1523030922806108062
72FB0406-3678-11E8-BF66-D9AA8AFF4A69	SUBJECT_PROCESS	C6452C9D-39B4-11E8-BF66-D9AA8AFF4A69	FILE_OBJECT_UNIX_SOCKET	EVENT_CLOSE	1523030922806108062
72FB0406-3678-11E8-BF66-D9AA8AFF4A69	SUBJECT_PROCESS	C6DD5DCD-39B4-11E8-BF66-D9AA8AFF4A69	FILE_OBJECT_UNIX_SOCKET	EVENT_CREATE_OBJECT	1523030922806108062
72FB0406-3678-11E8-BF66-D9AA8AFF4A69	SUBJECT_PROCESS	C6DD5E72-39B4-11E8-BF66-D9AA8AFF4A69	FILE_OBJECT_UNIX_SOCKET	EVENT_CREATE_OBJECT	1523030922806108062
72FB0406-3678-11E8-BF66-D9AA8AFF4A69	SUBJECT_PROCESS	C6DD5DCD-39B4-11E8-BF66-D9AA8AFF4A69	FILE_OBJECT_UNIX_SOCKET	EVENT_CLOSE	1523030923816106833
72FB0406-3678-11E8-BF66-D9AA8AFF4A69	SUBJECT_PROCESS	C6DD5E72-39B4-11E8-BF66-D9AA8AFF4A69	FILE_OBJECT_UNIX_SOCKET	EVENT_CLOSE	1523030923816106833
72FB0406-3678-11E8-BF66-D9AA8AFF4A69	SUBJECT_PROCESS	C7772F82-39B4-11E8-BF66-D9AA8AFF4A69	FILE_OBJECT_UNIX_SOCKET	EVENT_CREATE_OBJECT	1523030923816106833
72FB0406-3678-11E8-BF66-D9AA8AFF4A69	SUBJECT_PROCESS	C7772FE8-39B4-11E8-BF66-D9AA8AFF4A69	FILE_OBJECT_UNIX_SOCKET	EVENT_CREATE_OBJECT	1523030923816106833
72FB0406-3678-11E8-BF66-D9AA8AFF4A69	SUBJECT_PROCESS	C7772F82-39B4-11E8-BF66-D9AA8AFF4A69	FILE_OBJECT_UNIX_SOCKET	EVENT_CLOSE	1523030924806109851
72FB0406-3678-11E8-BF66-D9AA8AFF4A69	SUBJECT_PROCESS	C7772FE8-39B4-11E8-BF66-D9AA8AFF4A69	FILE_OBJECT_UNIX_SOCKET	EVENT_CLOSE	1523030924806109851
72FB0406-3678-11E8-BF66-D9AA8AFF4A69	SUBJECT_PROCESS	C80E876C-39B4-11E8-BF66-D9AA8AFF4A69	FILE_OBJECT_UNIX_SOCKET	EVENT_CREATE_OBJECT	1523030924806109851
72FB0406-3678-11E8-BF66-D9AA8AFF4A69	SUBJECT_PROCESS	C80E8812-39B4-11E8-BF66-D9AA8AFF4A69	FILE_OBJECT_UNIX_SOCKET	EVENT_CREATE_OBJECT	1523030924806109851
72FB0406-3678-11E8-BF66-D9AA8AFF4A69	SUBJECT_PROCESS	C80E876C-39B4-11E8-BF66-D9AA8AFF4A69	FILE_OBJECT_UNIX_SOCKET	EVENT_CLOSE	1523030925816107562
72FB0406-3678-11E8-BF66-D9AA8AFF4A69	SUBJECT_PROCESS	C80E8812-39B4-11E8-BF66-D9AA8AFF4A69	FILE_OBJECT_UNIX_SOCKET	EVENT_CLOSE	1523030925816107562
72FB0406-3678-11E8-BF66-D9AA8AFF4A69	SUBJECT_PROCESS	C8A8915D-39B4-11E8-BF66-D9AA8AFF4A69	FILE_OBJECT_UNIX_SOCKET	EVENT_CREATE_OBJECT	1523030925816107562
72FB0406-3678-11E8-BF66-D9AA8AFF4A69	SUBJECT_PROCESS	C8A891C4-39B4-11E8-BF66-D9AA8AFF4A69	FILE_OBJECT_UNIX_SOCKET	EVENT_CREATE_OBJECT	1523030925816107562
F7496C26-383C-11E8-BF66-D9AA8AFF4A69	SUBJECT_PROCESS	F74953D1-383C-11E8-BF66-D9AA8AFF4A69	NetFlowObject	EVENT_WRITE	1523030926666107509
F7496C26-383C-11E8-BF66-D9AA8AFF4A69	SUBJECT_PROCESS	F74953D1-383C-11E8-BF66-D9AA8AFF4A69	NetFlowObject	EVENT_READ	1523030926666107509
F7496C26-383C-11E8-BF66-D9AA8AFF4A69	SUBJECT_PROCESS	F74953D1-383C-11E8-BF66-D9AA8AFF4A69	NetFlowObject	EVENT_WRITE	1523030926666107509
F7496C26-383C-11E8-BF66-D9AA8AFF4A69	SUBJECT_PROCESS	F74953D1-383C-11E8-BF66-D9AA8AFF4A69	NetFlowObject	EVENT_READ	1523030926666107509
F7496C26-383C-11E8-BF66-D9AA8AFF4A69	SUBJECT_PROCESS	F74953D1-383C-11E8-BF66-D9AA8AFF4A69	NetFlowObject	EVENT_WRITE	1523030926666107509
F7496C26-383C-11E8-BF66-D9AA8AFF4A69	SUBJECT_PROCESS	F74953D1-383C-11E8-BF66-D9AA8AFF4A69	NetFlowObject	EVENT_READ	1523030926666107509
F7496C26-383C-11E8-BF66-D9AA8AFF4A69	SUBJECT_PROCESS	F74953D1-383C-11E8-BF66-D9AA8AFF4A69	NetFlowObject	EVENT_WRITE	1523030926666107509
F7496C26-383C-11E8-BF66-D9AA8AFF4A69	SUBJECT_PROCESS	F74953D1-383C-11E8-BF66-D9AA8AFF4A69	NetFlowObject	EVENT_READ	1523030926676110750
F7496C26-383C-11E8-BF66-D9AA8AFF4A69	SUBJECT_PROCESS	F74953D1-383C-11E8-BF66-D9AA8AFF4A69	NetFlowObject	EVENT_WRITE	1523030926676110750
72FB0406-3678-11E8-BF66-D9AA8AFF4A69	SUBJECT_PROCESS	C8A8915D-39B4-11E8-BF66-D9AA8AFF4A69	FILE_OBJECT_UNIX_SOCKET	EVENT_CLOSE	1523030926816106111
72FB0406-3678-11E8-BF66-D9AA8AFF4A69	SUBJECT_PROCESS	C8A891C4-39B4-11E8-BF66-D9AA8AFF4A69	FILE_OBJECT_UNIX_SOCKET	EVENT_CLOSE	1523030926816106111
72FB0406-3678-11E8-BF66-D9AA8AFF4A69	SUBJECT_PROCESS	C9412A84-39B4-11E8-BF66-D9AA8AFF4A69	FILE_OBJECT_UNIX_SOCKET	EVENT_CREATE_OBJECT	1523030926816106111
72FB0406-3678-11E8-BF66-D9AA8AFF4A69	SUBJECT_PROCESS	C9412AF7-39B4-11E8-BF66-D9AA8AFF4A69	FILE_OBJECT_UNIX_SOCKET	EVENT_CREATE_OBJECT	1523030926816106111
D3822AFC-39AF-11E8-BF66-D9AA8AFF4A69	SUBJECT_PROCESS	D384652A-39AF-11E8-BF66-D9AA8AFF4A69	NetFlowObject	EVENT_RECVFROM	1523030926846106223
D3822AFC-39AF-11E8-BF66-D9AA8AFF4A69	SUBJECT_PROCESS	D384652A-39AF-11E8-BF66-D9AA8AFF4A69	NetFlowObject	EVENT_RECVFROM	1523030926846106223
94ED0D0E-39B4-11E8-BF66-D9AA8AFF4A69	SUBJECT_PROCESS	17797A5B-A3BC-8450-BCA3-FD703084DDDB	FILE_OBJECT_FILE	EVENT_READ	1523030926876107596
94ED0D0E-39B4-11E8-BF66-D9AA8AFF4A69	SUBJECT_PROCESS	17797A5B-A3BC-8450-BCA3-FD703084DDDB	FILE_OBJECT_FILE	EVENT_WRITE	1523030926876107596
D3822AFC-39AF-11E8-BF66-D9AA8AFF4A69	SUBJECT_PROCESS	57F81A85-12E4-0A52-A412-AF02620A2A60	FILE_OBJECT_FILE	EVENT_OPEN	1523030926896106357
D3822AFC-39AF-11E8-BF66-D9AA8AFF4A69	SUBJECT_PROCESS	57F81A85-12E4-0A52-A412-AF02620A2A60	FILE_OBJECT_FILE	EVENT_OPEN	1523030926896106357
D3822AFC-39AF-11E8-BF66-D9AA8AFF4A69	SUBJECT_PROCESS	D384652A-39AF-11E8-BF66-D9AA8AFF4A69	NetFlowObject	EVENT_SENDTO	1523030926896106357
D3822AFC-39AF-11E8-BF66-D9AA8AFF4A69	SUBJECT_PROCESS	D384652A-39AF-11E8-BF66-D9AA8AFF4A69	NetFlowObject	EVENT_SENDTO	1523030926896106357
D3822AFC-39AF-11E8-BF66-D9AA8AFF4A69	SUBJECT_PROCESS	57F81A85-12E4-0A52-A412-AF02620A2A60	FILE_OBJECT_FILE	EVENT_CLOSE	1523030926906107628
94ED0D0E-39B4-11E8-BF66-D9AA8AFF4A69	SUBJECT_PROCESS	17797A5B-A3BC-8450-BCA3-FD703084DDDB	FILE_OBJECT_FILE	EVENT_READ	1523030927086111602
94ED0D0E-39B4-11E8-BF66-D9AA8AFF4A69	SUBJECT_PROCESS	17797A5B-A3BC-8450-BCA3-FD703084DDDB	FILE_OBJECT_FILE	EVENT_WRITE	1523030927086111602
94ED0D0E-39B4-11E8-BF66-D9AA8AFF4A69	SUBJECT_PROCESS	17797A5B-A3BC-8450-BCA3-FD703084DDDB	FILE_OBJECT_FILE	EVENT_READ	1523030927446107671
94ED0D0E-39B4-11E8-BF66-D9AA8AFF4A69	SUBJECT_PROCESS	17797A5B-A3BC-8450-BCA3-FD703084DDDB	FILE_OBJECT_FILE	EVENT_WRITE	1523030927446107671
94ED0D0E-39B4-11E8-BF66-D9AA8AFF4A69	SUBJECT_PROCESS	17797A5B-A3BC-8450-BCA3-FD703084DDDB	FILE_OBJECT_FILE	EVENT_READ	1523030927576110991
94ED0D0E-39B4-11E8-BF66-D9AA8AFF4A69	SUBJECT_PROCESS	17797A5B-A3BC-8450-BCA3-FD703084DDDB	FILE_OBJECT_FILE	EVENT_WRITE	1523030927576110991
72FB0406-3678-11E8-BF66-D9AA8AFF4A69	SUBJECT_PROCESS	C9412A84-39B4-11E8-BF66-D9AA8AFF4A69	FILE_OBJECT_UNIX_SOCKET	EVENT_CLOSE	1523030927806107640
72FB0406-3678-11E8-BF66-D9AA8AFF4A69	SUBJECT_PROCESS	C9412AF7-39B4-11E8-BF66-D9AA8AFF4A69	FILE_OBJECT_UNIX_SOCKET	EVENT_CLOSE	1523030927806107640
72FB0406-3678-11E8-BF66-D9AA8AFF4A69	SUBJECT_PROCESS	C9D7FFB2-39B4-11E8-BF66-D9AA8AFF4A69	FILE_OBJECT_UNIX_SOCKET	EVENT_CREATE_OBJECT	1523030927806107640
72FB0406-3678-11E8-BF66-D9AA8AFF4A69	SUBJECT_PROCESS	C9D8001A-39B4-11E8-BF66-D9AA8AFF4A69	FILE_OBJECT_UNIX_SOCKET	EVENT_CREATE_OBJECT	1523030927806107640
94ED0D0E-39B4-11E8-BF66-D9AA8AFF4A69	SUBJECT_PROCESS	17797A5B-A3BC-8450-BCA3-FD703084DDDB	FILE_OBJECT_FILE	EVENT_READ	1523030928436108330
94ED0D0E-39B4-11E8-BF66-D9AA8AFF4A69	SUBJECT_PROCESS	17797A5B-A3BC-8450-BCA3-FD703084DDDB	FILE_OBJECT_FILE	EVENT_WRITE	1523030928436108330
94ED0D0E-39B4-11E8-BF66-D9AA8AFF4A69	SUBJECT_PROCESS	17797A5B-A3BC-8450-BCA3-FD703084DDDB	FILE_OBJECT_FILE	EVENT_READ	1523030928666107868
94ED0D0E-39B4-11E8-BF66-D9AA8AFF4A69	SUBJECT_PROCESS	17797A5B-A3BC-8450-BCA3-FD703084DDDB	FILE_OBJECT_FILE	EVENT_WRITE	1523030928666107868
94ED0D0E-39B4-11E8-BF66-D9AA8AFF4A69	SUBJECT_PROCESS	69B40E24-6568-53F4-A657-21E83F5C545B	UnnamedPipeObject	EVENT_CREATE_OBJECT	1523030928666107868
94ED0D0E-39B4-11E8-BF66-D9AA8AFF4A69	SUBJECT_PROCESS	CA5BBA01-39B4-11E8-BF66-D9AA8AFF4A69	SUBJECT_PROCESS	EVENT_FORK	1523030928666107868
94ED0D0E-39B4-11E8-BF66-D9AA8AFF4A69	SUBJECT_PROCESS	CA5BDC5C-39B4-11E8-BF66-D9AA8AFF4A69	SUBJECT_PROCESS	EVENT_FORK	1523030928666107868
CA5BBA01-39B4-11E8-BF66-D9AA8AFF4A69	SUBJECT_PROCESS	EA112F0C-C0B2-CD5B-B2C0-A1B8CBCD4FE9	FILE_OBJECT_FILE	EVENT_EXECUTE	1523030928666107868
CA5BBA01-39B4-11E8-BF66-D9AA8AFF4A69	SUBJECT_PROCESS	7A350F75-9945-425D-8599-15CEBD426F06	FILE_OBJECT_FILE	EVENT_EXECUTE	1523030928666107868
CA5BDC5C-39B4-11E8-BF66-D9AA8AFF4A69	SUBJECT_PROCESS	29C0F421-9DEA-A656-AA9D-30CFA6A69C0C	FILE_OBJECT_FILE	EVENT_EXECUTE	1523030928666107868
CA5BDC5C-39B4-11E8-BF66-D9AA8AFF4A69	SUBJECT_PROCESS	7A350F75-9945-425D-8599-15CEBD426F06	FILE_OBJECT_FILE	EVENT_EXECUTE	1523030928666107868
CA5BBA01-39B4-11E8-BF66-D9AA8AFF4A69	SUBJECT_PROCESS	51110606-D232-9652-B2D2-3A7242968F8A	FILE_OBJECT_FILE	EVENT_OPEN	1523030928666107868
CA5BDC5C-39B4-11E8-BF66-D9AA8AFF4A69	SUBJECT_PROCESS	51110606-D232-9652-B2D2-3A7242968F8A	FILE_OBJECT_FILE	EVENT_OPEN	1523030928666107868
CA5BDC5C-39B4-11E8-BF66-D9AA8AFF4A69	SUBJECT_PROCESS	51110606-D232-9652-B2D2-3A7242968F8A	FILE_OBJECT_FILE	EVENT_READ	1523030928666107868
CA5BBA01-39B4-11E8-BF66-D9AA8AFF4A69	SUBJECT_PROCESS	51110606-D232-9652-B2D2-3A7242968F8A	FILE_OBJECT_FILE	EVENT_READ	1523030928666107868
CA5BDC5C-39B4-11E8-BF66-D9AA8AFF4A69	SUBJECT_PROCESS	51110606-D232-9652-B2D2-3A7242968F8A	FILE_OBJECT_FILE	EVENT_CLOSE	1523030928666107868
CA5BBA01-39B4-11E8-BF66-D9AA8AFF4A69	SUBJECT_PROCESS	51110606-D232-9652-B2D2-3A7242968F8A	FILE_OBJECT_FILE	EVENT_CLOSE	1523030928666107868
CA5BDC5C-39B4-11E8-BF66-D9AA8AFF4A69	SUBJECT_PROCESS	8A44F292-648B-7854-8B64-00F954785A79	FILE_OBJECT_FILE	EVENT_OPEN	1523030928666107868
CA5BDC5C-39B4-11E8-BF66-D9AA8AFF4A69	SUBJECT_PROCESS	8A44F292-648B-7854-8B64-00F954785A79	FILE_OBJECT_FILE	EVENT_READ	1523030928666107868
CA5BBA01-39B4-11E8-BF66-D9AA8AFF4A69	SUBJECT_PROCESS	8A44F292-648B-7854-8B64-00F954785A79	FILE_OBJECT_FILE	EVENT_OPEN	1523030928666107868
CA5BDC5C-39B4-11E8-BF66-D9AA8AFF4A69	SUBJECT_PROCESS	8A44F292-648B-7854-8B64-00F954785A79	FILE_OBJECT_FILE	EVENT_READ	1523030928666107868
CA5BDC5C-39B4-11E8-BF66-D9AA8AFF4A69	SUBJECT_PROCESS	8A44F292-648B-7854-8B64-00F954785A79	FILE_OBJECT_FILE	EVENT_CLOSE	1523030928666107868
CA5BBA01-39B4-11E8-BF66-D9AA8AFF4A69	SUBJECT_PROCESS	8A44F292-648B-7854-8B64-00F954785A79	FILE_OBJECT_FILE	EVENT_READ	1523030928666107868
CA5BDC5C-39B4-11E8-BF66-D9AA8AFF4A69	SUBJECT_PROCESS	F802C467-68D3-4950-9368-CE2BE049BD5D	FILE_OBJECT_FILE	EVENT_OPEN	1523030928666107868
CA5BBA01-39B4-11E8-BF66-D9AA8AFF4A69	SUBJECT_PROCESS	8A44F292-648B-7854-8B64-00F954785A79	FILE_OBJECT_FILE	EVENT_READ	1523030928666107868
CA5BDC5C-39B4-11E8-BF66-D9AA8AFF4A69	SUBJECT_PROCESS	F802C467-68D3-4950-9368-CE2BE049BD5D	FILE_OBJECT_FILE	EVENT_MMAP	1523030928676114459
CA5BDC5C-39B4-11E8-BF66-D9AA8AFF4A69	SUBJECT_PROCESS	F802C467-68D3-4950-9368-CE2BE049BD5D	FILE_OBJECT_FILE	EVENT_MMAP	1523030928676114459
CA5BBA01-39B4-11E8-BF66-D9AA8AFF4A69	SUBJECT_PROCESS	8A44F292-648B-7854-8B64-00F954785A79	FILE_OBJECT_FILE	EVENT_CLOSE	1523030928676114459
CA5BDC5C-39B4-11E8-BF66-D9AA8AFF4A69	SUBJECT_PROCESS	F802C467-68D3-4950-9368-CE2BE049BD5D	FILE_OBJECT_FILE	EVENT_MMAP	1523030928676114459
CA5BBA01-39B4-11E8-BF66-D9AA8AFF4A69	SUBJECT_PROCESS	D57B2A07-B373-B75A-B3B3-93790AB76535	FILE_OBJECT_FILE	EVENT_OPEN	1523030928676114459
CA5BDC5C-39B4-11E8-BF66-D9AA8AFF4A69	SUBJECT_PROCESS	F802C467-68D3-4950-9368-CE2BE049BD5D	FILE_OBJECT_FILE	EVENT_MMAP	1523030928676114459
CA5BDC5C-39B4-11E8-BF66-D9AA8AFF4A69	SUBJECT_PROCESS	F802C467-68D3-4950-9368-CE2BE049BD5D	FILE_OBJECT_FILE	EVENT_MMAP	1523030928676114459
CA5BBA01-39B4-11E8-BF66-D9AA8AFF4A69	SUBJECT_PROCESS	D57B2A07-B373-B75A-B3B3-93790AB76535	FILE_OBJECT_FILE	EVENT_MMAP	1523030928676114459
CA5BDC5C-39B4-11E8-BF66-D9AA8AFF4A69	SUBJECT_PROCESS	F802C467-68D3-4950-9368-CE2BE049BD5D	FILE_OBJECT_FILE	EVENT_MMAP	1523030928676114459
CA5BBA01-39B4-11E8-BF66-D9AA8AFF4A69	SUBJECT_PROCESS	D57B2A07-B373-B75A-B3B3-93790AB76535	FILE_OBJECT_FILE	EVENT_MMAP	1523030928676114459
CA5BDC5C-39B4-11E8-BF66-D9AA8AFF4A69	SUBJECT_PROCESS	F802C467-68D3-4950-9368-CE2BE049BD5D	FILE_OBJECT_FILE	EVENT_CLOSE	1523030928676114459
CA5BBA01-39B4-11E8-BF66-D9AA8AFF4A69	SUBJECT_PROCESS	D57B2A07-B373-B75A-B3B3-93790AB76535	FILE_OBJECT_FILE	EVENT_MMAP	1523030928676114459
CA5BBA01-39B4-11E8-BF66-D9AA8AFF4A69	SUBJECT_PROCESS	D57B2A07-B373-B75A-B3B3-93790AB76535	FILE_OBJECT_FILE	EVENT_MMAP	1523030928676114459
CA5BDC5C-39B4-11E8-BF66-D9AA8AFF4A69	SUBJECT_PROCESS	4712EA4F-DAE8-DB53-A8DA-6C9F43DB784D	FILE_OBJECT_FILE	EVENT_OPEN	1523030928676114459
CA5BBA01-39B4-11E8-BF66-D9AA8AFF4A69	SUBJECT_PROCESS	D57B2A07-B373-B75A-B3B3-93790AB76535	FILE_OBJECT_FILE	EVENT_MMAP	1523030928676114459
CA5BDC5C-39B4-11E8-BF66-D9AA8AFF4A69	SUBJECT_PROCESS	4712EA4F-DAE8-DB53-A8DA-6C9F43DB784D	FILE_OBJECT_FILE	EVENT_MMAP	1523030928676114459
CA5BBA01-39B4-11E8-BF66-D9AA8AFF4A69	SUBJECT_PROCESS	D57B2A07-B373-B75A-B3B3-93790AB76535	FILE_OBJECT_FILE	EVENT_MMAP	1523030928676114459
CA5BDC5C-39B4-11E8-BF66-D9AA8AFF4A69	SUBJECT_PROCESS	4712EA4F-DAE8-DB53-A8DA-6C9F43DB784D	FILE_OBJECT_FILE	EVENT_MMAP	1523030928676114459
CA5BBA01-39B4-11E8-BF66-D9AA8AFF4A69	SUBJECT_PROCESS	D57B2A07-B373-B75A-B3B3-93790AB76535	FILE_OBJECT_FILE	EVENT_CLOSE	1523030928676114459
CA5BDC5C-39B4-11E8-BF66-D9AA8AFF4A69	SUBJECT_PROCESS	4712EA4F-DAE8-DB53-A8DA-6C9F43DB784D	FILE_OBJECT_FILE	EVENT_MMAP	1523030928676114459
CA5BBA01-39B4-11E8-BF66-D9AA8AFF4A69	SUBJECT_PROCESS	718F288D-A702-1B5D-82A7-80807D1BB326	FILE_OBJECT_FILE	EVENT_OPEN	1523030928676114459
CA5BDC5C-39B4-11E8-BF66-D9AA8AFF4A69	SUBJECT_PROCESS	4712EA4F-DAE8-DB53-A8DA-6C9F43DB784D	FILE_OBJECT_FILE	EVENT_MMAP	1523030928676114459
CA5BBA01-39B4-11E8-BF66-D9AA8AFF4A69	SUBJECT_PROCESS	718F288D-A702-1B5D-82A7-80807D1BB326	FILE_OBJECT_FILE	EVENT_MMAP	1523030928676114459
CA5BDC5C-39B4-11E8-BF66-D9AA8AFF4A69	SUBJECT_PROCESS	4712EA4F-DAE8-DB53-A8DA-6C9F43DB784D	FILE_OBJECT_FILE	EVENT_MMAP	1523030928676114459
CA5BBA01-39B4-11E8-BF66-D9AA8AFF4A69	SUBJECT_PROCESS	718F288D-A702-1B5D-82A7-80807D1BB326	FILE_OBJECT_FILE	EVENT_MMAP	1523030928676114459
CA5BDC5C-39B4-11E8-BF66-D9AA8AFF4A69	SUBJECT_PROCESS	4712EA4F-DAE8-DB53-A8DA-6C9F43DB784D	FILE_OBJECT_FILE	EVENT_MMAP	1523030928676114459
CA5BBA01-39B4-11E8-BF66-D9AA8AFF4A69	SUBJECT_PROCESS	718F288D-A702-1B5D-82A7-80807D1BB326	FILE_OBJECT_FILE	EVENT_MMAP	1523030928676114459
CA5BDC5C-39B4-11E8-BF66-D9AA8AFF4A69	SUBJECT_PROCESS	4712EA4F-DAE8-DB53-A8DA-6C9F43DB784D	FILE_OBJECT_FILE	EVENT_CLOSE	1523030928676114459
CA5BBA01-39B4-11E8-BF66-D9AA8AFF4A69	SUBJECT_PROCESS	718F288D-A702-1B5D-82A7-80807D1BB326	FILE_OBJECT_FILE	EVENT_MMAP	1523030928676114459
CA5BDC5C-39B4-11E8-BF66-D9AA8AFF4A69	SUBJECT_PROCESS	DEADAC7C-AED5-7E50-95AE-0452707EB22B	FILE_OBJECT_FILE	EVENT_OPEN	1523030928676114459
CA5BBA01-39B4-11E8-BF66-D9AA8AFF4A69	SUBJECT_PROCESS	718F288D-A702-1B5D-82A7-80807D1BB326	FILE_OBJECT_FILE	EVENT_MMAP	1523030928676114459
CA5BDC5C-39B4-11E8-BF66-D9AA8AFF4A69	SUBJECT_PROCESS	DEADAC7C-AED5-7E50-95AE-0452707EB22B	FILE_OBJECT_FILE	EVENT_MMAP	1523030928676114459
CA5BBA01-39B4-11E8-BF66-D9AA8AFF4A69	SUBJECT_PROCESS	718F288D-A702-1B5D-82A7-80807D1BB326	FILE_OBJECT_FILE	EVENT_MMAP	1523030928676114459
CA5BDC5C-39B4-11E8-BF66-D9AA8AFF4A69	SUBJECT_PROCESS	DEADAC7C-AED5-7E50-95AE-0452707EB22B	FILE_OBJECT_FILE	EVENT_MMAP	1523030928676114459
CA5BBA01-39B4-11E8-BF66-D9AA8AFF4A69	SUBJECT_PROCESS	718F288D-A702-1B5D-82A7-80807D1BB326	FILE_OBJECT_FILE	EVENT_CLOSE	1523030928676114459
CA5BDC5C-39B4-11E8-BF66-D9AA8AFF4A69	SUBJECT_PROCESS	DEADAC7C-AED5-7E50-95AE-0452707EB22B	FILE_OBJECT_FILE	EVENT_MMAP	1523030928676114459
CA5BBA01-39B4-11E8-BF66-D9AA8AFF4A69	SUBJECT_PROCESS	D3F11983-FFD7-8A58-97FF-D38E388A1453	FILE_OBJECT_FILE	EVENT_OPEN	1523030928676114459
CA5BDC5C-39B4-11E8-BF66-D9AA8AFF4A69	SUBJECT_PROCESS	DEADAC7C-AED5-7E50-95AE-0452707EB22B	FILE_OBJECT_FILE	EVENT_MMAP	1523030928676114459
CA5BBA01-39B4-11E8-BF66-D9AA8AFF4A69	SUBJECT_PROCESS	D3F11983-FFD7-8A58-97FF-D38E388A1453	FILE_OBJECT_FILE	EVENT_MMAP	1523030928676114459
CA5BDC5C-39B4-11E8-BF66-D9AA8AFF4A69	SUBJECT_PROCESS	DEADAC7C-AED5-7E50-95AE-0452707EB22B	FILE_OBJECT_FILE	EVENT_MMAP	1523030928676114459
CA5BBA01-39B4-11E8-BF66-D9AA8AFF4A69	SUBJECT_PROCESS	D3F11983-FFD7-8A58-97FF-D38E388A1453	FILE_OBJECT_FILE	EVENT_MMAP	1523030928686115699
CA5BDC5C-39B4-11E8-BF66-D9AA8AFF4A69	SUBJECT_PROCESS	DEADAC7C-AED5-7E50-95AE-0452707EB22B	FILE_OBJECT_FILE	EVENT_MMAP	1523030928686115699
CA5BBA01-39B4-11E8-BF66-D9AA8AFF4A69	SUBJECT_PROCESS	D3F11983-FFD7-8A58-97FF-D38E388A1453	FILE_OBJECT_FILE	EVENT_MMAP	1523030928686115699
CA5BDC5C-39B4-11E8-BF66-D9AA8AFF4A69	SUBJECT_PROCESS	DEADAC7C-AED5-7E50-95AE-0452707EB22B	FILE_OBJECT_FILE	EVENT_CLOSE	1523030928686115699
CA5BDC5C-39B4-11E8-BF66-D9AA8AFF4A69	SUBJECT_PROCESS	76A739B1-A13E-FD50-BEA1-B218A0FD0400	FILE_OBJECT_FILE	EVENT_OPEN	1523030928686115699
CA5BBA01-39B4-11E8-BF66-D9AA8AFF4A69	SUBJECT_PROCESS	D3F11983-FFD7-8A58-97FF-D38E388A1453	FILE_OBJECT_FILE	EVENT_MMAP	1523030928686115699
CA5BDC5C-39B4-11E8-BF66-D9AA8AFF4A69	SUBJECT_PROCESS	76A739B1-A13E-FD50-BEA1-B218A0FD0400	FILE_OBJECT_FILE	EVENT_MMAP	1523030928686115699
CA5BBA01-39B4-11E8-BF66-D9AA8AFF4A69	SUBJECT_PROCESS	D3F11983-FFD7-8A58-97FF-D38E388A1453	FILE_OBJECT_FILE	EVENT_MMAP	1523030928686115699
CA5BDC5C-39B4-11E8-BF66-D9AA8AFF4A69	SUBJECT_PROCESS	76A739B1-A13E-FD50-BEA1-B218A0FD0400	FILE_OBJECT_FILE	EVENT_MMAP	1523030928686115699
CA5BBA01-39B4-11E8-BF66-D9AA8AFF4A69	SUBJECT_PROCESS	D3F11983-FFD7-8A58-97FF-D38E388A1453	FILE_OBJECT_FILE	EVENT_MMAP	1523030928686115699
CA5BDC5C-39B4-11E8-BF66-D9AA8AFF4A69	SUBJECT_PROCESS	76A739B1-A13E-FD50-BEA1-B218A0FD0400	FILE_OBJECT_FILE	EVENT_MMAP	1523030928686115699
CA5BDC5C-39B4-11E8-BF66-D9AA8AFF4A69	SUBJECT_PROCESS	76A739B1-A13E-FD50-BEA1-B218A0FD0400	FILE_OBJECT_FILE	EVENT_MMAP	1523030928686115699
CA5BBA01-39B4-11E8-BF66-D9AA8AFF4A69	SUBJECT_PROCESS	D3F11983-FFD7-8A58-97FF-D38E388A1453	FILE_OBJECT_FILE	EVENT_CLOSE	1523030928686115699
CA5BDC5C-39B4-11E8-BF66-D9AA8AFF4A69	SUBJECT_PROCESS	76A739B1-A13E-FD50-BEA1-B218A0FD0400	FILE_OBJECT_FILE	EVENT_MMAP	1523030928686115699
CA5BDC5C-39B4-11E8-BF66-D9AA8AFF4A69	SUBJECT_PROCESS	76A739B1-A13E-FD50-BEA1-B218A0FD0400	FILE_OBJECT_FILE	EVENT_MMAP	1523030928686115699
CA5BBA01-39B4-11E8-BF66-D9AA8AFF4A69	SUBJECT_PROCESS	0905A02C-D979-5D57-B9D9-F12D475D7A9B	FILE_OBJECT_FILE	EVENT_OPEN	1523030928686115699
CA5BDC5C-39B4-11E8-BF66-D9AA8AFF4A69	SUBJECT_PROCESS	76A739B1-A13E-FD50-BEA1-B218A0FD0400	FILE_OBJECT_FILE	EVENT_CLOSE	1523030928686115699
CA5BBA01-39B4-11E8-BF66-D9AA8AFF4A69	SUBJECT_PROCESS	0905A02C-D979-5D57-B9D9-F12D475D7A9B	FILE_OBJECT_FILE	EVENT_MMAP	1523030928686115699
CA5BBA01-39B4-11E8-BF66-D9AA8AFF4A69	SUBJECT_PROCESS	0905A02C-D979-5D57-B9D9-F12D475D7A9B	FILE_OBJECT_FILE	EVENT_MMAP	1523030928686115699
CA5BDC5C-39B4-11E8-BF66-D9AA8AFF4A69	SUBJECT_PROCESS	F410BE96-4C0C-765E-8C4C-6F0E2E760020	FILE_OBJECT_FILE	EVENT_OPEN	1523030928686115699
CA5BDC5C-39B4-11E8-BF66-D9AA8AFF4A69	SUBJECT_PROCESS	F410BE96-4C0C-765E-8C4C-6F0E2E760020	FILE_OBJECT_FILE	EVENT_MMAP	1523030928686115699
CA5BBA01-39B4-11E8-BF66-D9AA8AFF4A69	SUBJECT_PROCESS	0905A02C-D979-5D57-B9D9-F12D475D7A9B	FILE_OBJECT_FILE	EVENT_MMAP	1523030928686115699
CA5BDC5C-39B4-11E8-BF66-D9AA8AFF4A69	SUBJECT_PROCESS	F410BE96-4C0C-765E-8C4C-6F0E2E760020	FILE_OBJECT_FILE	EVENT_MMAP	1523030928686115699
CA5BBA01-39B4-11E8-BF66-D9AA8AFF4A69	SUBJECT_PROCESS	0905A02C-D979-5D57-B9D9-F12D475D7A9B	FILE_OBJECT_FILE	EVENT_MMAP	1523030928686115699
CA5BDC5C-39B4-11E8-BF66-D9AA8AFF4A69	SUBJECT_PROCESS	F410BE96-4C0C-765E-8C4C-6F0E2E760020	FILE_OBJECT_FILE	EVENT_CLOSE	1523030928686115699
CA5BBA01-39B4-11E8-BF66-D9AA8AFF4A69	SUBJECT_PROCESS	0905A02C-D979-5D57-B9D9-F12D475D7A9B	FILE_OBJECT_FILE	EVENT_MMAP	1523030928686115699
CA5BBA01-39B4-11E8-BF66-D9AA8AFF4A69	SUBJECT_PROCESS	0905A02C-D979-5D57-B9D9-F12D475D7A9B	FILE_OBJECT_FILE	EVENT_MMAP	1523030928686115699
CA5BBA01-39B4-11E8-BF66-D9AA8AFF4A69	SUBJECT_PROCESS	0905A02C-D979-5D57-B9D9-F12D475D7A9B	FILE_OBJECT_FILE	EVENT_CLOSE	1523030928686115699
CA5BBA01-39B4-11E8-BF66-D9AA8AFF4A69	SUBJECT_PROCESS	76A739B1-A13E-FD50-BEA1-B218A0FD0400	FILE_OBJECT_FILE	EVENT_OPEN	1523030928686115699
CA5BBA01-39B4-11E8-BF66-D9AA8AFF4A69	SUBJECT_PROCESS	76A739B1-A13E-FD50-BEA1-B218A0FD0400	FILE_OBJECT_FILE	EVENT_MMAP	1523030928686115699
CA5BBA01-39B4-11E8-BF66-D9AA8AFF4A69	SUBJECT_PROCESS	76A739B1-A13E-FD50-BEA1-B218A0FD0400	FILE_OBJECT_FILE	EVENT_MMAP	1523030928686115699
CA5BBA01-39B4-11E8-BF66-D9AA8AFF4A69	SUBJECT_PROCESS	76A739B1-A13E-FD50-BEA1-B218A0FD0400	FILE_OBJECT_FILE	EVENT_MMAP	1523030928686115699
CA5BBA01-39B4-11E8-BF66-D9AA8AFF4A69	SUBJECT_PROCESS	76A739B1-A13E-FD50-BEA1-B218A0FD0400	FILE_OBJECT_FILE	EVENT_MMAP	1523030928686115699
CA5BBA01-39B4-11E8-BF66-D9AA8AFF4A69	SUBJECT_PROCESS	76A739B1-A13E-FD50-BEA1-B218A0FD0400	FILE_OBJECT_FILE	EVENT_MMAP	1523030928686115699
CA5BBA01-39B4-11E8-BF66-D9AA8AFF4A69	SUBJECT_PROCESS	76A739B1-A13E-FD50-BEA1-B218A0FD0400	FILE_OBJECT_FILE	EVENT_MMAP	1523030928686115699
CA5BBA01-39B4-11E8-BF66-D9AA8AFF4A69	SUBJECT_PROCESS	76A739B1-A13E-FD50-BEA1-B218A0FD0400	FILE_OBJECT_FILE	EVENT_CLOSE	1523030928696110750
CA5BBA01-39B4-11E8-BF66-D9AA8AFF4A69	SUBJECT_PROCESS	F29977F6-07A2-935B-A207-C4871B93FE07	FILE_OBJECT_FILE	EVENT_OPEN	1523030928696110750
CA5BBA01-39B4-11E8-BF66-D9AA8AFF4A69	SUBJECT_PROCESS	F29977F6-07A2-935B-A207-C4871B93FE07	FILE_OBJECT_FILE	EVENT_MMAP	1523030928696110750
CA5BBA01-39B4-11E8-BF66-D9AA8AFF4A69	SUBJECT_PROCESS	F29977F6-07A2-935B-A207-C4871B93FE07	FILE_OBJECT_FILE	EVENT_MMAP	1523030928696110750
CA5BBA01-39B4-11E8-BF66-D9AA8AFF4A69	SUBJECT_PROCESS	F29977F6-07A2-935B-A207-C4871B93FE07	FILE_OBJECT_FILE	EVENT_MMAP	1523030928696110750
CA5BBA01-39B4-11E8-BF66-D9AA8AFF4A69	SUBJECT_PROCESS	F29977F6-07A2-935B-A207-C4871B93FE07	FILE_OBJECT_FILE	EVENT_MMAP	1523030928696110750
CA5BBA01-39B4-11E8-BF66-D9AA8AFF4A69	SUBJECT_PROCESS	F29977F6-07A2-935B-A207-C4871B93FE07	FILE_OBJECT_FILE	EVENT_MMAP	1523030928696110750
CA5BBA01-39B4-11E8-BF66-D9AA8AFF4A69	SUBJECT_PROCESS	F29977F6-07A2-935B-A207-C4871B93FE07	FILE_OBJECT_FILE	EVENT_MMAP	1523030928696110750
CA5BBA01-39B4-11E8-BF66-D9AA8AFF4A69	SUBJECT_PROCESS	F29977F6-07A2-935B-A207-C4871B93FE07	FILE_OBJECT_FILE	EVENT_CLOSE	1523030928696110750
CA5BBA01-39B4-11E8-BF66-D9AA8AFF4A69	SUBJECT_PROCESS	9FF334BB-9072-D756-B290-556656D73728	FILE_OBJECT_FILE	EVENT_OPEN	1523030928696110750
CA5BBA01-39B4-11E8-BF66-D9AA8AFF4A69	SUBJECT_PROCESS	9FF334BB-9072-D756-B290-556656D73728	FILE_OBJECT_FILE	EVENT_MMAP	1523030928696110750
CA5BBA01-39B4-11E8-BF66-D9AA8AFF4A69	SUBJECT_PROCESS	9FF334BB-9072-D756-B290-556656D73728	FILE_OBJECT_FILE	EVENT_MMAP	1523030928696110750
CA5BBA01-39B4-11E8-BF66-D9AA8AFF4A69	SUBJECT_PROCESS	9FF334BB-9072-D756-B290-556656D73728	FILE_OBJECT_FILE	EVENT_MMAP	1523030928696110750
CA5BBA01-39B4-11E8-BF66-D9AA8AFF4A69	SUBJECT_PROCESS	9FF334BB-9072-D756-B290-556656D73728	FILE_OBJECT_FILE	EVENT_MMAP	1523030928696110750
CA5BBA01-39B4-11E8-BF66-D9AA8AFF4A69	SUBJECT_PROCESS	9FF334BB-9072-D756-B290-556656D73728	FILE_OBJECT_FILE	EVENT_MMAP	1523030928696110750
CA5BBA01-39B4-11E8-BF66-D9AA8AFF4A69	SUBJECT_PROCESS	9FF334BB-9072-D756-B290-556656D73728	FILE_OBJECT_FILE	EVENT_MMAP	1523030928696110750
CA5BBA01-39B4-11E8-BF66-D9AA8AFF4A69	SUBJECT_PROCESS	9FF334BB-9072-D756-B290-556656D73728	FILE_OBJECT_FILE	EVENT_CLOSE	1523030928696110750
CA5BBA01-39B4-11E8-BF66-D9AA8AFF4A69	SUBJECT_PROCESS	F410BE96-4C0C-765E-8C4C-6F0E2E760020	FILE_OBJECT_FILE	EVENT_OPEN	1523030928696110750
CA5BBA01-39B4-11E8-BF66-D9AA8AFF4A69	SUBJECT_PROCESS	F410BE96-4C0C-765E-8C4C-6F0E2E760020	FILE_OBJECT_FILE	EVENT_MMAP	1523030928696110750
CA5BBA01-39B4-11E8-BF66-D9AA8AFF4A69	SUBJECT_PROCESS	F410BE96-4C0C-765E-8C4C-6F0E2E760020	FILE_OBJECT_FILE	EVENT_MMAP	1523030928706109081
CA5BBA01-39B4-11E8-BF66-D9AA8AFF4A69	SUBJECT_PROCESS	F410BE96-4C0C-765E-8C4C-6F0E2E760020	FILE_OBJECT_FILE	EVENT_CLOSE	1523030928706109081
CA5BBA01-39B4-11E8-BF66-D9AA8AFF4A69	SUBJECT_PROCESS	1633500B-D34B-8058-8BD3-ABB7D880915E	FILE_OBJECT_FILE	EVENT_OPEN	1523030928706109081
CA5BBA01-39B4-11E8-BF66-D9AA8AFF4A69	SUBJECT_PROCESS	1633500B-D34B-8058-8BD3-ABB7D880915E	FILE_OBJECT_FILE	EVENT_OPEN	1523030928706109081
CA5BBA01-39B4-11E8-BF66-D9AA8AFF4A69	SUBJECT_PROCESS	BCDBE64D-1703-005A-8317-44DD6A00589D	FILE_OBJECT_FILE	EVENT_OPEN	1523030928706109081
CA5BBA01-39B4-11E8-BF66-D9AA8AFF4A69	SUBJECT_PROCESS	BCDBE64D-1703-005A-8317-44DD6A00589D	FILE_OBJECT_FILE	EVENT_READ	1523030928706109081
CA5BBA01-39B4-11E8-BF66-D9AA8AFF4A69	SUBJECT_PROCESS	BCDBE64D-1703-005A-8317-44DD6A00589D	FILE_OBJECT_FILE	EVENT_READ	1523030928706109081
CA5BBA01-39B4-11E8-BF66-D9AA8AFF4A69	SUBJECT_PROCESS	BCDBE64D-1703-005A-8317-44DD6A00589D	FILE_OBJECT_FILE	EVENT_CLOSE	1523030928706109081
CA5BBA01-39B4-11E8-BF66-D9AA8AFF4A69	SUBJECT_PROCESS	C53609B6-A912-B65B-92A9-B89E0BB6C2E1	FILE_OBJECT_FILE	EVENT_OPEN	1523030928716111452
CA5BBA01-39B4-11E8-BF66-D9AA8AFF4A69	SUBJECT_PROCESS	C53609B6-A912-B65B-92A9-B89E0BB6C2E1	FILE_OBJECT_FILE	EVENT_READ	1523030928716111452
CA5BBA01-39B4-11E8-BF66-D9AA8AFF4A69	SUBJECT_PROCESS	C53609B6-A912-B65B-92A9-B89E0BB6C2E1	FILE_OBJECT_FILE	EVENT_READ	1523030928716111452
CA5BBA01-39B4-11E8-BF66-D9AA8AFF4A69	SUBJECT_PROCESS	C53609B6-A912-B65B-92A9-B89E0BB6C2E1	FILE_OBJECT_FILE	EVENT_READ	1523030928716111452
CA5BBA01-39B4-11E8-BF66-D9AA8AFF4A69	SUBJECT_PROCESS	AE441C70-DEC0-BD5F-80DE-3DE4DFBDF253	FILE_OBJECT_FILE	EVENT_OPEN	1523030928716111452
CA5BBA01-39B4-11E8-BF66-D9AA8AFF4A69	SUBJECT_PROCESS	AE441C70-DEC0-BD5F-80DE-3DE4DFBDF253	FILE_OBJECT_FILE	EVENT_READ	1523030928716111452
CA5BBA01-39B4-11E8-BF66-D9AA8AFF4A69	SUBJECT_PROCESS	AE441C70-DEC0-BD5F-80DE-3DE4DFBDF253	FILE_OBJECT_FILE	EVENT_CLOSE	1523030928716111452
CA5BBA01-39B4-11E8-BF66-D9AA8AFF4A69	SUBJECT_PROCESS	104A8C35-2200-3156-8022-4129E631EA52	FILE_OBJECT_FILE	EVENT_OPEN	1523030928716111452
CA5BBA01-39B4-11E8-BF66-D9AA8AFF4A69	SUBJECT_PROCESS	104A8C35-2200-3156-8022-4129E631EA52	FILE_OBJECT_FILE	EVENT_READ	1523030928716111452
CA5BBA01-39B4-11E8-BF66-D9AA8AFF4A69	SUBJECT_PROCESS	104A8C35-2200-3156-8022-4129E631EA52	FILE_OBJECT_FILE	EVENT_CLOSE	1523030928716111452
CA5BBA01-39B4-11E8-BF66-D9AA8AFF4A69	SUBJECT_PROCESS	C53609B6-A912-B65B-92A9-B89E0BB6C2E1	FILE_OBJECT_FILE	EVENT_READ	1523030928716111452
CA5BBA01-39B4-11E8-BF66-D9AA8AFF4A69	SUBJECT_PROCESS	C53609B6-A912-B65B-92A9-B89E0BB6C2E1	FILE_OBJECT_FILE	EVENT_READ	1523030928716111452
CA5BBA01-39B4-11E8-BF66-D9AA8AFF4A69	SUBJECT_PROCESS	C53609B6-A912-B65B-92A9-B89E0BB6C2E1	FILE_OBJECT_FILE	EVENT_READ	1523030928716111452
CA5BBA01-39B4-11E8-BF66-D9AA8AFF4A69	SUBJECT_PROCESS	C53609B6-A912-B65B-92A9-B89E0BB6C2E1	FILE_OBJECT_FILE	EVENT_READ	1523030928716111452
CA5BBA01-39B4-11E8-BF66-D9AA8AFF4A69	SUBJECT_PROCESS	C53609B6-A912-B65B-92A9-B89E0BB6C2E1	FILE_OBJECT_FILE	EVENT_READ	1523030928716111452
CA5BBA01-39B4-11E8-BF66-D9AA8AFF4A69	SUBJECT_PROCESS	C53609B6-A912-B65B-92A9-B89E0BB6C2E1	FILE_OBJECT_FILE	EVENT_READ	1523030928716111452
CA5BBA01-39B4-11E8-BF66-D9AA8AFF4A69	SUBJECT_PROCESS	69B40E24-6568-53F4-A657-21E83F5C545B	UnnamedPipeObject	EVENT_WRITE	1523030928726107463
CA5BDC5C-39B4-11E8-BF66-D9AA8AFF4A69	SUBJECT_PROCESS	69B40E24-6568-53F4-A657-21E83F5C545B	UnnamedPipeObject	EVENT_READ	1523030928726107463
CA5BBA01-39B4-11E8-BF66-D9AA8AFF4A69	SUBJECT_PROCESS	69B40E24-6568-53F4-A657-21E83F5C545B	UnnamedPipeObject	EVENT_WRITE	1523030928726107463
CA5BDC5C-39B4-11E8-BF66-D9AA8AFF4A69	SUBJECT_PROCESS	69B40E24-6568-53F4-A657-21E83F5C545B	UnnamedPipeObject	EVENT_READ	1523030928726107463
CA5BBA01-39B4-11E8-BF66-D9AA8AFF4A69	SUBJECT_PROCESS	69B40E24-6568-53F4-A657-21E83F5C545B	UnnamedPipeObject	EVENT_WRITE	1523030928726107463
CA5BDC5C-39B4-11E8-BF66-D9AA8AFF4A69	SUBJECT_PROCESS	69B40E24-6568-53F4-A657-21E83F5C545B	UnnamedPipeObject	EVENT_READ	1523030928726107463
CA5BDC5C-39B4-11E8-BF66-D9AA8AFF4A69	SUBJECT_PROCESS	17797A5B-A3BC-8450-BCA3-FD703084DDDB	FILE_OBJECT_FILE	EVENT_WRITE	1523030928726107463
CA5BBA01-39B4-11E8-BF66-D9AA8AFF4A69	SUBJECT_PROCESS	CA5BBA01-39B4-11E8-BF66-D9AA8AFF4A69	SUBJECT_PROCESS	EVENT_EXIT	1523030928726107463
CA5BDC5C-39B4-11E8-BF66-D9AA8AFF4A69	SUBJECT_PROCESS	17797A5B-A3BC-8450-BCA3-FD703084DDDB	FILE_OBJECT_FILE	EVENT_WRITE	1523030928726107463
CA5BDC5C-39B4-11E8-BF66-D9AA8AFF4A69	SUBJECT_PROCESS	69B40E24-6568-53F4-A657-21E83F5C545B	UnnamedPipeObject	EVENT_READ	1523030928726107463
CA5BDC5C-39B4-11E8-BF66-D9AA8AFF4A69	SUBJECT_PROCESS	17797A5B-A3BC-8450-BCA3-FD703084DDDB	FILE_OBJECT_FILE	EVENT_CLOSE	1523030928726107463
CA5BDC5C-39B4-11E8-BF66-D9AA8AFF4A69	SUBJECT_PROCESS	CA5BDC5C-39B4-11E8-BF66-D9AA8AFF4A69	SUBJECT_PROCESS	EVENT_EXIT	1523030928726107463
94ED0D0E-39B4-11E8-BF66-D9AA8AFF4A69	SUBJECT_PROCESS	17797A5B-A3BC-8450-BCA3-FD703084DDDB	FILE_OBJECT_FILE	EVENT_WRITE	1523030928726107463
72FB0406-3678-11E8-BF66-D9AA8AFF4A69	SUBJECT_PROCESS	C9D7FFB2-39B4-11E8-BF66-D9AA8AFF4A69	FILE_OBJECT_UNIX_SOCKET	EVENT_CLOSE	1523030928816106990
72FB0406-3678-11E8-BF66-D9AA8AFF4A69	SUBJECT_PROCESS	C9D8001A-39B4-11E8-BF66-D9AA8AFF4A69	FILE_OBJECT_UNIX_SOCKET	EVENT_CLOSE	1523030928816106990
72FB0406-3678-11E8-BF66-D9AA8AFF4A69	SUBJECT_PROCESS	CA72D036-39B4-11E8-BF66-D9AA8AFF4A69	FILE_OBJECT_UNIX_SOCKET	EVENT_CREATE_OBJECT	1523030928816106990
72FB0406-3678-11E8-BF66-D9AA8AFF4A69	SUBJECT_PROCESS	CA72D0D3-39B4-11E8-BF66-D9AA8AFF4A69	FILE_OBJECT_UNIX_SOCKET	EVENT_CREATE_OBJECT	1523030928816106990
A8DD9948-39B4-11E8-BF66-D9AA8AFF4A69	SUBJECT_PROCESS	A8DD9948-39B4-11E8-BF66-D9AA8AFF4A69	SUBJECT_PROCESS	EVENT_EXIT	1523030929496108824
D59C58B7-373D-11E8-BF66-D9AA8AFF4A69	SUBJECT_PROCESS	CADACD24-39B4-11E8-BF66-D9AA8AFF4A69	SUBJECT_PROCESS	EVENT_FORK	1523030929496108824
CADACD24-39B4-11E8-BF66-D9AA8AFF4A69	SUBJECT_PROCESS	CC349957-3DA4-8E5E-A43D-C7740E8ECAA9	FILE_OBJECT_FILE	EVENT_CLOSE	1523030929496108824
CADACD24-39B4-11E8-BF66-D9AA8AFF4A69	SUBJECT_PROCESS	4D344F9D-3989-8550-8939-91A3B085C709	FILE_OBJECT_FILE	EVENT_OPEN	1523030929496108824
CADACD24-39B4-11E8-BF66-D9AA8AFF4A69	SUBJECT_PROCESS	4D344F9D-3989-8550-8939-91A3B085C709	FILE_OBJECT_FILE	EVENT_CLOSE	1523030929496108824
CADACD24-39B4-11E8-BF66-D9AA8AFF4A69	SUBJECT_PROCESS	330061CF-6BB3-C45E-B36B-B89D7EC4F443	FILE_OBJECT_FILE	EVENT_EXECUTE	1523030929496108824
CADACD24-39B4-11E8-BF66-D9AA8AFF4A69	SUBJECT_PROCESS	7A350F75-9945-425D-8599-15CEBD426F06	FILE_OBJECT_FILE	EVENT_EXECUTE	1523030929496108824
CADACD24-39B4-11E8-BF66-D9AA8AFF4A69	SUBJECT_PROCESS	51110606-D232-9652-B2D2-3A7242968F8A	FILE_OBJECT_FILE	EVENT_OPEN	1523030929496108824
CADACD24-39B4-11E8-BF66-D9AA8AFF4A69	SUBJECT_PROCESS	51110606-D232-9652-B2D2-3A7242968F8A	FILE_OBJECT_FILE	EVENT_READ	1523030929496108824
CADACD24-39B4-11E8-BF66-D9AA8AFF4A69	SUBJECT_PROCESS	51110606-D232-9652-B2D2-3A7242968F8A	FILE_OBJECT_FILE	EVENT_CLOSE	1523030929506118595
CADACD24-39B4-11E8-BF66-D9AA8AFF4A69	SUBJECT_PROCESS	8A44F292-648B-7854-8B64-00F954785A79	FILE_OBJECT_FILE	EVENT_OPEN	1523030929506118595
CADACD24-39B4-11E8-BF66-D9AA8AFF4A69	SUBJECT_PROCESS	8A44F292-648B-7854-8B64-00F954785A79	FILE_OBJECT_FILE	EVENT_READ	1523030929506118595
CADACD24-39B4-11E8-BF66-D9AA8AFF4A69	SUBJECT_PROCESS	8A44F292-648B-7854-8B64-00F954785A79	FILE_OBJECT_FILE	EVENT_READ	1523030929506118595
CADACD24-39B4-11E8-BF66-D9AA8AFF4A69	SUBJECT_PROCESS	8A44F292-648B-7854-8B64-00F954785A79	FILE_OBJECT_FILE	EVENT_CLOSE	1523030929506118595
CADACD24-39B4-11E8-BF66-D9AA8AFF4A69	SUBJECT_PROCESS	FC2CA9A1-1BCF-8B57-8F1B-A854778B9026	FILE_OBJECT_FILE	EVENT_OPEN	1523030929506118595
CADACD24-39B4-11E8-BF66-D9AA8AFF4A69	SUBJECT_PROCESS	FC2CA9A1-1BCF-8B57-8F1B-A854778B9026	FILE_OBJECT_FILE	EVENT_MMAP	1523030929506118595
CADACD24-39B4-11E8-BF66-D9AA8AFF4A69	SUBJECT_PROCESS	FC2CA9A1-1BCF-8B57-8F1B-A854778B9026	FILE_OBJECT_FILE	EVENT_MMAP	1523030929506118595
CADACD24-39B4-11E8-BF66-D9AA8AFF4A69	SUBJECT_PROCESS	FC2CA9A1-1BCF-8B57-8F1B-A854778B9026	FILE_OBJECT_FILE	EVENT_MMAP	1523030929506118595
CADACD24-39B4-11E8-BF66-D9AA8AFF4A69	SUBJECT_PROCESS	FC2CA9A1-1BCF-8B57-8F1B-A854778B9026	FILE_OBJECT_FILE	EVENT_MMAP	1523030929506118595
CADACD24-39B4-11E8-BF66-D9AA8AFF4A69	SUBJECT_PROCESS	FC2CA9A1-1BCF-8B57-8F1B-A854778B9026	FILE_OBJECT_FILE	EVENT_MMAP	1523030929506118595
CADACD24-39B4-11E8-BF66-D9AA8AFF4A69	SUBJECT_PROCESS	FC2CA9A1-1BCF-8B57-8F1B-A854778B9026	FILE_OBJECT_FILE	EVENT_MMAP	1523030929506118595
CADACD24-39B4-11E8-BF66-D9AA8AFF4A69	SUBJECT_PROCESS	FC2CA9A1-1BCF-8B57-8F1B-A854778B9026	FILE_OBJECT_FILE	EVENT_CLOSE	1523030929506118595
CADACD24-39B4-11E8-BF66-D9AA8AFF4A69	SUBJECT_PROCESS	718F288D-A702-1B5D-82A7-80807D1BB326	FILE_OBJECT_FILE	EVENT_OPEN	1523030929506118595
CADACD24-39B4-11E8-BF66-D9AA8AFF4A69	SUBJECT_PROCESS	718F288D-A702-1B5D-82A7-80807D1BB326	FILE_OBJECT_FILE	EVENT_MMAP	1523030929506118595
CADACD24-39B4-11E8-BF66-D9AA8AFF4A69	SUBJECT_PROCESS	718F288D-A702-1B5D-82A7-80807D1BB326	FILE_OBJECT_FILE	EVENT_MMAP	1523030929506118595
CADACD24-39B4-11E8-BF66-D9AA8AFF4A69	SUBJECT_PROCESS	718F288D-A702-1B5D-82A7-80807D1BB326	FILE_OBJECT_FILE	EVENT_MMAP	1523030929506118595
CADACD24-39B4-11E8-BF66-D9AA8AFF4A69	SUBJECT_PROCESS	718F288D-A702-1B5D-82A7-80807D1BB326	FILE_OBJECT_FILE	EVENT_MMAP	1523030929506118595
CADACD24-39B4-11E8-BF66-D9AA8AFF4A69	SUBJECT_PROCESS	718F288D-A702-1B5D-82A7-80807D1BB326	FILE_OBJECT_FILE	EVENT_MMAP	1523030929506118595
CADACD24-39B4-11E8-BF66-D9AA8AFF4A69	SUBJECT_PROCESS	718F288D-A702-1B5D-82A7-80807D1BB326	FILE_OBJECT_FILE	EVENT_MMAP	1523030929506118595
CADACD24-39B4-11E8-BF66-D9AA8AFF4A69	SUBJECT_PROCESS	718F288D-A702-1B5D-82A7-80807D1BB326	FILE_OBJECT_FILE	EVENT_CLOSE	1523030929506118595
CADACD24-39B4-11E8-BF66-D9AA8AFF4A69	SUBJECT_PROCESS	4F909471-32BE-7C54-BE32-1D05C47CA876	FILE_OBJECT_FILE	EVENT_OPEN	1523030929506118595
CADACD24-39B4-11E8-BF66-D9AA8AFF4A69	SUBJECT_PROCESS	4F909471-32BE-7C54-BE32-1D05C47CA876	FILE_OBJECT_FILE	EVENT_MMAP	1523030929506118595
CADACD24-39B4-11E8-BF66-D9AA8AFF4A69	SUBJECT_PROCESS	4F909471-32BE-7C54-BE32-1D05C47CA876	FILE_OBJECT_FILE	EVENT_MMAP	1523030929506118595
CADACD24-39B4-11E8-BF66-D9AA8AFF4A69	SUBJECT_PROCESS	4F909471-32BE-7C54-BE32-1D05C47CA876	FILE_OBJECT_FILE	EVENT_MMAP	1523030929506118595
CADACD24-39B4-11E8-BF66-D9AA8AFF4A69	SUBJECT_PROCESS	4F909471-32BE-7C54-BE32-1D05C47CA876	FILE_OBJECT_FILE	EVENT_MMAP	1523030929506118595
CADACD24-39B4-11E8-BF66-D9AA8AFF4A69	SUBJECT_PROCESS	4F909471-32BE-7C54-BE32-1D05C47CA876	FILE_OBJECT_FILE	EVENT_MMAP	1523030929506118595
CADACD24-39B4-11E8-BF66-D9AA8AFF4A69	SUBJECT_PROCESS	4F909471-32BE-7C54-BE32-1D05C47CA876	FILE_OBJECT_FILE	EVENT_MMAP	1523030929506118595
CADACD24-39B4-11E8-BF66-D9AA8AFF4A69	SUBJECT_PROCESS	4F909471-32BE-7C54-BE32-1D05C47CA876	FILE_OBJECT_FILE	EVENT_CLOSE	1523030929506118595
CADACD24-39B4-11E8-BF66-D9AA8AFF4A69	SUBJECT_PROCESS	0905A02C-D979-5D57-B9D9-F12D475D7A9B	FILE_OBJECT_FILE	EVENT_OPEN	1523030929506118595
CADACD24-39B4-11E8-BF66-D9AA8AFF4A69	SUBJECT_PROCESS	0905A02C-D979-5D57-B9D9-F12D475D7A9B	FILE_OBJECT_FILE	EVENT_MMAP	1523030929506118595
CADACD24-39B4-11E8-BF66-D9AA8AFF4A69	SUBJECT_PROCESS	0905A02C-D979-5D57-B9D9-F12D475D7A9B	FILE_OBJECT_FILE	EVENT_MMAP	1523030929506118595
CADACD24-39B4-11E8-BF66-D9AA8AFF4A69	SUBJECT_PROCESS	0905A02C-D979-5D57-B9D9-F12D475D7A9B	FILE_OBJECT_FILE	EVENT_MMAP	1523030929516108415
CADACD24-39B4-11E8-BF66-D9AA8AFF4A69	SUBJECT_PROCESS	0905A02C-D979-5D57-B9D9-F12D475D7A9B	FILE_OBJECT_FILE	EVENT_MMAP	1523030929516108415
CADACD24-39B4-11E8-BF66-D9AA8AFF4A69	SUBJECT_PROCESS	0905A02C-D979-5D57-B9D9-F12D475D7A9B	FILE_OBJECT_FILE	EVENT_MMAP	1523030929516108415
CADACD24-39B4-11E8-BF66-D9AA8AFF4A69	SUBJECT_PROCESS	0905A02C-D979-5D57-B9D9-F12D475D7A9B	FILE_OBJECT_FILE	EVENT_MMAP	1523030929516108415
CADACD24-39B4-11E8-BF66-D9AA8AFF4A69	SUBJECT_PROCESS	0905A02C-D979-5D57-B9D9-F12D475D7A9B	FILE_OBJECT_FILE	EVENT_CLOSE	1523030929516108415
CADACD24-39B4-11E8-BF66-D9AA8AFF4A69	SUBJECT_PROCESS	9FF334BB-9072-D756-B290-556656D73728	FILE_OBJECT_FILE	EVENT_OPEN	1523030929516108415
CADACD24-39B4-11E8-BF66-D9AA8AFF4A69	SUBJECT_PROCESS	9FF334BB-9072-D756-B290-556656D73728	FILE_OBJECT_FILE	EVENT_MMAP	1523030929516108415
CADACD24-39B4-11E8-BF66-D9AA8AFF4A69	SUBJECT_PROCESS	9FF334BB-9072-D756-B290-556656D73728	FILE_OBJECT_FILE	EVENT_MMAP	1523030929516108415
CADACD24-39B4-11E8-BF66-D9AA8AFF4A69	SUBJECT_PROCESS	9FF334BB-9072-D756-B290-556656D73728	FILE_OBJECT_FILE	EVENT_MMAP	1523030929516108415
CADACD24-39B4-11E8-BF66-D9AA8AFF4A69	SUBJECT_PROCESS	9FF334BB-9072-D756-B290-556656D73728	FILE_OBJECT_FILE	EVENT_MMAP	1523030929516108415
CADACD24-39B4-11E8-BF66-D9AA8AFF4A69	SUBJECT_PROCESS	9FF334BB-9072-D756-B290-556656D73728	FILE_OBJECT_FILE	EVENT_MMAP	1523030929516108415
CADACD24-39B4-11E8-BF66-D9AA8AFF4A69	SUBJECT_PROCESS	9FF334BB-9072-D756-B290-556656D73728	FILE_OBJECT_FILE	EVENT_MMAP	1523030929516108415
CADACD24-39B4-11E8-BF66-D9AA8AFF4A69	SUBJECT_PROCESS	9FF334BB-9072-D756-B290-556656D73728	FILE_OBJECT_FILE	EVENT_CLOSE	1523030929516108415
CADACD24-39B4-11E8-BF66-D9AA8AFF4A69	SUBJECT_PROCESS	76A739B1-A13E-FD50-BEA1-B218A0FD0400	FILE_OBJECT_FILE	EVENT_OPEN	1523030929516108415
CADACD24-39B4-11E8-BF66-D9AA8AFF4A69	SUBJECT_PROCESS	76A739B1-A13E-FD50-BEA1-B218A0FD0400	FILE_OBJECT_FILE	EVENT_MMAP	1523030929516108415
CADACD24-39B4-11E8-BF66-D9AA8AFF4A69	SUBJECT_PROCESS	76A739B1-A13E-FD50-BEA1-B218A0FD0400	FILE_OBJECT_FILE	EVENT_MMAP	1523030929516108415
CADACD24-39B4-11E8-BF66-D9AA8AFF4A69	SUBJECT_PROCESS	76A739B1-A13E-FD50-BEA1-B218A0FD0400	FILE_OBJECT_FILE	EVENT_MMAP	1523030929516108415
CADACD24-39B4-11E8-BF66-D9AA8AFF4A69	SUBJECT_PROCESS	76A739B1-A13E-FD50-BEA1-B218A0FD0400	FILE_OBJECT_FILE	EVENT_MMAP	1523030929516108415
CADACD24-39B4-11E8-BF66-D9AA8AFF4A69	SUBJECT_PROCESS	76A739B1-A13E-FD50-BEA1-B218A0FD0400	FILE_OBJECT_FILE	EVENT_MMAP	1523030929516108415
CADACD24-39B4-11E8-BF66-D9AA8AFF4A69	SUBJECT_PROCESS	76A739B1-A13E-FD50-BEA1-B218A0FD0400	FILE_OBJECT_FILE	EVENT_MMAP	1523030929516108415
CADACD24-39B4-11E8-BF66-D9AA8AFF4A69	SUBJECT_PROCESS	76A739B1-A13E-FD50-BEA1-B218A0FD0400	FILE_OBJECT_FILE	EVENT_CLOSE	1523030929516108415
CADACD24-39B4-11E8-BF66-D9AA8AFF4A69	SUBJECT_PROCESS	F29977F6-07A2-935B-A207-C4871B93FE07	FILE_OBJECT_FILE	EVENT_OPEN	1523030929516108415
CADACD24-39B4-11E8-BF66-D9AA8AFF4A69	SUBJECT_PROCESS	F29977F6-07A2-935B-A207-C4871B93FE07	FILE_OBJECT_FILE	EVENT_MMAP	1523030929516108415
CADACD24-39B4-11E8-BF66-D9AA8AFF4A69	SUBJECT_PROCESS	F29977F6-07A2-935B-A207-C4871B93FE07	FILE_OBJECT_FILE	EVENT_MMAP	1523030929516108415
CADACD24-39B4-11E8-BF66-D9AA8AFF4A69	SUBJECT_PROCESS	F29977F6-07A2-935B-A207-C4871B93FE07	FILE_OBJECT_FILE	EVENT_MMAP	1523030929516108415
CADACD24-39B4-11E8-BF66-D9AA8AFF4A69	SUBJECT_PROCESS	F29977F6-07A2-935B-A207-C4871B93FE07	FILE_OBJECT_FILE	EVENT_MMAP	1523030929516108415
CADACD24-39B4-11E8-BF66-D9AA8AFF4A69	SUBJECT_PROCESS	F29977F6-07A2-935B-A207-C4871B93FE07	FILE_OBJECT_FILE	EVENT_MMAP	1523030929516108415
CADACD24-39B4-11E8-BF66-D9AA8AFF4A69	SUBJECT_PROCESS	F29977F6-07A2-935B-A207-C4871B93FE07	FILE_OBJECT_FILE	EVENT_MMAP	1523030929516108415
CADACD24-39B4-11E8-BF66-D9AA8AFF4A69	SUBJECT_PROCESS	F29977F6-07A2-935B-A207-C4871B93FE07	FILE_OBJECT_FILE	EVENT_CLOSE	1523030929516108415
CADACD24-39B4-11E8-BF66-D9AA8AFF4A69	SUBJECT_PROCESS	F410BE96-4C0C-765E-8C4C-6F0E2E760020	FILE_OBJECT_FILE	EVENT_OPEN	1523030929526112256
CADACD24-39B4-11E8-BF66-D9AA8AFF4A69	SUBJECT_PROCESS	F410BE96-4C0C-765E-8C4C-6F0E2E760020	FILE_OBJECT_FILE	EVENT_MMAP	1523030929526112256
CADACD24-39B4-11E8-BF66-D9AA8AFF4A69	SUBJECT_PROCESS	F410BE96-4C0C-765E-8C4C-6F0E2E760020	FILE_OBJECT_FILE	EVENT_MMAP	1523030929526112256
CADACD24-39B4-11E8-BF66-D9AA8AFF4A69	SUBJECT_PROCESS	F410BE96-4C0C-765E-8C4C-6F0E2E760020	FILE_OBJECT_FILE	EVENT_CLOSE	1523030929526112256
CADACD24-39B4-11E8-BF66-D9AA8AFF4A69	SUBJECT_PROCESS	4D344F9D-3989-8550-8939-91A3B085C709	FILE_OBJECT_FILE	EVENT_WRITE	1523030929566112799
CADACD24-39B4-11E8-BF66-D9AA8AFF4A69	SUBJECT_PROCESS	4D344F9D-3989-8550-8939-91A3B085C709	FILE_OBJECT_FILE	EVENT_WRITE	1523030929566112799
CADACD24-39B4-11E8-BF66-D9AA8AFF4A69	SUBJECT_PROCESS	CADACD24-39B4-11E8-BF66-D9AA8AFF4A69	SUBJECT_PROCESS	EVENT_EXIT	1523030929566112799
D59C58B7-373D-11E8-BF66-D9AA8AFF4A69	SUBJECT_PROCESS	CAE5F1BB-39B4-11E8-BF66-D9AA8AFF4A69	SUBJECT_PROCESS	EVENT_FORK	1523030929576108900
CAE5F1BB-39B4-11E8-BF66-D9AA8AFF4A69	SUBJECT_PROCESS	CC349957-3DA4-8E5E-A43D-C7740E8ECAA9	FILE_OBJECT_FILE	EVENT_CLOSE	1523030929576108900
CAE5F1BB-39B4-11E8-BF66-D9AA8AFF4A69	SUBJECT_PROCESS	6C836AA2-BB54-3A58-94BB-1E5D583A637E	FILE_OBJECT_FILE	EVENT_EXECUTE	1523030929576108900
CAE5F1BB-39B4-11E8-BF66-D9AA8AFF4A69	SUBJECT_PROCESS	7A350F75-9945-425D-8599-15CEBD426F06	FILE_OBJECT_FILE	EVENT_EXECUTE	1523030929576108900
CAE5F1BB-39B4-11E8-BF66-D9AA8AFF4A69	SUBJECT_PROCESS	51110606-D232-9652-B2D2-3A7242968F8A	FILE_OBJECT_FILE	EVENT_OPEN	1523030929576108900
CAE5F1BB-39B4-11E8-BF66-D9AA8AFF4A69	SUBJECT_PROCESS	51110606-D232-9652-B2D2-3A7242968F8A	FILE_OBJECT_FILE	EVENT_READ	1523030929576108900
CAE5F1BB-39B4-11E8-BF66-D9AA8AFF4A69	SUBJECT_PROCESS	51110606-D232-9652-B2D2-3A7242968F8A	FILE_OBJECT_FILE	EVENT_CLOSE	1523030929576108900
CAE5F1BB-39B4-11E8-BF66-D9AA8AFF4A69	SUBJECT_PROCESS	8A44F292-648B-7854-8B64-00F954785A79	FILE_OBJECT_FILE	EVENT_OPEN	1523030929576108900
CAE5F1BB-39B4-11E8-BF66-D9AA8AFF4A69	SUBJECT_PROCESS	8A44F292-648B-7854-8B64-00F954785A79	FILE_OBJECT_FILE	EVENT_READ	1523030929576108900
CAE5F1BB-39B4-11E8-BF66-D9AA8AFF4A69	SUBJECT_PROCESS	8A44F292-648B-7854-8B64-00F954785A79	FILE_OBJECT_FILE	EVENT_READ	1523030929576108900
CAE5F1BB-39B4-11E8-BF66-D9AA8AFF4A69	SUBJECT_PROCESS	8A44F292-648B-7854-8B64-00F954785A79	FILE_OBJECT_FILE	EVENT_CLOSE	1523030929576108900
CAE5F1BB-39B4-11E8-BF66-D9AA8AFF4A69	SUBJECT_PROCESS	76A739B1-A13E-FD50-BEA1-B218A0FD0400	FILE_OBJECT_FILE	EVENT_OPEN	1523030929576108900
CAE5F1BB-39B4-11E8-BF66-D9AA8AFF4A69	SUBJECT_PROCESS	76A739B1-A13E-FD50-BEA1-B218A0FD0400	FILE_OBJECT_FILE	EVENT_MMAP	1523030929576108900
CAE5F1BB-39B4-11E8-BF66-D9AA8AFF4A69	SUBJECT_PROCESS	76A739B1-A13E-FD50-BEA1-B218A0FD0400	FILE_OBJECT_FILE	EVENT_MMAP	1523030929576108900
CAE5F1BB-39B4-11E8-BF66-D9AA8AFF4A69	SUBJECT_PROCESS	76A739B1-A13E-FD50-BEA1-B218A0FD0400	FILE_OBJECT_FILE	EVENT_MMAP	1523030929576108900
CAE5F1BB-39B4-11E8-BF66-D9AA8AFF4A69	SUBJECT_PROCESS	76A739B1-A13E-FD50-BEA1-B218A0FD0400	FILE_OBJECT_FILE	EVENT_MMAP	1523030929576108900
CAE5F1BB-39B4-11E8-BF66-D9AA8AFF4A69	SUBJECT_PROCESS	76A739B1-A13E-FD50-BEA1-B218A0FD0400	FILE_OBJECT_FILE	EVENT_MMAP	1523030929576108900
CAE5F1BB-39B4-11E8-BF66-D9AA8AFF4A69	SUBJECT_PROCESS	76A739B1-A13E-FD50-BEA1-B218A0FD0400	FILE_OBJECT_FILE	EVENT_MMAP	1523030929576108900
CAE5F1BB-39B4-11E8-BF66-D9AA8AFF4A69	SUBJECT_PROCESS	76A739B1-A13E-FD50-BEA1-B218A0FD0400	FILE_OBJECT_FILE	EVENT_CLOSE	1523030929576108900
CAE5F1BB-39B4-11E8-BF66-D9AA8AFF4A69	SUBJECT_PROCESS	F410BE96-4C0C-765E-8C4C-6F0E2E760020	FILE_OBJECT_FILE	EVENT_OPEN	1523030929576108900
CAE5F1BB-39B4-11E8-BF66-D9AA8AFF4A69	SUBJECT_PROCESS	F410BE96-4C0C-765E-8C4C-6F0E2E760020	FILE_OBJECT_FILE	EVENT_MMAP	1523030929576108900
CAE5F1BB-39B4-11E8-BF66-D9AA8AFF4A69	SUBJECT_PROCESS	F410BE96-4C0C-765E-8C4C-6F0E2E760020	FILE_OBJECT_FILE	EVENT_MMAP	1523030929576108900
CAE5F1BB-39B4-11E8-BF66-D9AA8AFF4A69	SUBJECT_PROCESS	F410BE96-4C0C-765E-8C4C-6F0E2E760020	FILE_OBJECT_FILE	EVENT_CLOSE	1523030929576108900
72FB0406-3678-11E8-BF66-D9AA8AFF4A69	SUBJECT_PROCESS	CA72D036-39B4-11E8-BF66-D9AA8AFF4A69	FILE_OBJECT_UNIX_SOCKET	EVENT_CLOSE	1523030929806108178
72FB0406-3678-11E8-BF66-D9AA8AFF4A69	SUBJECT_PROCESS	CA72D0D3-39B4-11E8-BF66-D9AA8AFF4A69	FILE_OBJECT_UNIX_SOCKET	EVENT_CLOSE	1523030929806108178
72FB0406-3678-11E8-BF66-D9AA8AFF4A69	SUBJECT_PROCESS	CB095E51-39B4-11E8-BF66-D9AA8AFF4A69	FILE_OBJECT_UNIX_SOCKET	EVENT_CREATE_OBJECT	1523030929806108178
72FB0406-3678-11E8-BF66-D9AA8AFF4A69	SUBJECT_PROCESS	CB095EB6-39B4-11E8-BF66-D9AA8AFF4A69	FILE_OBJECT_UNIX_SOCKET	EVENT_CREATE_OBJECT	1523030929806108178
CAE5F1BB-39B4-11E8-BF66-D9AA8AFF4A69	SUBJECT_PROCESS	CAE5F1BB-39B4-11E8-BF66-D9AA8AFF4A69	SUBJECT_PROCESS	EVENT_EXIT	1523030930586108450
D59C58B7-373D-11E8-BF66-D9AA8AFF4A69	SUBJECT_PROCESS	CB8062CC-39B4-11E8-BF66-D9AA8AFF4A69	SUBJECT_PROCESS	EVENT_FORK	1523030930586108450
CB8062CC-39B4-11E8-BF66-D9AA8AFF4A69	SUBJECT_PROCESS	CC349957-3DA4-8E5E-A43D-C7740E8ECAA9	FILE_OBJECT_FILE	EVENT_CLOSE	1523030930586108450
CB8062CC-39B4-11E8-BF66-D9AA8AFF4A69	SUBJECT_PROCESS	0E1A657D-11F7-F051-B711-8D3E01F0DC22	FILE_OBJECT_FILE	EVENT_OPEN	1523030930586108450
CB8062CC-39B4-11E8-BF66-D9AA8AFF4A69	SUBJECT_PROCESS	0E1A657D-11F7-F051-B711-8D3E01F0DC22	FILE_OBJECT_FILE	EVENT_CLOSE	1523030930586108450
CB8062CC-39B4-11E8-BF66-D9AA8AFF4A69	SUBJECT_PROCESS	330061CF-6BB3-C45E-B36B-B89D7EC4F443	FILE_OBJECT_FILE	EVENT_EXECUTE	1523030930586108450
CB8062CC-39B4-11E8-BF66-D9AA8AFF4A69	SUBJECT_PROCESS	7A350F75-9945-425D-8599-15CEBD426F06	FILE_OBJECT_FILE	EVENT_EXECUTE	1523030930586108450
CB8062CC-39B4-11E8-BF66-D9AA8AFF4A69	SUBJECT_PROCESS	51110606-D232-9652-B2D2-3A7242968F8A	FILE_OBJECT_FILE	EVENT_OPEN	1523030930586108450
CB8062CC-39B4-11E8-BF66-D9AA8AFF4A69	SUBJECT_PROCESS	51110606-D232-9652-B2D2-3A7242968F8A	FILE_OBJECT_FILE	EVENT_READ	1523030930586108450
CB8062CC-39B4-11E8-BF66-D9AA8AFF4A69	SUBJECT_PROCESS	51110606-D232-9652-B2D2-3A7242968F8A	FILE_OBJECT_FILE	EVENT_CLOSE	1523030930586108450
CB8062CC-39B4-11E8-BF66-D9AA8AFF4A69	SUBJECT_PROCESS	8A44F292-648B-7854-8B64-00F954785A79	FILE_OBJECT_FILE	EVENT_OPEN	1523030930586108450
CB8062CC-39B4-11E8-BF66-D9AA8AFF4A69	SUBJECT_PROCESS	8A44F292-648B-7854-8B64-00F954785A79	FILE_OBJECT_FILE	EVENT_READ	1523030930586108450
CB8062CC-39B4-11E8-BF66-D9AA8AFF4A69	SUBJECT_PROCESS	8A44F292-648B-7854-8B64-00F954785A79	FILE_OBJECT_FILE	EVENT_READ	1523030930586108450
CB8062CC-39B4-11E8-BF66-D9AA8AFF4A69	SUBJECT_PROCESS	8A44F292-648B-7854-8B64-00F954785A79	FILE_OBJECT_FILE	EVENT_CLOSE	1523030930586108450
CB8062CC-39B4-11E8-BF66-D9AA8AFF4A69	SUBJECT_PROCESS	FC2CA9A1-1BCF-8B57-8F1B-A854778B9026	FILE_OBJECT_FILE	EVENT_OPEN	1523030930586108450
CB8062CC-39B4-11E8-BF66-D9AA8AFF4A69	SUBJECT_PROCESS	FC2CA9A1-1BCF-8B57-8F1B-A854778B9026	FILE_OBJECT_FILE	EVENT_MMAP	1523030930586108450
CB8062CC-39B4-11E8-BF66-D9AA8AFF4A69	SUBJECT_PROCESS	FC2CA9A1-1BCF-8B57-8F1B-A854778B9026	FILE_OBJECT_FILE	EVENT_MMAP	1523030930586108450
CB8062CC-39B4-11E8-BF66-D9AA8AFF4A69	SUBJECT_PROCESS	FC2CA9A1-1BCF-8B57-8F1B-A854778B9026	FILE_OBJECT_FILE	EVENT_MMAP	1523030930586108450
CB8062CC-39B4-11E8-BF66-D9AA8AFF4A69	SUBJECT_PROCESS	FC2CA9A1-1BCF-8B57-8F1B-A854778B9026	FILE_OBJECT_FILE	EVENT_MMAP	1523030930586108450
CB8062CC-39B4-11E8-BF66-D9AA8AFF4A69	SUBJECT_PROCESS	FC2CA9A1-1BCF-8B57-8F1B-A854778B9026	FILE_OBJECT_FILE	EVENT_MMAP	1523030930586108450
CB8062CC-39B4-11E8-BF66-D9AA8AFF4A69	SUBJECT_PROCESS	FC2CA9A1-1BCF-8B57-8F1B-A854778B9026	FILE_OBJECT_FILE	EVENT_MMAP	1523030930586108450
CB8062CC-39B4-11E8-BF66-D9AA8AFF4A69	SUBJECT_PROCESS	FC2CA9A1-1BCF-8B57-8F1B-A854778B9026	FILE_OBJECT_FILE	EVENT_CLOSE	1523030930586108450
CB8062CC-39B4-11E8-BF66-D9AA8AFF4A69	SUBJECT_PROCESS	718F288D-A702-1B5D-82A7-80807D1BB326	FILE_OBJECT_FILE	EVENT_OPEN	1523030930586108450
CB8062CC-39B4-11E8-BF66-D9AA8AFF4A69	SUBJECT_PROCESS	718F288D-A702-1B5D-82A7-80807D1BB326	FILE_OBJECT_FILE	EVENT_MMAP	1523030930596112691
CB8062CC-39B4-11E8-BF66-D9AA8AFF4A69	SUBJECT_PROCESS	718F288D-A702-1B5D-82A7-80807D1BB326	FILE_OBJECT_FILE	EVENT_MMAP	1523030930596112691
CB8062CC-39B4-11E8-BF66-D9AA8AFF4A69	SUBJECT_PROCESS	718F288D-A702-1B5D-82A7-80807D1BB326	FILE_OBJECT_FILE	EVENT_MMAP	1523030930596112691
CB8062CC-39B4-11E8-BF66-D9AA8AFF4A69	SUBJECT_PROCESS	718F288D-A702-1B5D-82A7-80807D1BB326	FILE_OBJECT_FILE	EVENT_MMAP	1523030930596112691
CB8062CC-39B4-11E8-BF66-D9AA8AFF4A69	SUBJECT_PROCESS	718F288D-A702-1B5D-82A7-80807D1BB326	FILE_OBJECT_FILE	EVENT_MMAP	1523030930596112691
CB8062CC-39B4-11E8-BF66-D9AA8AFF4A69	SUBJECT_PROCESS	718F288D-A702-1B5D-82A7-80807D1BB326	FILE_OBJECT_FILE	EVENT_MMAP	1523030930596112691
CB8062CC-39B4-11E8-BF66-D9AA8AFF4A69	SUBJECT_PROCESS	718F288D-A702-1B5D-82A7-80807D1BB326	FILE_OBJECT_FILE	EVENT_CLOSE	1523030930596112691
CB8062CC-39B4-11E8-BF66-D9AA8AFF4A69	SUBJECT_PROCESS	4F909471-32BE-7C54-BE32-1D05C47CA876	FILE_OBJECT_FILE	EVENT_OPEN	1523030930596112691
CB8062CC-39B4-11E8-BF66-D9AA8AFF4A69	SUBJECT_PROCESS	4F909471-32BE-7C54-BE32-1D05C47CA876	FILE_OBJECT_FILE	EVENT_MMAP	1523030930596112691
CB8062CC-39B4-11E8-BF66-D9AA8AFF4A69	SUBJECT_PROCESS	4F909471-32BE-7C54-BE32-1D05C47CA876	FILE_OBJECT_FILE	EVENT_MMAP	1523030930596112691
CB8062CC-39B4-11E8-BF66-D9AA8AFF4A69	SUBJECT_PROCESS	4F909471-32BE-7C54-BE32-1D05C47CA876	FILE_OBJECT_FILE	EVENT_MMAP	1523030930596112691
CB8062CC-39B4-11E8-BF66-D9AA8AFF4A69	SUBJECT_PROCESS	4F909471-32BE-7C54-BE32-1D05C47CA876	FILE_OBJECT_FILE	EVENT_MMAP	1523030930596112691
CB8062CC-39B4-11E8-BF66-D9AA8AFF4A69	SUBJECT_PROCESS	4F909471-32BE-7C54-BE32-1D05C47CA876	FILE_OBJECT_FILE	EVENT_MMAP	1523030930596112691
CB8062CC-39B4-11E8-BF66-D9AA8AFF4A69	SUBJECT_PROCESS	4F909471-32BE-7C54-BE32-1D05C47CA876	FILE_OBJECT_FILE	EVENT_MMAP	1523030930596112691
CB8062CC-39B4-11E8-BF66-D9AA8AFF4A69	SUBJECT_PROCESS	4F909471-32BE-7C54-BE32-1D05C47CA876	FILE_OBJECT_FILE	EVENT_CLOSE	1523030930596112691
CB8062CC-39B4-11E8-BF66-D9AA8AFF4A69	SUBJECT_PROCESS	0905A02C-D979-5D57-B9D9-F12D475D7A9B	FILE_OBJECT_FILE	EVENT_OPEN	1523030930596112691
CB8062CC-39B4-11E8-BF66-D9AA8AFF4A69	SUBJECT_PROCESS	0905A02C-D979-5D57-B9D9-F12D475D7A9B	FILE_OBJECT_FILE	EVENT_MMAP	1523030930596112691
CB8062CC-39B4-11E8-BF66-D9AA8AFF4A69	SUBJECT_PROCESS	0905A02C-D979-5D57-B9D9-F12D475D7A9B	FILE_OBJECT_FILE	EVENT_MMAP	1523030930596112691
CB8062CC-39B4-11E8-BF66-D9AA8AFF4A69	SUBJECT_PROCESS	0905A02C-D979-5D57-B9D9-F12D475D7A9B	FILE_OBJECT_FILE	EVENT_MMAP	1523030930596112691
CB8062CC-39B4-11E8-BF66-D9AA8AFF4A69	SUBJECT_PROCESS	0905A02C-D979-5D57-B9D9-F12D475D7A9B	FILE_OBJECT_FILE	EVENT_MMAP	1523030930596112691
CB8062CC-39B4-11E8-BF66-D9AA8AFF4A69	SUBJECT_PROCESS	0905A02C-D979-5D57-B9D9-F12D475D7A9B	FILE_OBJECT_FILE	EVENT_MMAP	1523030930596112691
CB8062CC-39B4-11E8-BF66-D9AA8AFF4A69	SUBJECT_PROCESS	0905A02C-D979-5D57-B9D9-F12D475D7A9B	FILE_OBJECT_FILE	EVENT_MMAP	1523030930596112691
CB8062CC-39B4-11E8-BF66-D9AA8AFF4A69	SUBJECT_PROCESS	0905A02C-D979-5D57-B9D9-F12D475D7A9B	FILE_OBJECT_FILE	EVENT_CLOSE	1523030930596112691
CB8062CC-39B4-11E8-BF66-D9AA8AFF4A69	SUBJECT_PROCESS	9FF334BB-9072-D756-B290-556656D73728	FILE_OBJECT_FILE	EVENT_OPEN	1523030930596112691
CB8062CC-39B4-11E8-BF66-D9AA8AFF4A69	SUBJECT_PROCESS	9FF334BB-9072-D756-B290-556656D73728	FILE_OBJECT_FILE	EVENT_MMAP	1523030930596112691
CB8062CC-39B4-11E8-BF66-D9AA8AFF4A69	SUBJECT_PROCESS	9FF334BB-9072-D756-B290-556656D73728	FILE_OBJECT_FILE	EVENT_MMAP	1523030930596112691
CB8062CC-39B4-11E8-BF66-D9AA8AFF4A69	SUBJECT_PROCESS	9FF334BB-9072-D756-B290-556656D73728	FILE_OBJECT_FILE	EVENT_MMAP	1523030930596112691
CB8062CC-39B4-11E8-BF66-D9AA8AFF4A69	SUBJECT_PROCESS	9FF334BB-9072-D756-B290-556656D73728	FILE_OBJECT_FILE	EVENT_MMAP	1523030930596112691
CB8062CC-39B4-11E8-BF66-D9AA8AFF4A69	SUBJECT_PROCESS	9FF334BB-9072-D756-B290-556656D73728	FILE_OBJECT_FILE	EVENT_MMAP	1523030930596112691
CB8062CC-39B4-11E8-BF66-D9AA8AFF4A69	SUBJECT_PROCESS	9FF334BB-9072-D756-B290-556656D73728	FILE_OBJECT_FILE	EVENT_MMAP	1523030930596112691
CB8062CC-39B4-11E8-BF66-D9AA8AFF4A69	SUBJECT_PROCESS	9FF334BB-9072-D756-B290-556656D73728	FILE_OBJECT_FILE	EVENT_CLOSE	1523030930596112691
CB8062CC-39B4-11E8-BF66-D9AA8AFF4A69	SUBJECT_PROCESS	76A739B1-A13E-FD50-BEA1-B218A0FD0400	FILE_OBJECT_FILE	EVENT_OPEN	1523030930606113072
CB8062CC-39B4-11E8-BF66-D9AA8AFF4A69	SUBJECT_PROCESS	76A739B1-A13E-FD50-BEA1-B218A0FD0400	FILE_OBJECT_FILE	EVENT_MMAP	1523030930606113072
CB8062CC-39B4-11E8-BF66-D9AA8AFF4A69	SUBJECT_PROCESS	76A739B1-A13E-FD50-BEA1-B218A0FD0400	FILE_OBJECT_FILE	EVENT_MMAP	1523030930606113072
CB8062CC-39B4-11E8-BF66-D9AA8AFF4A69	SUBJECT_PROCESS	76A739B1-A13E-FD50-BEA1-B218A0FD0400	FILE_OBJECT_FILE	EVENT_MMAP	1523030930606113072
CB8062CC-39B4-11E8-BF66-D9AA8AFF4A69	SUBJECT_PROCESS	76A739B1-A13E-FD50-BEA1-B218A0FD0400	FILE_OBJECT_FILE	EVENT_MMAP	1523030930606113072
CB8062CC-39B4-11E8-BF66-D9AA8AFF4A69	SUBJECT_PROCESS	76A739B1-A13E-FD50-BEA1-B218A0FD0400	FILE_OBJECT_FILE	EVENT_MMAP	1523030930606113072
CB8062CC-39B4-11E8-BF66-D9AA8AFF4A69	SUBJECT_PROCESS	76A739B1-A13E-FD50-BEA1-B218A0FD0400	FILE_OBJECT_FILE	EVENT_MMAP	1523030930606113072
CB8062CC-39B4-11E8-BF66-D9AA8AFF4A69	SUBJECT_PROCESS	76A739B1-A13E-FD50-BEA1-B218A0FD0400	FILE_OBJECT_FILE	EVENT_CLOSE	1523030930606113072
CB8062CC-39B4-11E8-BF66-D9AA8AFF4A69	SUBJECT_PROCESS	F29977F6-07A2-935B-A207-C4871B93FE07	FILE_OBJECT_FILE	EVENT_OPEN	1523030930606113072
CB8062CC-39B4-11E8-BF66-D9AA8AFF4A69	SUBJECT_PROCESS	F29977F6-07A2-935B-A207-C4871B93FE07	FILE_OBJECT_FILE	EVENT_MMAP	1523030930606113072
CB8062CC-39B4-11E8-BF66-D9AA8AFF4A69	SUBJECT_PROCESS	F29977F6-07A2-935B-A207-C4871B93FE07	FILE_OBJECT_FILE	EVENT_MMAP	1523030930606113072
CB8062CC-39B4-11E8-BF66-D9AA8AFF4A69	SUBJECT_PROCESS	F29977F6-07A2-935B-A207-C4871B93FE07	FILE_OBJECT_FILE	EVENT_MMAP	1523030930606113072
CB8062CC-39B4-11E8-BF66-D9AA8AFF4A69	SUBJECT_PROCESS	F29977F6-07A2-935B-A207-C4871B93FE07	FILE_OBJECT_FILE	EVENT_MMAP	1523030930606113072
CB8062CC-39B4-11E8-BF66-D9AA8AFF4A69	SUBJECT_PROCESS	F29977F6-07A2-935B-A207-C4871B93FE07	FILE_OBJECT_FILE	EVENT_MMAP	1523030930606113072
CB8062CC-39B4-11E8-BF66-D9AA8AFF4A69	SUBJECT_PROCESS	F29977F6-07A2-935B-A207-C4871B93FE07	FILE_OBJECT_FILE	EVENT_MMAP	1523030930606113072
CB8062CC-39B4-11E8-BF66-D9AA8AFF4A69	SUBJECT_PROCESS	F29977F6-07A2-935B-A207-C4871B93FE07	FILE_OBJECT_FILE	EVENT_CLOSE	1523030930606113072
CB8062CC-39B4-11E8-BF66-D9AA8AFF4A69	SUBJECT_PROCESS	F410BE96-4C0C-765E-8C4C-6F0E2E760020	FILE_OBJECT_FILE	EVENT_OPEN	1523030930606113072
CB8062CC-39B4-11E8-BF66-D9AA8AFF4A69	SUBJECT_PROCESS	F410BE96-4C0C-765E-8C4C-6F0E2E760020	FILE_OBJECT_FILE	EVENT_MMAP	1523030930606113072
CB8062CC-39B4-11E8-BF66-D9AA8AFF4A69	SUBJECT_PROCESS	F410BE96-4C0C-765E-8C4C-6F0E2E760020	FILE_OBJECT_FILE	EVENT_MMAP	1523030930606113072
CB8062CC-39B4-11E8-BF66-D9AA8AFF4A69	SUBJECT_PROCESS	F410BE96-4C0C-765E-8C4C-6F0E2E760020	FILE_OBJECT_FILE	EVENT_CLOSE	1523030930606113072
CB8062CC-39B4-11E8-BF66-D9AA8AFF4A69	SUBJECT_PROCESS	0E1A657D-11F7-F051-B711-8D3E01F0DC22	FILE_OBJECT_FILE	EVENT_WRITE	1523030930616109453
CB8062CC-39B4-11E8-BF66-D9AA8AFF4A69	SUBJECT_PROCESS	0E1A657D-11F7-F051-B711-8D3E01F0DC22	FILE_OBJECT_FILE	EVENT_WRITE	1523030930616109453
CB8062CC-39B4-11E8-BF66-D9AA8AFF4A69	SUBJECT_PROCESS	0E1A657D-11F7-F051-B711-8D3E01F0DC22	FILE_OBJECT_FILE	EVENT_WRITE	1523030930616109453
CB8062CC-39B4-11E8-BF66-D9AA8AFF4A69	SUBJECT_PROCESS	CB8062CC-39B4-11E8-BF66-D9AA8AFF4A69	SUBJECT_PROCESS	EVENT_EXIT	1523030930616109453
D59C58B7-373D-11E8-BF66-D9AA8AFF4A69	SUBJECT_PROCESS	CB85152B-39B4-11E8-BF66-D9AA8AFF4A69	SUBJECT_PROCESS	EVENT_FORK	1523030930616109453
CB85152B-39B4-11E8-BF66-D9AA8AFF4A69	SUBJECT_PROCESS	CC349957-3DA4-8E5E-A43D-C7740E8ECAA9	FILE_OBJECT_FILE	EVENT_CLOSE	1523030930616109453
CB85152B-39B4-11E8-BF66-D9AA8AFF4A69	SUBJECT_PROCESS	6C836AA2-BB54-3A58-94BB-1E5D583A637E	FILE_OBJECT_FILE	EVENT_EXECUTE	1523030930616109453
CB85152B-39B4-11E8-BF66-D9AA8AFF4A69	SUBJECT_PROCESS	7A350F75-9945-425D-8599-15CEBD426F06	FILE_OBJECT_FILE	EVENT_EXECUTE	1523030930616109453
CB85152B-39B4-11E8-BF66-D9AA8AFF4A69	SUBJECT_PROCESS	51110606-D232-9652-B2D2-3A7242968F8A	FILE_OBJECT_FILE	EVENT_OPEN	1523030930616109453
CB85152B-39B4-11E8-BF66-D9AA8AFF4A69	SUBJECT_PROCESS	51110606-D232-9652-B2D2-3A7242968F8A	FILE_OBJECT_FILE	EVENT_READ	1523030930616109453
CB85152B-39B4-11E8-BF66-D9AA8AFF4A69	SUBJECT_PROCESS	51110606-D232-9652-B2D2-3A7242968F8A	FILE_OBJECT_FILE	EVENT_CLOSE	1523030930616109453
CB85152B-39B4-11E8-BF66-D9AA8AFF4A69	SUBJECT_PROCESS	8A44F292-648B-7854-8B64-00F954785A79	FILE_OBJECT_FILE	EVENT_OPEN	1523030930616109453
CB85152B-39B4-11E8-BF66-D9AA8AFF4A69	SUBJECT_PROCESS	8A44F292-648B-7854-8B64-00F954785A79	FILE_OBJECT_FILE	EVENT_READ	1523030930616109453
CB85152B-39B4-11E8-BF66-D9AA8AFF4A69	SUBJECT_PROCESS	8A44F292-648B-7854-8B64-00F954785A79	FILE_OBJECT_FILE	EVENT_READ	1523030930616109453
CB85152B-39B4-11E8-BF66-D9AA8AFF4A69	SUBJECT_PROCESS	8A44F292-648B-7854-8B64-00F954785A79	FILE_OBJECT_FILE	EVENT_CLOSE	1523030930616109453
CB85152B-39B4-11E8-BF66-D9AA8AFF4A69	SUBJECT_PROCESS	76A739B1-A13E-FD50-BEA1-B218A0FD0400	FILE_OBJECT_FILE	EVENT_OPEN	1523030930616109453
CB85152B-39B4-11E8-BF66-D9AA8AFF4A69	SUBJECT_PROCESS	76A739B1-A13E-FD50-BEA1-B218A0FD0400	FILE_OBJECT_FILE	EVENT_MMAP	1523030930616109453
CB85152B-39B4-11E8-BF66-D9AA8AFF4A69	SUBJECT_PROCESS	76A739B1-A13E-FD50-BEA1-B218A0FD0400	FILE_OBJECT_FILE	EVENT_MMAP	1523030930616109453
CB85152B-39B4-11E8-BF66-D9AA8AFF4A69	SUBJECT_PROCESS	76A739B1-A13E-FD50-BEA1-B218A0FD0400	FILE_OBJECT_FILE	EVENT_MMAP	1523030930616109453
CB85152B-39B4-11E8-BF66-D9AA8AFF4A69	SUBJECT_PROCESS	76A739B1-A13E-FD50-BEA1-B218A0FD0400	FILE_OBJECT_FILE	EVENT_MMAP	1523030930616109453
CB85152B-39B4-11E8-BF66-D9AA8AFF4A69	SUBJECT_PROCESS	76A739B1-A13E-FD50-BEA1-B218A0FD0400	FILE_OBJECT_FILE	EVENT_MMAP	1523030930616109453
CB85152B-39B4-11E8-BF66-D9AA8AFF4A69	SUBJECT_PROCESS	76A739B1-A13E-FD50-BEA1-B218A0FD0400	FILE_OBJECT_FILE	EVENT_MMAP	1523030930616109453
CB85152B-39B4-11E8-BF66-D9AA8AFF4A69	SUBJECT_PROCESS	76A739B1-A13E-FD50-BEA1-B218A0FD0400	FILE_OBJECT_FILE	EVENT_CLOSE	1523030930616109453
CB85152B-39B4-11E8-BF66-D9AA8AFF4A69	SUBJECT_PROCESS	F410BE96-4C0C-765E-8C4C-6F0E2E760020	FILE_OBJECT_FILE	EVENT_OPEN	1523030930616109453
CB85152B-39B4-11E8-BF66-D9AA8AFF4A69	SUBJECT_PROCESS	F410BE96-4C0C-765E-8C4C-6F0E2E760020	FILE_OBJECT_FILE	EVENT_MMAP	1523030930626109814
CB85152B-39B4-11E8-BF66-D9AA8AFF4A69	SUBJECT_PROCESS	F410BE96-4C0C-765E-8C4C-6F0E2E760020	FILE_OBJECT_FILE	EVENT_MMAP	1523030930626109814
CB85152B-39B4-11E8-BF66-D9AA8AFF4A69	SUBJECT_PROCESS	F410BE96-4C0C-765E-8C4C-6F0E2E760020	FILE_OBJECT_FILE	EVENT_CLOSE	1523030930626109814
72FB0406-3678-11E8-BF66-D9AA8AFF4A69	SUBJECT_PROCESS	CB095E51-39B4-11E8-BF66-D9AA8AFF4A69	FILE_OBJECT_UNIX_SOCKET	EVENT_CLOSE	1523030930806108758
72FB0406-3678-11E8-BF66-D9AA8AFF4A69	SUBJECT_PROCESS	CB095EB6-39B4-11E8-BF66-D9AA8AFF4A69	FILE_OBJECT_UNIX_SOCKET	EVENT_CLOSE	1523030930806108758
72FB0406-3678-11E8-BF66-D9AA8AFF4A69	SUBJECT_PROCESS	CBA1F873-39B4-11E8-BF66-D9AA8AFF4A69	FILE_OBJECT_UNIX_SOCKET	EVENT_CREATE_OBJECT	1523030930806108758
72FB0406-3678-11E8-BF66-D9AA8AFF4A69	SUBJECT_PROCESS	CBA1F8DF-39B4-11E8-BF66-D9AA8AFF4A69	FILE_OBJECT_UNIX_SOCKET	EVENT_CREATE_OBJECT	1523030930806108758
1E51718B-39B3-11E8-BF66-D9AA8AFF4A69	SUBJECT_PROCESS	1E5157A9-39B3-11E8-BF66-D9AA8AFF4A69	NetFlowObject	EVENT_WRITE	1523030930966109781
1E51718B-39B3-11E8-BF66-D9AA8AFF4A69	SUBJECT_PROCESS	1E5157A9-39B3-11E8-BF66-D9AA8AFF4A69	NetFlowObject	EVENT_READ	1523030930966109781
1E51718B-39B3-11E8-BF66-D9AA8AFF4A69	SUBJECT_PROCESS	1E5157A9-39B3-11E8-BF66-D9AA8AFF4A69	NetFlowObject	EVENT_WRITE	1523030930966109781
1E51718B-39B3-11E8-BF66-D9AA8AFF4A69	SUBJECT_PROCESS	1E5157A9-39B3-11E8-BF66-D9AA8AFF4A69	NetFlowObject	EVENT_READ	1523030930966109781
1E51718B-39B3-11E8-BF66-D9AA8AFF4A69	SUBJECT_PROCESS	1E5157A9-39B3-11E8-BF66-D9AA8AFF4A69	NetFlowObject	EVENT_WRITE	1523030930966109781
1E51718B-39B3-11E8-BF66-D9AA8AFF4A69	SUBJECT_PROCESS	1E5157A9-39B3-11E8-BF66-D9AA8AFF4A69	NetFlowObject	EVENT_READ	1523030930966109781
1E51718B-39B3-11E8-BF66-D9AA8AFF4A69	SUBJECT_PROCESS	1E5157A9-39B3-11E8-BF66-D9AA8AFF4A69	NetFlowObject	EVENT_WRITE	1523030930966109781
1E51718B-39B3-11E8-BF66-D9AA8AFF4A69	SUBJECT_PROCESS	1E5157A9-39B3-11E8-BF66-D9AA8AFF4A69	NetFlowObject	EVENT_READ	1523030930966109781
1E51718B-39B3-11E8-BF66-D9AA8AFF4A69	SUBJECT_PROCESS	1E5157A9-39B3-11E8-BF66-D9AA8AFF4A69	NetFlowObject	EVENT_WRITE	1523030930966109781
CB85152B-39B4-11E8-BF66-D9AA8AFF4A69	SUBJECT_PROCESS	CB85152B-39B4-11E8-BF66-D9AA8AFF4A69	SUBJECT_PROCESS	EVENT_EXIT	1523030931636106244
D59C58B7-373D-11E8-BF66-D9AA8AFF4A69	SUBJECT_PROCESS	AF3C5B41-B0C1-580B-9F83-7EA867DAC8E9	UnnamedPipeObject	EVENT_CREATE_OBJECT	1523030931636106244
D59C58B7-373D-11E8-BF66-D9AA8AFF4A69	SUBJECT_PROCESS	CC208030-39B4-11E8-BF66-D9AA8AFF4A69	SUBJECT_PROCESS	EVENT_FORK	1523030931636106244
CC208030-39B4-11E8-BF66-D9AA8AFF4A69	SUBJECT_PROCESS	CC349957-3DA4-8E5E-A43D-C7740E8ECAA9	FILE_OBJECT_FILE	EVENT_CLOSE	1523030931636106244
D59C58B7-373D-11E8-BF66-D9AA8AFF4A69	SUBJECT_PROCESS	CC20A2BF-39B4-11E8-BF66-D9AA8AFF4A69	SUBJECT_PROCESS	EVENT_FORK	1523030931636106244
CC20A2BF-39B4-11E8-BF66-D9AA8AFF4A69	SUBJECT_PROCESS	CC349957-3DA4-8E5E-A43D-C7740E8ECAA9	FILE_OBJECT_FILE	EVENT_CLOSE	1523030931636106244
CC208030-39B4-11E8-BF66-D9AA8AFF4A69	SUBJECT_PROCESS	9D6CE3F1-AA37-D656-B7AA-BA6D46D61C69	FILE_OBJECT_FILE	EVENT_EXECUTE	1523030931636106244
CC208030-39B4-11E8-BF66-D9AA8AFF4A69	SUBJECT_PROCESS	7A350F75-9945-425D-8599-15CEBD426F06	FILE_OBJECT_FILE	EVENT_EXECUTE	1523030931636106244
CC208030-39B4-11E8-BF66-D9AA8AFF4A69	SUBJECT_PROCESS	51110606-D232-9652-B2D2-3A7242968F8A	FILE_OBJECT_FILE	EVENT_OPEN	1523030931636106244
CC20A2BF-39B4-11E8-BF66-D9AA8AFF4A69	SUBJECT_PROCESS	FADB56EB-6919-8A51-9969-955CD18AFFC9	FILE_OBJECT_FILE	EVENT_OPEN	1523030931636106244
CC208030-39B4-11E8-BF66-D9AA8AFF4A69	SUBJECT_PROCESS	51110606-D232-9652-B2D2-3A7242968F8A	FILE_OBJECT_FILE	EVENT_READ	1523030931636106244
CC208030-39B4-11E8-BF66-D9AA8AFF4A69	SUBJECT_PROCESS	51110606-D232-9652-B2D2-3A7242968F8A	FILE_OBJECT_FILE	EVENT_CLOSE	1523030931636106244
CC20A2BF-39B4-11E8-BF66-D9AA8AFF4A69	SUBJECT_PROCESS	FADB56EB-6919-8A51-9969-955CD18AFFC9	FILE_OBJECT_FILE	EVENT_CLOSE	1523030931636106244
CC208030-39B4-11E8-BF66-D9AA8AFF4A69	SUBJECT_PROCESS	8A44F292-648B-7854-8B64-00F954785A79	FILE_OBJECT_FILE	EVENT_OPEN	1523030931636106244
CC208030-39B4-11E8-BF66-D9AA8AFF4A69	SUBJECT_PROCESS	8A44F292-648B-7854-8B64-00F954785A79	FILE_OBJECT_FILE	EVENT_READ	1523030931636106244
CC20A2BF-39B4-11E8-BF66-D9AA8AFF4A69	SUBJECT_PROCESS	91207D42-8B6E-6454-AE8B-D3FF24648D84	FILE_OBJECT_FILE	EVENT_EXECUTE	1523030931636106244
CC20A2BF-39B4-11E8-BF66-D9AA8AFF4A69	SUBJECT_PROCESS	7A350F75-9945-425D-8599-15CEBD426F06	FILE_OBJECT_FILE	EVENT_EXECUTE	1523030931636106244
CC208030-39B4-11E8-BF66-D9AA8AFF4A69	SUBJECT_PROCESS	8A44F292-648B-7854-8B64-00F954785A79	FILE_OBJECT_FILE	EVENT_READ	1523030931636106244
CC20A2BF-39B4-11E8-BF66-D9AA8AFF4A69	SUBJECT_PROCESS	51110606-D232-9652-B2D2-3A7242968F8A	FILE_OBJECT_FILE	EVENT_OPEN	1523030931636106244
CC208030-39B4-11E8-BF66-D9AA8AFF4A69	SUBJECT_PROCESS	8A44F292-648B-7854-8B64-00F954785A79	FILE_OBJECT_FILE	EVENT_CLOSE	1523030931636106244
CC20A2BF-39B4-11E8-BF66-D9AA8AFF4A69	SUBJECT_PROCESS	51110606-D232-9652-B2D2-3A7242968F8A	FILE_OBJECT_FILE	EVENT_READ	1523030931636106244
CC208030-39B4-11E8-BF66-D9AA8AFF4A69	SUBJECT_PROCESS	7A1B4973-09E5-AA50-A509-1753C0AA87A1	FILE_OBJECT_FILE	EVENT_OPEN	1523030931636106244
CC20A2BF-39B4-11E8-BF66-D9AA8AFF4A69	SUBJECT_PROCESS	51110606-D232-9652-B2D2-3A7242968F8A	FILE_OBJECT_FILE	EVENT_CLOSE	1523030931636106244
CC208030-39B4-11E8-BF66-D9AA8AFF4A69	SUBJECT_PROCESS	7A1B4973-09E5-AA50-A509-1753C0AA87A1	FILE_OBJECT_FILE	EVENT_MMAP	1523030931636106244
CC20A2BF-39B4-11E8-BF66-D9AA8AFF4A69	SUBJECT_PROCESS	8A44F292-648B-7854-8B64-00F954785A79	FILE_OBJECT_FILE	EVENT_OPEN	1523030931636106244
CC208030-39B4-11E8-BF66-D9AA8AFF4A69	SUBJECT_PROCESS	7A1B4973-09E5-AA50-A509-1753C0AA87A1	FILE_OBJECT_FILE	EVENT_MMAP	1523030931636106244
CC20A2BF-39B4-11E8-BF66-D9AA8AFF4A69	SUBJECT_PROCESS	8A44F292-648B-7854-8B64-00F954785A79	FILE_OBJECT_FILE	EVENT_READ	1523030931636106244
CC208030-39B4-11E8-BF66-D9AA8AFF4A69	SUBJECT_PROCESS	7A1B4973-09E5-AA50-A509-1753C0AA87A1	FILE_OBJECT_FILE	EVENT_MMAP	1523030931636106244
CC20A2BF-39B4-11E8-BF66-D9AA8AFF4A69	SUBJECT_PROCESS	8A44F292-648B-7854-8B64-00F954785A79	FILE_OBJECT_FILE	EVENT_READ	1523030931636106244
CC208030-39B4-11E8-BF66-D9AA8AFF4A69	SUBJECT_PROCESS	7A1B4973-09E5-AA50-A509-1753C0AA87A1	FILE_OBJECT_FILE	EVENT_MMAP	1523030931636106244
CC20A2BF-39B4-11E8-BF66-D9AA8AFF4A69	SUBJECT_PROCESS	8A44F292-648B-7854-8B64-00F954785A79	FILE_OBJECT_FILE	EVENT_CLOSE	1523030931636106244
CC208030-39B4-11E8-BF66-D9AA8AFF4A69	SUBJECT_PROCESS	7A1B4973-09E5-AA50-A509-1753C0AA87A1	FILE_OBJECT_FILE	EVENT_MMAP	1523030931636106244
CC208030-39B4-11E8-BF66-D9AA8AFF4A69	SUBJECT_PROCESS	7A1B4973-09E5-AA50-A509-1753C0AA87A1	FILE_OBJECT_FILE	EVENT_MMAP	1523030931636106244
CC20A2BF-39B4-11E8-BF66-D9AA8AFF4A69	SUBJECT_PROCESS	76A739B1-A13E-FD50-BEA1-B218A0FD0400	FILE_OBJECT_FILE	EVENT_OPEN	1523030931636106244
CC20A2BF-39B4-11E8-BF66-D9AA8AFF4A69	SUBJECT_PROCESS	76A739B1-A13E-FD50-BEA1-B218A0FD0400	FILE_OBJECT_FILE	EVENT_MMAP	1523030931636106244
CC208030-39B4-11E8-BF66-D9AA8AFF4A69	SUBJECT_PROCESS	7A1B4973-09E5-AA50-A509-1753C0AA87A1	FILE_OBJECT_FILE	EVENT_CLOSE	1523030931636106244
CC20A2BF-39B4-11E8-BF66-D9AA8AFF4A69	SUBJECT_PROCESS	76A739B1-A13E-FD50-BEA1-B218A0FD0400	FILE_OBJECT_FILE	EVENT_MMAP	1523030931636106244
CC208030-39B4-11E8-BF66-D9AA8AFF4A69	SUBJECT_PROCESS	D57B2A07-B373-B75A-B3B3-93790AB76535	FILE_OBJECT_FILE	EVENT_OPEN	1523030931636106244
CC20A2BF-39B4-11E8-BF66-D9AA8AFF4A69	SUBJECT_PROCESS	76A739B1-A13E-FD50-BEA1-B218A0FD0400	FILE_OBJECT_FILE	EVENT_MMAP	1523030931636106244
CC208030-39B4-11E8-BF66-D9AA8AFF4A69	SUBJECT_PROCESS	D57B2A07-B373-B75A-B3B3-93790AB76535	FILE_OBJECT_FILE	EVENT_MMAP	1523030931636106244
CC20A2BF-39B4-11E8-BF66-D9AA8AFF4A69	SUBJECT_PROCESS	76A739B1-A13E-FD50-BEA1-B218A0FD0400	FILE_OBJECT_FILE	EVENT_MMAP	1523030931636106244
CC208030-39B4-11E8-BF66-D9AA8AFF4A69	SUBJECT_PROCESS	D57B2A07-B373-B75A-B3B3-93790AB76535	FILE_OBJECT_FILE	EVENT_MMAP	1523030931636106244
CC20A2BF-39B4-11E8-BF66-D9AA8AFF4A69	SUBJECT_PROCESS	76A739B1-A13E-FD50-BEA1-B218A0FD0400	FILE_OBJECT_FILE	EVENT_MMAP	1523030931636106244
CC208030-39B4-11E8-BF66-D9AA8AFF4A69	SUBJECT_PROCESS	D57B2A07-B373-B75A-B3B3-93790AB76535	FILE_OBJECT_FILE	EVENT_MMAP	1523030931646110305
CC20A2BF-39B4-11E8-BF66-D9AA8AFF4A69	SUBJECT_PROCESS	76A739B1-A13E-FD50-BEA1-B218A0FD0400	FILE_OBJECT_FILE	EVENT_MMAP	1523030931646110305
CC208030-39B4-11E8-BF66-D9AA8AFF4A69	SUBJECT_PROCESS	D57B2A07-B373-B75A-B3B3-93790AB76535	FILE_OBJECT_FILE	EVENT_MMAP	1523030931646110305
CC208030-39B4-11E8-BF66-D9AA8AFF4A69	SUBJECT_PROCESS	D57B2A07-B373-B75A-B3B3-93790AB76535	FILE_OBJECT_FILE	EVENT_MMAP	1523030931646110305
CC20A2BF-39B4-11E8-BF66-D9AA8AFF4A69	SUBJECT_PROCESS	76A739B1-A13E-FD50-BEA1-B218A0FD0400	FILE_OBJECT_FILE	EVENT_CLOSE	1523030931646110305
CC208030-39B4-11E8-BF66-D9AA8AFF4A69	SUBJECT_PROCESS	D57B2A07-B373-B75A-B3B3-93790AB76535	FILE_OBJECT_FILE	EVENT_MMAP	1523030931646110305
CC208030-39B4-11E8-BF66-D9AA8AFF4A69	SUBJECT_PROCESS	D57B2A07-B373-B75A-B3B3-93790AB76535	FILE_OBJECT_FILE	EVENT_CLOSE	1523030931646110305
CC208030-39B4-11E8-BF66-D9AA8AFF4A69	SUBJECT_PROCESS	718F288D-A702-1B5D-82A7-80807D1BB326	FILE_OBJECT_FILE	EVENT_OPEN	1523030931646110305
CC20A2BF-39B4-11E8-BF66-D9AA8AFF4A69	SUBJECT_PROCESS	F410BE96-4C0C-765E-8C4C-6F0E2E760020	FILE_OBJECT_FILE	EVENT_OPEN	1523030931646110305
CC208030-39B4-11E8-BF66-D9AA8AFF4A69	SUBJECT_PROCESS	718F288D-A702-1B5D-82A7-80807D1BB326	FILE_OBJECT_FILE	EVENT_MMAP	1523030931646110305
CC20A2BF-39B4-11E8-BF66-D9AA8AFF4A69	SUBJECT_PROCESS	F410BE96-4C0C-765E-8C4C-6F0E2E760020	FILE_OBJECT_FILE	EVENT_MMAP	1523030931646110305
CC208030-39B4-11E8-BF66-D9AA8AFF4A69	SUBJECT_PROCESS	718F288D-A702-1B5D-82A7-80807D1BB326	FILE_OBJECT_FILE	EVENT_MMAP	1523030931646110305
CC208030-39B4-11E8-BF66-D9AA8AFF4A69	SUBJECT_PROCESS	718F288D-A702-1B5D-82A7-80807D1BB326	FILE_OBJECT_FILE	EVENT_MMAP	1523030931646110305
CC20A2BF-39B4-11E8-BF66-D9AA8AFF4A69	SUBJECT_PROCESS	F410BE96-4C0C-765E-8C4C-6F0E2E760020	FILE_OBJECT_FILE	EVENT_MMAP	1523030931646110305
CC208030-39B4-11E8-BF66-D9AA8AFF4A69	SUBJECT_PROCESS	718F288D-A702-1B5D-82A7-80807D1BB326	FILE_OBJECT_FILE	EVENT_MMAP	1523030931646110305
CC20A2BF-39B4-11E8-BF66-D9AA8AFF4A69	SUBJECT_PROCESS	F410BE96-4C0C-765E-8C4C-6F0E2E760020	FILE_OBJECT_FILE	EVENT_CLOSE	1523030931646110305
CC208030-39B4-11E8-BF66-D9AA8AFF4A69	SUBJECT_PROCESS	718F288D-A702-1B5D-82A7-80807D1BB326	FILE_OBJECT_FILE	EVENT_MMAP	1523030931646110305
CC208030-39B4-11E8-BF66-D9AA8AFF4A69	SUBJECT_PROCESS	718F288D-A702-1B5D-82A7-80807D1BB326	FILE_OBJECT_FILE	EVENT_MMAP	1523030931646110305
CC208030-39B4-11E8-BF66-D9AA8AFF4A69	SUBJECT_PROCESS	718F288D-A702-1B5D-82A7-80807D1BB326	FILE_OBJECT_FILE	EVENT_CLOSE	1523030931646110305
CC208030-39B4-11E8-BF66-D9AA8AFF4A69	SUBJECT_PROCESS	D3F11983-FFD7-8A58-97FF-D38E388A1453	FILE_OBJECT_FILE	EVENT_OPEN	1523030931646110305
CC208030-39B4-11E8-BF66-D9AA8AFF4A69	SUBJECT_PROCESS	D3F11983-FFD7-8A58-97FF-D38E388A1453	FILE_OBJECT_FILE	EVENT_MMAP	1523030931646110305
CC208030-39B4-11E8-BF66-D9AA8AFF4A69	SUBJECT_PROCESS	D3F11983-FFD7-8A58-97FF-D38E388A1453	FILE_OBJECT_FILE	EVENT_MMAP	1523030931646110305
CC208030-39B4-11E8-BF66-D9AA8AFF4A69	SUBJECT_PROCESS	D3F11983-FFD7-8A58-97FF-D38E388A1453	FILE_OBJECT_FILE	EVENT_MMAP	1523030931646110305
CC208030-39B4-11E8-BF66-D9AA8AFF4A69	SUBJECT_PROCESS	D3F11983-FFD7-8A58-97FF-D38E388A1453	FILE_OBJECT_FILE	EVENT_MMAP	1523030931646110305
CC208030-39B4-11E8-BF66-D9AA8AFF4A69	SUBJECT_PROCESS	D3F11983-FFD7-8A58-97FF-D38E388A1453	FILE_OBJECT_FILE	EVENT_MMAP	1523030931646110305
CC208030-39B4-11E8-BF66-D9AA8AFF4A69	SUBJECT_PROCESS	D3F11983-FFD7-8A58-97FF-D38E388A1453	FILE_OBJECT_FILE	EVENT_MMAP	1523030931646110305
CC208030-39B4-11E8-BF66-D9AA8AFF4A69	SUBJECT_PROCESS	D3F11983-FFD7-8A58-97FF-D38E388A1453	FILE_OBJECT_FILE	EVENT_CLOSE	1523030931646110305
CC208030-39B4-11E8-BF66-D9AA8AFF4A69	SUBJECT_PROCESS	76A739B1-A13E-FD50-BEA1-B218A0FD0400	FILE_OBJECT_FILE	EVENT_OPEN	1523030931646110305
CC208030-39B4-11E8-BF66-D9AA8AFF4A69	SUBJECT_PROCESS	76A739B1-A13E-FD50-BEA1-B218A0FD0400	FILE_OBJECT_FILE	EVENT_MMAP	1523030931646110305
CC208030-39B4-11E8-BF66-D9AA8AFF4A69	SUBJECT_PROCESS	76A739B1-A13E-FD50-BEA1-B218A0FD0400	FILE_OBJECT_FILE	EVENT_MMAP	1523030931646110305
CC208030-39B4-11E8-BF66-D9AA8AFF4A69	SUBJECT_PROCESS	76A739B1-A13E-FD50-BEA1-B218A0FD0400	FILE_OBJECT_FILE	EVENT_MMAP	1523030931646110305
CC208030-39B4-11E8-BF66-D9AA8AFF4A69	SUBJECT_PROCESS	76A739B1-A13E-FD50-BEA1-B218A0FD0400	FILE_OBJECT_FILE	EVENT_MMAP	1523030931646110305
CC208030-39B4-11E8-BF66-D9AA8AFF4A69	SUBJECT_PROCESS	76A739B1-A13E-FD50-BEA1-B218A0FD0400	FILE_OBJECT_FILE	EVENT_MMAP	1523030931646110305
CC208030-39B4-11E8-BF66-D9AA8AFF4A69	SUBJECT_PROCESS	76A739B1-A13E-FD50-BEA1-B218A0FD0400	FILE_OBJECT_FILE	EVENT_MMAP	1523030931646110305
CC208030-39B4-11E8-BF66-D9AA8AFF4A69	SUBJECT_PROCESS	76A739B1-A13E-FD50-BEA1-B218A0FD0400	FILE_OBJECT_FILE	EVENT_CLOSE	1523030931646110305
CC208030-39B4-11E8-BF66-D9AA8AFF4A69	SUBJECT_PROCESS	F29977F6-07A2-935B-A207-C4871B93FE07	FILE_OBJECT_FILE	EVENT_OPEN	1523030931646110305
CC208030-39B4-11E8-BF66-D9AA8AFF4A69	SUBJECT_PROCESS	F29977F6-07A2-935B-A207-C4871B93FE07	FILE_OBJECT_FILE	EVENT_MMAP	1523030931656110105
CC208030-39B4-11E8-BF66-D9AA8AFF4A69	SUBJECT_PROCESS	F29977F6-07A2-935B-A207-C4871B93FE07	FILE_OBJECT_FILE	EVENT_MMAP	1523030931656110105
CC208030-39B4-11E8-BF66-D9AA8AFF4A69	SUBJECT_PROCESS	F29977F6-07A2-935B-A207-C4871B93FE07	FILE_OBJECT_FILE	EVENT_MMAP	1523030931656110105
CC208030-39B4-11E8-BF66-D9AA8AFF4A69	SUBJECT_PROCESS	F29977F6-07A2-935B-A207-C4871B93FE07	FILE_OBJECT_FILE	EVENT_MMAP	1523030931656110105
CC208030-39B4-11E8-BF66-D9AA8AFF4A69	SUBJECT_PROCESS	F29977F6-07A2-935B-A207-C4871B93FE07	FILE_OBJECT_FILE	EVENT_MMAP	1523030931656110105
CC208030-39B4-11E8-BF66-D9AA8AFF4A69	SUBJECT_PROCESS	F29977F6-07A2-935B-A207-C4871B93FE07	FILE_OBJECT_FILE	EVENT_MMAP	1523030931656110105
CC208030-39B4-11E8-BF66-D9AA8AFF4A69	SUBJECT_PROCESS	F29977F6-07A2-935B-A207-C4871B93FE07	FILE_OBJECT_FILE	EVENT_CLOSE	1523030931656110105
CC208030-39B4-11E8-BF66-D9AA8AFF4A69	SUBJECT_PROCESS	F410BE96-4C0C-765E-8C4C-6F0E2E760020	FILE_OBJECT_FILE	EVENT_OPEN	1523030931656110105
CC208030-39B4-11E8-BF66-D9AA8AFF4A69	SUBJECT_PROCESS	F410BE96-4C0C-765E-8C4C-6F0E2E760020	FILE_OBJECT_FILE	EVENT_MMAP	1523030931656110105
CC208030-39B4-11E8-BF66-D9AA8AFF4A69	SUBJECT_PROCESS	F410BE96-4C0C-765E-8C4C-6F0E2E760020	FILE_OBJECT_FILE	EVENT_MMAP	1523030931656110105
CC208030-39B4-11E8-BF66-D9AA8AFF4A69	SUBJECT_PROCESS	F410BE96-4C0C-765E-8C4C-6F0E2E760020	FILE_OBJECT_FILE	EVENT_CLOSE	1523030931656110105
CC208030-39B4-11E8-BF66-D9AA8AFF4A69	SUBJECT_PROCESS	BCDBE64D-1703-005A-8317-44DD6A00589D	FILE_OBJECT_FILE	EVENT_OPEN	1523030931656110105
CC208030-39B4-11E8-BF66-D9AA8AFF4A69	SUBJECT_PROCESS	BCDBE64D-1703-005A-8317-44DD6A00589D	FILE_OBJECT_FILE	EVENT_READ	1523030931656110105
CC208030-39B4-11E8-BF66-D9AA8AFF4A69	SUBJECT_PROCESS	BCDBE64D-1703-005A-8317-44DD6A00589D	FILE_OBJECT_FILE	EVENT_READ	1523030931656110105
CC208030-39B4-11E8-BF66-D9AA8AFF4A69	SUBJECT_PROCESS	BCDBE64D-1703-005A-8317-44DD6A00589D	FILE_OBJECT_FILE	EVENT_CLOSE	1523030931656110105
CC208030-39B4-11E8-BF66-D9AA8AFF4A69	SUBJECT_PROCESS	C53609B6-A912-B65B-92A9-B89E0BB6C2E1	FILE_OBJECT_FILE	EVENT_OPEN	1523030931656110105
CC208030-39B4-11E8-BF66-D9AA8AFF4A69	SUBJECT_PROCESS	C53609B6-A912-B65B-92A9-B89E0BB6C2E1	FILE_OBJECT_FILE	EVENT_READ	1523030931656110105
CC208030-39B4-11E8-BF66-D9AA8AFF4A69	SUBJECT_PROCESS	C53609B6-A912-B65B-92A9-B89E0BB6C2E1	FILE_OBJECT_FILE	EVENT_READ	1523030931656110105
CC208030-39B4-11E8-BF66-D9AA8AFF4A69	SUBJECT_PROCESS	C53609B6-A912-B65B-92A9-B89E0BB6C2E1	FILE_OBJECT_FILE	EVENT_READ	1523030931656110105
CC208030-39B4-11E8-BF66-D9AA8AFF4A69	SUBJECT_PROCESS	C53609B6-A912-B65B-92A9-B89E0BB6C2E1	FILE_OBJECT_FILE	EVENT_READ	1523030931656110105
CC208030-39B4-11E8-BF66-D9AA8AFF4A69	SUBJECT_PROCESS	C53609B6-A912-B65B-92A9-B89E0BB6C2E1	FILE_OBJECT_FILE	EVENT_READ	1523030931656110105
CC208030-39B4-11E8-BF66-D9AA8AFF4A69	SUBJECT_PROCESS	C53609B6-A912-B65B-92A9-B89E0BB6C2E1	FILE_OBJECT_FILE	EVENT_READ	1523030931666109286
CC208030-39B4-11E8-BF66-D9AA8AFF4A69	SUBJECT_PROCESS	C53609B6-A912-B65B-92A9-B89E0BB6C2E1	FILE_OBJECT_FILE	EVENT_READ	1523030931666109286
CC208030-39B4-11E8-BF66-D9AA8AFF4A69	SUBJECT_PROCESS	C53609B6-A912-B65B-92A9-B89E0BB6C2E1	FILE_OBJECT_FILE	EVENT_READ	1523030931666109286
CC208030-39B4-11E8-BF66-D9AA8AFF4A69	SUBJECT_PROCESS	C53609B6-A912-B65B-92A9-B89E0BB6C2E1	FILE_OBJECT_FILE	EVENT_READ	1523030931666109286
CC208030-39B4-11E8-BF66-D9AA8AFF4A69	SUBJECT_PROCESS	1633500B-D34B-8058-8BD3-ABB7D880915E	FILE_OBJECT_FILE	EVENT_OPEN	1523030931666109286
CC208030-39B4-11E8-BF66-D9AA8AFF4A69	SUBJECT_PROCESS	1633500B-D34B-8058-8BD3-ABB7D880915E	FILE_OBJECT_FILE	EVENT_OPEN	1523030931666109286
CC208030-39B4-11E8-BF66-D9AA8AFF4A69	SUBJECT_PROCESS	D5D2F4F4-4EC5-6456-854E-5E2A46640650	FILE_OBJECT_FILE	EVENT_OPEN	1523030931666109286
CC208030-39B4-11E8-BF66-D9AA8AFF4A69	SUBJECT_PROCESS	D5D2F4F4-4EC5-6456-854E-5E2A46640650	FILE_OBJECT_FILE	EVENT_READ	1523030931666109286
CC208030-39B4-11E8-BF66-D9AA8AFF4A69	SUBJECT_PROCESS	D5D2F4F4-4EC5-6456-854E-5E2A46640650	FILE_OBJECT_FILE	EVENT_READ	1523030931666109286
CC208030-39B4-11E8-BF66-D9AA8AFF4A69	SUBJECT_PROCESS	D5D2F4F4-4EC5-6456-854E-5E2A46640650	FILE_OBJECT_FILE	EVENT_READ	1523030931666109286
CC208030-39B4-11E8-BF66-D9AA8AFF4A69	SUBJECT_PROCESS	D5D2F4F4-4EC5-6456-854E-5E2A46640650	FILE_OBJECT_FILE	EVENT_CLOSE	1523030931666109286
CC208030-39B4-11E8-BF66-D9AA8AFF4A69	SUBJECT_PROCESS	AE441C70-DEC0-BD5F-80DE-3DE4DFBDF253	FILE_OBJECT_FILE	EVENT_OPEN	1523030931666109286
CC208030-39B4-11E8-BF66-D9AA8AFF4A69	SUBJECT_PROCESS	AE441C70-DEC0-BD5F-80DE-3DE4DFBDF253	FILE_OBJECT_FILE	EVENT_READ	1523030931666109286
CC208030-39B4-11E8-BF66-D9AA8AFF4A69	SUBJECT_PROCESS	AE441C70-DEC0-BD5F-80DE-3DE4DFBDF253	FILE_OBJECT_FILE	EVENT_CLOSE	1523030931666109286
CC208030-39B4-11E8-BF66-D9AA8AFF4A69	SUBJECT_PROCESS	104A8C35-2200-3156-8022-4129E631EA52	FILE_OBJECT_FILE	EVENT_OPEN	1523030931666109286
CC208030-39B4-11E8-BF66-D9AA8AFF4A69	SUBJECT_PROCESS	104A8C35-2200-3156-8022-4129E631EA52	FILE_OBJECT_FILE	EVENT_READ	1523030931666109286
CC208030-39B4-11E8-BF66-D9AA8AFF4A69	SUBJECT_PROCESS	104A8C35-2200-3156-8022-4129E631EA52	FILE_OBJECT_FILE	EVENT_CLOSE	1523030931666109286
CC208030-39B4-11E8-BF66-D9AA8AFF4A69	SUBJECT_PROCESS	C53609B6-A912-B65B-92A9-B89E0BB6C2E1	FILE_OBJECT_FILE	EVENT_CLOSE	1523030931666109286
CC208030-39B4-11E8-BF66-D9AA8AFF4A69	SUBJECT_PROCESS	C53609B6-A912-B65B-92A9-B89E0BB6C2E1	FILE_OBJECT_FILE	EVENT_OPEN	1523030931666109286
CC208030-39B4-11E8-BF66-D9AA8AFF4A69	SUBJECT_PROCESS	C53609B6-A912-B65B-92A9-B89E0BB6C2E1	FILE_OBJECT_FILE	EVENT_READ	1523030931666109286
CC208030-39B4-11E8-BF66-D9AA8AFF4A69	SUBJECT_PROCESS	C53609B6-A912-B65B-92A9-B89E0BB6C2E1	FILE_OBJECT_FILE	EVENT_READ	1523030931666109286
CC208030-39B4-11E8-BF66-D9AA8AFF4A69	SUBJECT_PROCESS	C53609B6-A912-B65B-92A9-B89E0BB6C2E1	FILE_OBJECT_FILE	EVENT_READ	1523030931666109286
CC208030-39B4-11E8-BF66-D9AA8AFF4A69	SUBJECT_PROCESS	C53609B6-A912-B65B-92A9-B89E0BB6C2E1	FILE_OBJECT_FILE	EVENT_READ	1523030931666109286
CC208030-39B4-11E8-BF66-D9AA8AFF4A69	SUBJECT_PROCESS	C53609B6-A912-B65B-92A9-B89E0BB6C2E1	FILE_OBJECT_FILE	EVENT_READ	1523030931666109286
CC208030-39B4-11E8-BF66-D9AA8AFF4A69	SUBJECT_PROCESS	C53609B6-A912-B65B-92A9-B89E0BB6C2E1	FILE_OBJECT_FILE	EVENT_READ	1523030931666109286
CC208030-39B4-11E8-BF66-D9AA8AFF4A69	SUBJECT_PROCESS	C53609B6-A912-B65B-92A9-B89E0BB6C2E1	FILE_OBJECT_FILE	EVENT_READ	1523030931676107607
CC208030-39B4-11E8-BF66-D9AA8AFF4A69	SUBJECT_PROCESS	C53609B6-A912-B65B-92A9-B89E0BB6C2E1	FILE_OBJECT_FILE	EVENT_READ	1523030931676107607
CC208030-39B4-11E8-BF66-D9AA8AFF4A69	SUBJECT_PROCESS	C53609B6-A912-B65B-92A9-B89E0BB6C2E1	FILE_OBJECT_FILE	EVENT_READ	1523030931676107607
CC208030-39B4-11E8-BF66-D9AA8AFF4A69	SUBJECT_PROCESS	C53609B6-A912-B65B-92A9-B89E0BB6C2E1	FILE_OBJECT_FILE	EVENT_CLOSE	1523030931676107607
CC208030-39B4-11E8-BF66-D9AA8AFF4A69	SUBJECT_PROCESS	C53609B6-A912-B65B-92A9-B89E0BB6C2E1	FILE_OBJECT_FILE	EVENT_OPEN	1523030931676107607
CC208030-39B4-11E8-BF66-D9AA8AFF4A69	SUBJECT_PROCESS	C53609B6-A912-B65B-92A9-B89E0BB6C2E1	FILE_OBJECT_FILE	EVENT_READ	1523030931676107607
CC208030-39B4-11E8-BF66-D9AA8AFF4A69	SUBJECT_PROCESS	C53609B6-A912-B65B-92A9-B89E0BB6C2E1	FILE_OBJECT_FILE	EVENT_READ	1523030931676107607
CC208030-39B4-11E8-BF66-D9AA8AFF4A69	SUBJECT_PROCESS	C53609B6-A912-B65B-92A9-B89E0BB6C2E1	FILE_OBJECT_FILE	EVENT_READ	1523030931676107607
CC208030-39B4-11E8-BF66-D9AA8AFF4A69	SUBJECT_PROCESS	C53609B6-A912-B65B-92A9-B89E0BB6C2E1	FILE_OBJECT_FILE	EVENT_READ	1523030931676107607
CC208030-39B4-11E8-BF66-D9AA8AFF4A69	SUBJECT_PROCESS	C53609B6-A912-B65B-92A9-B89E0BB6C2E1	FILE_OBJECT_FILE	EVENT_READ	1523030931676107607
CC208030-39B4-11E8-BF66-D9AA8AFF4A69	SUBJECT_PROCESS	C53609B6-A912-B65B-92A9-B89E0BB6C2E1	FILE_OBJECT_FILE	EVENT_READ	1523030931676107607
CC208030-39B4-11E8-BF66-D9AA8AFF4A69	SUBJECT_PROCESS	C53609B6-A912-B65B-92A9-B89E0BB6C2E1	FILE_OBJECT_FILE	EVENT_READ	1523030931676107607
CC208030-39B4-11E8-BF66-D9AA8AFF4A69	SUBJECT_PROCESS	C53609B6-A912-B65B-92A9-B89E0BB6C2E1	FILE_OBJECT_FILE	EVENT_READ	1523030931676107607
CC208030-39B4-11E8-BF66-D9AA8AFF4A69	SUBJECT_PROCESS	C53609B6-A912-B65B-92A9-B89E0BB6C2E1	FILE_OBJECT_FILE	EVENT_READ	1523030931676107607
CC208030-39B4-11E8-BF66-D9AA8AFF4A69	SUBJECT_PROCESS	C53609B6-A912-B65B-92A9-B89E0BB6C2E1	FILE_OBJECT_FILE	EVENT_CLOSE	1523030931676107607
CC208030-39B4-11E8-BF66-D9AA8AFF4A69	SUBJECT_PROCESS	C53609B6-A912-B65B-92A9-B89E0BB6C2E1	FILE_OBJECT_FILE	EVENT_OPEN	1523030931676107607
CC208030-39B4-11E8-BF66-D9AA8AFF4A69	SUBJECT_PROCESS	C53609B6-A912-B65B-92A9-B89E0BB6C2E1	FILE_OBJECT_FILE	EVENT_READ	1523030931676107607
CC208030-39B4-11E8-BF66-D9AA8AFF4A69	SUBJECT_PROCESS	C53609B6-A912-B65B-92A9-B89E0BB6C2E1	FILE_OBJECT_FILE	EVENT_READ	1523030931676107607
CC208030-39B4-11E8-BF66-D9AA8AFF4A69	SUBJECT_PROCESS	C53609B6-A912-B65B-92A9-B89E0BB6C2E1	FILE_OBJECT_FILE	EVENT_READ	1523030931676107607
CC208030-39B4-11E8-BF66-D9AA8AFF4A69	SUBJECT_PROCESS	C53609B6-A912-B65B-92A9-B89E0BB6C2E1	FILE_OBJECT_FILE	EVENT_READ	1523030931676107607
CC208030-39B4-11E8-BF66-D9AA8AFF4A69	SUBJECT_PROCESS	C53609B6-A912-B65B-92A9-B89E0BB6C2E1	FILE_OBJECT_FILE	EVENT_READ	1523030931676107607
CC208030-39B4-11E8-BF66-D9AA8AFF4A69	SUBJECT_PROCESS	C53609B6-A912-B65B-92A9-B89E0BB6C2E1	FILE_OBJECT_FILE	EVENT_READ	1523030931676107607
CC208030-39B4-11E8-BF66-D9AA8AFF4A69	SUBJECT_PROCESS	C53609B6-A912-B65B-92A9-B89E0BB6C2E1	FILE_OBJECT_FILE	EVENT_READ	1523030931676107607
CC208030-39B4-11E8-BF66-D9AA8AFF4A69	SUBJECT_PROCESS	C53609B6-A912-B65B-92A9-B89E0BB6C2E1	FILE_OBJECT_FILE	EVENT_READ	1523030931676107607
CC208030-39B4-11E8-BF66-D9AA8AFF4A69	SUBJECT_PROCESS	C53609B6-A912-B65B-92A9-B89E0BB6C2E1	FILE_OBJECT_FILE	EVENT_READ	1523030931676107607
CC208030-39B4-11E8-BF66-D9AA8AFF4A69	SUBJECT_PROCESS	C53609B6-A912-B65B-92A9-B89E0BB6C2E1	FILE_OBJECT_FILE	EVENT_CLOSE	1523030931676107607
CC208030-39B4-11E8-BF66-D9AA8AFF4A69	SUBJECT_PROCESS	C53609B6-A912-B65B-92A9-B89E0BB6C2E1	FILE_OBJECT_FILE	EVENT_OPEN	1523030931676107607
CC208030-39B4-11E8-BF66-D9AA8AFF4A69	SUBJECT_PROCESS	C53609B6-A912-B65B-92A9-B89E0BB6C2E1	FILE_OBJECT_FILE	EVENT_READ	1523030931676107607
CC208030-39B4-11E8-BF66-D9AA8AFF4A69	SUBJECT_PROCESS	C53609B6-A912-B65B-92A9-B89E0BB6C2E1	FILE_OBJECT_FILE	EVENT_READ	1523030931676107607
CC208030-39B4-11E8-BF66-D9AA8AFF4A69	SUBJECT_PROCESS	C53609B6-A912-B65B-92A9-B89E0BB6C2E1	FILE_OBJECT_FILE	EVENT_READ	1523030931676107607
CC208030-39B4-11E8-BF66-D9AA8AFF4A69	SUBJECT_PROCESS	C53609B6-A912-B65B-92A9-B89E0BB6C2E1	FILE_OBJECT_FILE	EVENT_READ	1523030931676107607
CC208030-39B4-11E8-BF66-D9AA8AFF4A69	SUBJECT_PROCESS	C53609B6-A912-B65B-92A9-B89E0BB6C2E1	FILE_OBJECT_FILE	EVENT_READ	1523030931686108728
CC208030-39B4-11E8-BF66-D9AA8AFF4A69	SUBJECT_PROCESS	C53609B6-A912-B65B-92A9-B89E0BB6C2E1	FILE_OBJECT_FILE	EVENT_READ	1523030931686108728
CC208030-39B4-11E8-BF66-D9AA8AFF4A69	SUBJECT_PROCESS	C53609B6-A912-B65B-92A9-B89E0BB6C2E1	FILE_OBJECT_FILE	EVENT_READ	1523030931686108728
CC208030-39B4-11E8-BF66-D9AA8AFF4A69	SUBJECT_PROCESS	C53609B6-A912-B65B-92A9-B89E0BB6C2E1	FILE_OBJECT_FILE	EVENT_READ	1523030931686108728
CC208030-39B4-11E8-BF66-D9AA8AFF4A69	SUBJECT_PROCESS	C53609B6-A912-B65B-92A9-B89E0BB6C2E1	FILE_OBJECT_FILE	EVENT_READ	1523030931686108728
CC208030-39B4-11E8-BF66-D9AA8AFF4A69	SUBJECT_PROCESS	C53609B6-A912-B65B-92A9-B89E0BB6C2E1	FILE_OBJECT_FILE	EVENT_CLOSE	1523030931686108728
CC208030-39B4-11E8-BF66-D9AA8AFF4A69	SUBJECT_PROCESS	C53609B6-A912-B65B-92A9-B89E0BB6C2E1	FILE_OBJECT_FILE	EVENT_OPEN	1523030931686108728
CC208030-39B4-11E8-BF66-D9AA8AFF4A69	SUBJECT_PROCESS	C53609B6-A912-B65B-92A9-B89E0BB6C2E1	FILE_OBJECT_FILE	EVENT_READ	1523030931686108728
CC208030-39B4-11E8-BF66-D9AA8AFF4A69	SUBJECT_PROCESS	C53609B6-A912-B65B-92A9-B89E0BB6C2E1	FILE_OBJECT_FILE	EVENT_READ	1523030931686108728
CC208030-39B4-11E8-BF66-D9AA8AFF4A69	SUBJECT_PROCESS	C53609B6-A912-B65B-92A9-B89E0BB6C2E1	FILE_OBJECT_FILE	EVENT_READ	1523030931686108728
CC208030-39B4-11E8-BF66-D9AA8AFF4A69	SUBJECT_PROCESS	C53609B6-A912-B65B-92A9-B89E0BB6C2E1	FILE_OBJECT_FILE	EVENT_READ	1523030931686108728
CC208030-39B4-11E8-BF66-D9AA8AFF4A69	SUBJECT_PROCESS	C53609B6-A912-B65B-92A9-B89E0BB6C2E1	FILE_OBJECT_FILE	EVENT_READ	1523030931686108728
CC208030-39B4-11E8-BF66-D9AA8AFF4A69	SUBJECT_PROCESS	C53609B6-A912-B65B-92A9-B89E0BB6C2E1	FILE_OBJECT_FILE	EVENT_READ	1523030931686108728
CC208030-39B4-11E8-BF66-D9AA8AFF4A69	SUBJECT_PROCESS	C53609B6-A912-B65B-92A9-B89E0BB6C2E1	FILE_OBJECT_FILE	EVENT_READ	1523030931686108728
CC208030-39B4-11E8-BF66-D9AA8AFF4A69	SUBJECT_PROCESS	C53609B6-A912-B65B-92A9-B89E0BB6C2E1	FILE_OBJECT_FILE	EVENT_READ	1523030931686108728
CC208030-39B4-11E8-BF66-D9AA8AFF4A69	SUBJECT_PROCESS	C53609B6-A912-B65B-92A9-B89E0BB6C2E1	FILE_OBJECT_FILE	EVENT_READ	1523030931686108728
CC208030-39B4-11E8-BF66-D9AA8AFF4A69	SUBJECT_PROCESS	C53609B6-A912-B65B-92A9-B89E0BB6C2E1	FILE_OBJECT_FILE	EVENT_CLOSE	1523030931686108728
CC208030-39B4-11E8-BF66-D9AA8AFF4A69	SUBJECT_PROCESS	AF3C5B41-B0C1-580B-9F83-7EA867DAC8E9	UnnamedPipeObject	EVENT_WRITE	1523030931686108728
CC20A2BF-39B4-11E8-BF66-D9AA8AFF4A69	SUBJECT_PROCESS	AF3C5B41-B0C1-580B-9F83-7EA867DAC8E9	UnnamedPipeObject	EVENT_READ	1523030931686108728
CC208030-39B4-11E8-BF66-D9AA8AFF4A69	SUBJECT_PROCESS	CC208030-39B4-11E8-BF66-D9AA8AFF4A69	SUBJECT_PROCESS	EVENT_EXIT	1523030931686108728
CC20A2BF-39B4-11E8-BF66-D9AA8AFF4A69	SUBJECT_PROCESS	FADB56EB-6919-8A51-9969-955CD18AFFC9	FILE_OBJECT_FILE	EVENT_WRITE	1523030931686108728
CC20A2BF-39B4-11E8-BF66-D9AA8AFF4A69	SUBJECT_PROCESS	CC20A2BF-39B4-11E8-BF66-D9AA8AFF4A69	SUBJECT_PROCESS	EVENT_EXIT	1523030931686108728
D59C58B7-373D-11E8-BF66-D9AA8AFF4A69	SUBJECT_PROCESS	CC2912B2-39B4-11E8-BF66-D9AA8AFF4A69	SUBJECT_PROCESS	EVENT_FORK	1523030931686108728
CC2912B2-39B4-11E8-BF66-D9AA8AFF4A69	SUBJECT_PROCESS	CC349957-3DA4-8E5E-A43D-C7740E8ECAA9	FILE_OBJECT_FILE	EVENT_CLOSE	1523030931686108728
CC2912B2-39B4-11E8-BF66-D9AA8AFF4A69	SUBJECT_PROCESS	6C836AA2-BB54-3A58-94BB-1E5D583A637E	FILE_OBJECT_FILE	EVENT_EXECUTE	1523030931686108728
CC2912B2-39B4-11E8-BF66-D9AA8AFF4A69	SUBJECT_PROCESS	7A350F75-9945-425D-8599-15CEBD426F06	FILE_OBJECT_FILE	EVENT_EXECUTE	1523030931686108728
CC2912B2-39B4-11E8-BF66-D9AA8AFF4A69	SUBJECT_PROCESS	51110606-D232-9652-B2D2-3A7242968F8A	FILE_OBJECT_FILE	EVENT_OPEN	1523030931686108728
CC2912B2-39B4-11E8-BF66-D9AA8AFF4A69	SUBJECT_PROCESS	51110606-D232-9652-B2D2-3A7242968F8A	FILE_OBJECT_FILE	EVENT_READ	1523030931686108728
CC2912B2-39B4-11E8-BF66-D9AA8AFF4A69	SUBJECT_PROCESS	51110606-D232-9652-B2D2-3A7242968F8A	FILE_OBJECT_FILE	EVENT_CLOSE	1523030931686108728
CC2912B2-39B4-11E8-BF66-D9AA8AFF4A69	SUBJECT_PROCESS	8A44F292-648B-7854-8B64-00F954785A79	FILE_OBJECT_FILE	EVENT_OPEN	1523030931696108338
CC2912B2-39B4-11E8-BF66-D9AA8AFF4A69	SUBJECT_PROCESS	8A44F292-648B-7854-8B64-00F954785A79	FILE_OBJECT_FILE	EVENT_READ	1523030931696108338
CC2912B2-39B4-11E8-BF66-D9AA8AFF4A69	SUBJECT_PROCESS	8A44F292-648B-7854-8B64-00F954785A79	FILE_OBJECT_FILE	EVENT_READ	1523030931696108338
CC2912B2-39B4-11E8-BF66-D9AA8AFF4A69	SUBJECT_PROCESS	8A44F292-648B-7854-8B64-00F954785A79	FILE_OBJECT_FILE	EVENT_CLOSE	1523030931696108338
CC2912B2-39B4-11E8-BF66-D9AA8AFF4A69	SUBJECT_PROCESS	76A739B1-A13E-FD50-BEA1-B218A0FD0400	FILE_OBJECT_FILE	EVENT_OPEN	1523030931696108338
CC2912B2-39B4-11E8-BF66-D9AA8AFF4A69	SUBJECT_PROCESS	76A739B1-A13E-FD50-BEA1-B218A0FD0400	FILE_OBJECT_FILE	EVENT_MMAP	1523030931696108338
CC2912B2-39B4-11E8-BF66-D9AA8AFF4A69	SUBJECT_PROCESS	76A739B1-A13E-FD50-BEA1-B218A0FD0400	FILE_OBJECT_FILE	EVENT_MMAP	1523030931696108338
CC2912B2-39B4-11E8-BF66-D9AA8AFF4A69	SUBJECT_PROCESS	76A739B1-A13E-FD50-BEA1-B218A0FD0400	FILE_OBJECT_FILE	EVENT_MMAP	1523030931696108338
CC2912B2-39B4-11E8-BF66-D9AA8AFF4A69	SUBJECT_PROCESS	76A739B1-A13E-FD50-BEA1-B218A0FD0400	FILE_OBJECT_FILE	EVENT_MMAP	1523030931696108338
CC2912B2-39B4-11E8-BF66-D9AA8AFF4A69	SUBJECT_PROCESS	76A739B1-A13E-FD50-BEA1-B218A0FD0400	FILE_OBJECT_FILE	EVENT_MMAP	1523030931696108338
CC2912B2-39B4-11E8-BF66-D9AA8AFF4A69	SUBJECT_PROCESS	76A739B1-A13E-FD50-BEA1-B218A0FD0400	FILE_OBJECT_FILE	EVENT_MMAP	1523030931696108338
CC2912B2-39B4-11E8-BF66-D9AA8AFF4A69	SUBJECT_PROCESS	76A739B1-A13E-FD50-BEA1-B218A0FD0400	FILE_OBJECT_FILE	EVENT_CLOSE	1523030931696108338
CC2912B2-39B4-11E8-BF66-D9AA8AFF4A69	SUBJECT_PROCESS	F410BE96-4C0C-765E-8C4C-6F0E2E760020	FILE_OBJECT_FILE	EVENT_OPEN	1523030931696108338
CC2912B2-39B4-11E8-BF66-D9AA8AFF4A69	SUBJECT_PROCESS	F410BE96-4C0C-765E-8C4C-6F0E2E760020	FILE_OBJECT_FILE	EVENT_MMAP	1523030931696108338
CC2912B2-39B4-11E8-BF66-D9AA8AFF4A69	SUBJECT_PROCESS	F410BE96-4C0C-765E-8C4C-6F0E2E760020	FILE_OBJECT_FILE	EVENT_MMAP	1523030931696108338
CC2912B2-39B4-11E8-BF66-D9AA8AFF4A69	SUBJECT_PROCESS	F410BE96-4C0C-765E-8C4C-6F0E2E760020	FILE_OBJECT_FILE	EVENT_CLOSE	1523030931696108338
72FB0406-3678-11E8-BF66-D9AA8AFF4A69	SUBJECT_PROCESS	CBA1F873-39B4-11E8-BF66-D9AA8AFF4A69	FILE_OBJECT_UNIX_SOCKET	EVENT_CLOSE	1523030931806108507
72FB0406-3678-11E8-BF66-D9AA8AFF4A69	SUBJECT_PROCESS	CBA1F8DF-39B4-11E8-BF66-D9AA8AFF4A69	FILE_OBJECT_UNIX_SOCKET	EVENT_CLOSE	1523030931806108507
72FB0406-3678-11E8-BF66-D9AA8AFF4A69	SUBJECT_PROCESS	CC3A8DD0-39B4-11E8-BF66-D9AA8AFF4A69	FILE_OBJECT_UNIX_SOCKET	EVENT_CREATE_OBJECT	1523030931806108507
72FB0406-3678-11E8-BF66-D9AA8AFF4A69	SUBJECT_PROCESS	CC3A8E44-39B4-11E8-BF66-D9AA8AFF4A69	FILE_OBJECT_UNIX_SOCKET	EVENT_CREATE_OBJECT	1523030931806108507
CC2912B2-39B4-11E8-BF66-D9AA8AFF4A69	SUBJECT_PROCESS	CC2912B2-39B4-11E8-BF66-D9AA8AFF4A69	SUBJECT_PROCESS	EVENT_EXIT	1523030932706106259
D59C58B7-373D-11E8-BF66-D9AA8AFF4A69	SUBJECT_PROCESS	CCC3BDFD-39B4-11E8-BF66-D9AA8AFF4A69	SUBJECT_PROCESS	EVENT_FORK	1523030932706106259
CCC3BDFD-39B4-11E8-BF66-D9AA8AFF4A69	SUBJECT_PROCESS	CC349957-3DA4-8E5E-A43D-C7740E8ECAA9	FILE_OBJECT_FILE	EVENT_CLOSE	1523030932706106259
CCC3BDFD-39B4-11E8-BF66-D9AA8AFF4A69	SUBJECT_PROCESS	0A5174D8-80FB-4258-BB80-C79A98427D6A	FILE_OBJECT_FILE	EVENT_EXECUTE	1523030932706106259
CCC3BDFD-39B4-11E8-BF66-D9AA8AFF4A69	SUBJECT_PROCESS	7A350F75-9945-425D-8599-15CEBD426F06	FILE_OBJECT_FILE	EVENT_EXECUTE	1523030932706106259
CCC3BDFD-39B4-11E8-BF66-D9AA8AFF4A69	SUBJECT_PROCESS	51110606-D232-9652-B2D2-3A7242968F8A	FILE_OBJECT_FILE	EVENT_OPEN	1523030932706106259
CCC3BDFD-39B4-11E8-BF66-D9AA8AFF4A69	SUBJECT_PROCESS	51110606-D232-9652-B2D2-3A7242968F8A	FILE_OBJECT_FILE	EVENT_READ	1523030932706106259
CCC3BDFD-39B4-11E8-BF66-D9AA8AFF4A69	SUBJECT_PROCESS	51110606-D232-9652-B2D2-3A7242968F8A	FILE_OBJECT_FILE	EVENT_CLOSE	1523030932706106259
CCC3BDFD-39B4-11E8-BF66-D9AA8AFF4A69	SUBJECT_PROCESS	8A44F292-648B-7854-8B64-00F954785A79	FILE_OBJECT_FILE	EVENT_OPEN	1523030932706106259
CCC3BDFD-39B4-11E8-BF66-D9AA8AFF4A69	SUBJECT_PROCESS	8A44F292-648B-7854-8B64-00F954785A79	FILE_OBJECT_FILE	EVENT_READ	1523030932706106259
CCC3BDFD-39B4-11E8-BF66-D9AA8AFF4A69	SUBJECT_PROCESS	8A44F292-648B-7854-8B64-00F954785A79	FILE_OBJECT_FILE	EVENT_READ	1523030932706106259
CCC3BDFD-39B4-11E8-BF66-D9AA8AFF4A69	SUBJECT_PROCESS	8A44F292-648B-7854-8B64-00F954785A79	FILE_OBJECT_FILE	EVENT_CLOSE	1523030932706106259
CCC3BDFD-39B4-11E8-BF66-D9AA8AFF4A69	SUBJECT_PROCESS	76A739B1-A13E-FD50-BEA1-B218A0FD0400	FILE_OBJECT_FILE	EVENT_OPEN	1523030932706106259
CCC3BDFD-39B4-11E8-BF66-D9AA8AFF4A69	SUBJECT_PROCESS	76A739B1-A13E-FD50-BEA1-B218A0FD0400	FILE_OBJECT_FILE	EVENT_MMAP	1523030932706106259
CCC3BDFD-39B4-11E8-BF66-D9AA8AFF4A69	SUBJECT_PROCESS	76A739B1-A13E-FD50-BEA1-B218A0FD0400	FILE_OBJECT_FILE	EVENT_MMAP	1523030932706106259
CCC3BDFD-39B4-11E8-BF66-D9AA8AFF4A69	SUBJECT_PROCESS	76A739B1-A13E-FD50-BEA1-B218A0FD0400	FILE_OBJECT_FILE	EVENT_MMAP	1523030932706106259
CCC3BDFD-39B4-11E8-BF66-D9AA8AFF4A69	SUBJECT_PROCESS	76A739B1-A13E-FD50-BEA1-B218A0FD0400	FILE_OBJECT_FILE	EVENT_MMAP	1523030932706106259
CCC3BDFD-39B4-11E8-BF66-D9AA8AFF4A69	SUBJECT_PROCESS	76A739B1-A13E-FD50-BEA1-B218A0FD0400	FILE_OBJECT_FILE	EVENT_MMAP	1523030932706106259
CCC3BDFD-39B4-11E8-BF66-D9AA8AFF4A69	SUBJECT_PROCESS	76A739B1-A13E-FD50-BEA1-B218A0FD0400	FILE_OBJECT_FILE	EVENT_MMAP	1523030932706106259
CCC3BDFD-39B4-11E8-BF66-D9AA8AFF4A69	SUBJECT_PROCESS	76A739B1-A13E-FD50-BEA1-B218A0FD0400	FILE_OBJECT_FILE	EVENT_CLOSE	1523030932706106259
CCC3BDFD-39B4-11E8-BF66-D9AA8AFF4A69	SUBJECT_PROCESS	F410BE96-4C0C-765E-8C4C-6F0E2E760020	FILE_OBJECT_FILE	EVENT_OPEN	1523030932706106259
CCC3BDFD-39B4-11E8-BF66-D9AA8AFF4A69	SUBJECT_PROCESS	F410BE96-4C0C-765E-8C4C-6F0E2E760020	FILE_OBJECT_FILE	EVENT_MMAP	1523030932706106259
CCC3BDFD-39B4-11E8-BF66-D9AA8AFF4A69	SUBJECT_PROCESS	F410BE96-4C0C-765E-8C4C-6F0E2E760020	FILE_OBJECT_FILE	EVENT_MMAP	1523030932706106259
CCC3BDFD-39B4-11E8-BF66-D9AA8AFF4A69	SUBJECT_PROCESS	F410BE96-4C0C-765E-8C4C-6F0E2E760020	FILE_OBJECT_FILE	EVENT_CLOSE	1523030932706106259
CCC3BDFD-39B4-11E8-BF66-D9AA8AFF4A69	SUBJECT_PROCESS	AE441C70-DEC0-BD5F-80DE-3DE4DFBDF253	FILE_OBJECT_FILE	EVENT_OPEN	1523030932706106259
CCC3BDFD-39B4-11E8-BF66-D9AA8AFF4A69	SUBJECT_PROCESS	AE441C70-DEC0-BD5F-80DE-3DE4DFBDF253	FILE_OBJECT_FILE	EVENT_READ	1523030932716109459
CCC3BDFD-39B4-11E8-BF66-D9AA8AFF4A69	SUBJECT_PROCESS	AE441C70-DEC0-BD5F-80DE-3DE4DFBDF253	FILE_OBJECT_FILE	EVENT_CLOSE	1523030932716109459
CCC3BDFD-39B4-11E8-BF66-D9AA8AFF4A69	SUBJECT_PROCESS	104A8C35-2200-3156-8022-4129E631EA52	FILE_OBJECT_FILE	EVENT_OPEN	1523030932716109459
CCC3BDFD-39B4-11E8-BF66-D9AA8AFF4A69	SUBJECT_PROCESS	104A8C35-2200-3156-8022-4129E631EA52	FILE_OBJECT_FILE	EVENT_READ	1523030932716109459
CCC3BDFD-39B4-11E8-BF66-D9AA8AFF4A69	SUBJECT_PROCESS	104A8C35-2200-3156-8022-4129E631EA52	FILE_OBJECT_FILE	EVENT_CLOSE	1523030932716109459
CCC3BDFD-39B4-11E8-BF66-D9AA8AFF4A69	SUBJECT_PROCESS	DB1A5421-4509-D15D-8945-9F45CDD1A77E	FILE_OBJECT_FILE	EVENT_WRITE	1523030932716109459
CCC3BDFD-39B4-11E8-BF66-D9AA8AFF4A69	SUBJECT_PROCESS	CCC3BDFD-39B4-11E8-BF66-D9AA8AFF4A69	SUBJECT_PROCESS	EVENT_EXIT	1523030932716109459
D59C58B7-373D-11E8-BF66-D9AA8AFF4A69	SUBJECT_PROCESS	CCC5782E-39B4-11E8-BF66-D9AA8AFF4A69	SUBJECT_PROCESS	EVENT_FORK	1523030932716109459
CCC5782E-39B4-11E8-BF66-D9AA8AFF4A69	SUBJECT_PROCESS	CC349957-3DA4-8E5E-A43D-C7740E8ECAA9	FILE_OBJECT_FILE	EVENT_CLOSE	1523030932716109459
CCC5782E-39B4-11E8-BF66-D9AA8AFF4A69	SUBJECT_PROCESS	76899EA5-9D25-4352-A59D-8CB74243F4C0	FILE_OBJECT_FILE	EVENT_EXECUTE	1523030932716109459
CCC5782E-39B4-11E8-BF66-D9AA8AFF4A69	SUBJECT_PROCESS	7A350F75-9945-425D-8599-15CEBD426F06	FILE_OBJECT_FILE	EVENT_EXECUTE	1523030932716109459
CCC5782E-39B4-11E8-BF66-D9AA8AFF4A69	SUBJECT_PROCESS	51110606-D232-9652-B2D2-3A7242968F8A	FILE_OBJECT_FILE	EVENT_OPEN	1523030932716109459
CCC5782E-39B4-11E8-BF66-D9AA8AFF4A69	SUBJECT_PROCESS	51110606-D232-9652-B2D2-3A7242968F8A	FILE_OBJECT_FILE	EVENT_READ	1523030932716109459
CCC5782E-39B4-11E8-BF66-D9AA8AFF4A69	SUBJECT_PROCESS	51110606-D232-9652-B2D2-3A7242968F8A	FILE_OBJECT_FILE	EVENT_CLOSE	1523030932716109459
CCC5782E-39B4-11E8-BF66-D9AA8AFF4A69	SUBJECT_PROCESS	8A44F292-648B-7854-8B64-00F954785A79	FILE_OBJECT_FILE	EVENT_OPEN	1523030932716109459
CCC5782E-39B4-11E8-BF66-D9AA8AFF4A69	SUBJECT_PROCESS	8A44F292-648B-7854-8B64-00F954785A79	FILE_OBJECT_FILE	EVENT_READ	1523030932716109459
CCC5782E-39B4-11E8-BF66-D9AA8AFF4A69	SUBJECT_PROCESS	8A44F292-648B-7854-8B64-00F954785A79	FILE_OBJECT_FILE	EVENT_READ	1523030932716109459
CCC5782E-39B4-11E8-BF66-D9AA8AFF4A69	SUBJECT_PROCESS	8A44F292-648B-7854-8B64-00F954785A79	FILE_OBJECT_FILE	EVENT_CLOSE	1523030932716109459
CCC5782E-39B4-11E8-BF66-D9AA8AFF4A69	SUBJECT_PROCESS	718F288D-A702-1B5D-82A7-80807D1BB326	FILE_OBJECT_FILE	EVENT_OPEN	1523030932716109459
CCC5782E-39B4-11E8-BF66-D9AA8AFF4A69	SUBJECT_PROCESS	718F288D-A702-1B5D-82A7-80807D1BB326	FILE_OBJECT_FILE	EVENT_MMAP	1523030932716109459
CCC5782E-39B4-11E8-BF66-D9AA8AFF4A69	SUBJECT_PROCESS	718F288D-A702-1B5D-82A7-80807D1BB326	FILE_OBJECT_FILE	EVENT_MMAP	1523030932716109459
CCC5782E-39B4-11E8-BF66-D9AA8AFF4A69	SUBJECT_PROCESS	718F288D-A702-1B5D-82A7-80807D1BB326	FILE_OBJECT_FILE	EVENT_MMAP	1523030932716109459
CCC5782E-39B4-11E8-BF66-D9AA8AFF4A69	SUBJECT_PROCESS	718F288D-A702-1B5D-82A7-80807D1BB326	FILE_OBJECT_FILE	EVENT_MMAP	1523030932726113360
CCC5782E-39B4-11E8-BF66-D9AA8AFF4A69	SUBJECT_PROCESS	718F288D-A702-1B5D-82A7-80807D1BB326	FILE_OBJECT_FILE	EVENT_MMAP	1523030932726113360
CCC5782E-39B4-11E8-BF66-D9AA8AFF4A69	SUBJECT_PROCESS	718F288D-A702-1B5D-82A7-80807D1BB326	FILE_OBJECT_FILE	EVENT_MMAP	1523030932726113360
CCC5782E-39B4-11E8-BF66-D9AA8AFF4A69	SUBJECT_PROCESS	718F288D-A702-1B5D-82A7-80807D1BB326	FILE_OBJECT_FILE	EVENT_CLOSE	1523030932726113360
CCC5782E-39B4-11E8-BF66-D9AA8AFF4A69	SUBJECT_PROCESS	76A739B1-A13E-FD50-BEA1-B218A0FD0400	FILE_OBJECT_FILE	EVENT_OPEN	1523030932726113360
CCC5782E-39B4-11E8-BF66-D9AA8AFF4A69	SUBJECT_PROCESS	76A739B1-A13E-FD50-BEA1-B218A0FD0400	FILE_OBJECT_FILE	EVENT_MMAP	1523030932726113360
CCC5782E-39B4-11E8-BF66-D9AA8AFF4A69	SUBJECT_PROCESS	76A739B1-A13E-FD50-BEA1-B218A0FD0400	FILE_OBJECT_FILE	EVENT_MMAP	1523030932726113360
CCC5782E-39B4-11E8-BF66-D9AA8AFF4A69	SUBJECT_PROCESS	76A739B1-A13E-FD50-BEA1-B218A0FD0400	FILE_OBJECT_FILE	EVENT_MMAP	1523030932726113360
CCC5782E-39B4-11E8-BF66-D9AA8AFF4A69	SUBJECT_PROCESS	76A739B1-A13E-FD50-BEA1-B218A0FD0400	FILE_OBJECT_FILE	EVENT_MMAP	1523030932726113360
CCC5782E-39B4-11E8-BF66-D9AA8AFF4A69	SUBJECT_PROCESS	76A739B1-A13E-FD50-BEA1-B218A0FD0400	FILE_OBJECT_FILE	EVENT_MMAP	1523030932726113360
CCC5782E-39B4-11E8-BF66-D9AA8AFF4A69	SUBJECT_PROCESS	76A739B1-A13E-FD50-BEA1-B218A0FD0400	FILE_OBJECT_FILE	EVENT_MMAP	1523030932726113360
CCC5782E-39B4-11E8-BF66-D9AA8AFF4A69	SUBJECT_PROCESS	76A739B1-A13E-FD50-BEA1-B218A0FD0400	FILE_OBJECT_FILE	EVENT_CLOSE	1523030932726113360
CCC5782E-39B4-11E8-BF66-D9AA8AFF4A69	SUBJECT_PROCESS	F29977F6-07A2-935B-A207-C4871B93FE07	FILE_OBJECT_FILE	EVENT_OPEN	1523030932726113360
CCC5782E-39B4-11E8-BF66-D9AA8AFF4A69	SUBJECT_PROCESS	F29977F6-07A2-935B-A207-C4871B93FE07	FILE_OBJECT_FILE	EVENT_MMAP	1523030932726113360
CCC5782E-39B4-11E8-BF66-D9AA8AFF4A69	SUBJECT_PROCESS	F29977F6-07A2-935B-A207-C4871B93FE07	FILE_OBJECT_FILE	EVENT_MMAP	1523030932726113360
CCC5782E-39B4-11E8-BF66-D9AA8AFF4A69	SUBJECT_PROCESS	F29977F6-07A2-935B-A207-C4871B93FE07	FILE_OBJECT_FILE	EVENT_MMAP	1523030932726113360
CCC5782E-39B4-11E8-BF66-D9AA8AFF4A69	SUBJECT_PROCESS	F29977F6-07A2-935B-A207-C4871B93FE07	FILE_OBJECT_FILE	EVENT_MMAP	1523030932726113360
CCC5782E-39B4-11E8-BF66-D9AA8AFF4A69	SUBJECT_PROCESS	F29977F6-07A2-935B-A207-C4871B93FE07	FILE_OBJECT_FILE	EVENT_MMAP	1523030932726113360
CCC5782E-39B4-11E8-BF66-D9AA8AFF4A69	SUBJECT_PROCESS	F29977F6-07A2-935B-A207-C4871B93FE07	FILE_OBJECT_FILE	EVENT_MMAP	1523030932726113360
CCC5782E-39B4-11E8-BF66-D9AA8AFF4A69	SUBJECT_PROCESS	F29977F6-07A2-935B-A207-C4871B93FE07	FILE_OBJECT_FILE	EVENT_CLOSE	1523030932726113360
CCC5782E-39B4-11E8-BF66-D9AA8AFF4A69	SUBJECT_PROCESS	F410BE96-4C0C-765E-8C4C-6F0E2E760020	FILE_OBJECT_FILE	EVENT_OPEN	1523030932736117531
CCC5782E-39B4-11E8-BF66-D9AA8AFF4A69	SUBJECT_PROCESS	F410BE96-4C0C-765E-8C4C-6F0E2E760020	FILE_OBJECT_FILE	EVENT_MMAP	1523030932736117531
CCC5782E-39B4-11E8-BF66-D9AA8AFF4A69	SUBJECT_PROCESS	F410BE96-4C0C-765E-8C4C-6F0E2E760020	FILE_OBJECT_FILE	EVENT_MMAP	1523030932736117531
CCC5782E-39B4-11E8-BF66-D9AA8AFF4A69	SUBJECT_PROCESS	F410BE96-4C0C-765E-8C4C-6F0E2E760020	FILE_OBJECT_FILE	EVENT_CLOSE	1523030932736117531
CCC5782E-39B4-11E8-BF66-D9AA8AFF4A69	SUBJECT_PROCESS	1633500B-D34B-8058-8BD3-ABB7D880915E	FILE_OBJECT_FILE	EVENT_OPEN	1523030932736117531
CCC5782E-39B4-11E8-BF66-D9AA8AFF4A69	SUBJECT_PROCESS	1633500B-D34B-8058-8BD3-ABB7D880915E	FILE_OBJECT_FILE	EVENT_CLOSE	1523030932736117531
CCC5782E-39B4-11E8-BF66-D9AA8AFF4A69	SUBJECT_PROCESS	CCC5782E-39B4-11E8-BF66-D9AA8AFF4A69	SUBJECT_PROCESS	EVENT_MODIFY_PROCESS	1523030932736117531
CCC5782E-39B4-11E8-BF66-D9AA8AFF4A69	SUBJECT_PROCESS	EDC9C006-38C1-1659-8138-925D3916B899	FILE_OBJECT_FILE	EVENT_OPEN	1523030932736117531
CCC5782E-39B4-11E8-BF66-D9AA8AFF4A69	SUBJECT_PROCESS	0C51AAE3-0594-4A51-9405-4FC4214A0041	FILE_OBJECT_FILE	EVENT_OPEN	1523030932736117531
CCC5782E-39B4-11E8-BF66-D9AA8AFF4A69	SUBJECT_PROCESS	0C51AAE3-0594-4A51-9405-4FC4214A0041	FILE_OBJECT_FILE	EVENT_READ	1523030932736117531
CCC5782E-39B4-11E8-BF66-D9AA8AFF4A69	SUBJECT_PROCESS	0C51AAE3-0594-4A51-9405-4FC4214A0041	FILE_OBJECT_FILE	EVENT_READ	1523030932736117531
CCC5782E-39B4-11E8-BF66-D9AA8AFF4A69	SUBJECT_PROCESS	0C51AAE3-0594-4A51-9405-4FC4214A0041	FILE_OBJECT_FILE	EVENT_READ	1523030932736117531
CCC5782E-39B4-11E8-BF66-D9AA8AFF4A69	SUBJECT_PROCESS	0C51AAE3-0594-4A51-9405-4FC4214A0041	FILE_OBJECT_FILE	EVENT_LSEEK	1523030932736117531
CCC5782E-39B4-11E8-BF66-D9AA8AFF4A69	SUBJECT_PROCESS	0C51AAE3-0594-4A51-9405-4FC4214A0041	FILE_OBJECT_FILE	EVENT_READ	1523030932736117531
CCC5782E-39B4-11E8-BF66-D9AA8AFF4A69	SUBJECT_PROCESS	0C51AAE3-0594-4A51-9405-4FC4214A0041	FILE_OBJECT_FILE	EVENT_READ	1523030932736117531
CCC5782E-39B4-11E8-BF66-D9AA8AFF4A69	SUBJECT_PROCESS	0C51AAE3-0594-4A51-9405-4FC4214A0041	FILE_OBJECT_FILE	EVENT_LSEEK	1523030932736117531
CCC5782E-39B4-11E8-BF66-D9AA8AFF4A69	SUBJECT_PROCESS	0C51AAE3-0594-4A51-9405-4FC4214A0041	FILE_OBJECT_FILE	EVENT_READ	1523030932736117531
CCC5782E-39B4-11E8-BF66-D9AA8AFF4A69	SUBJECT_PROCESS	0C51AAE3-0594-4A51-9405-4FC4214A0041	FILE_OBJECT_FILE	EVENT_READ	1523030932736117531
CCC5782E-39B4-11E8-BF66-D9AA8AFF4A69	SUBJECT_PROCESS	0C51AAE3-0594-4A51-9405-4FC4214A0041	FILE_OBJECT_FILE	EVENT_READ	1523030932746110372
CCC5782E-39B4-11E8-BF66-D9AA8AFF4A69	SUBJECT_PROCESS	CCC5782E-39B4-11E8-BF66-D9AA8AFF4A69	SUBJECT_PROCESS	EVENT_CHANGE_PRINCIPAL	1523030932746110372
CCC5782E-39B4-11E8-BF66-D9AA8AFF4A69	SUBJECT_PROCESS	BCDBE64D-1703-005A-8317-44DD6A00589D	FILE_OBJECT_FILE	EVENT_OPEN	1523030932746110372
CCC5782E-39B4-11E8-BF66-D9AA8AFF4A69	SUBJECT_PROCESS	BCDBE64D-1703-005A-8317-44DD6A00589D	FILE_OBJECT_FILE	EVENT_READ	1523030932746110372
CCC5782E-39B4-11E8-BF66-D9AA8AFF4A69	SUBJECT_PROCESS	BCDBE64D-1703-005A-8317-44DD6A00589D	FILE_OBJECT_FILE	EVENT_READ	1523030932746110372
CCC5782E-39B4-11E8-BF66-D9AA8AFF4A69	SUBJECT_PROCESS	BCDBE64D-1703-005A-8317-44DD6A00589D	FILE_OBJECT_FILE	EVENT_CLOSE	1523030932746110372
CCC5782E-39B4-11E8-BF66-D9AA8AFF4A69	SUBJECT_PROCESS	C53609B6-A912-B65B-92A9-B89E0BB6C2E1	FILE_OBJECT_FILE	EVENT_OPEN	1523030932746110372
CCC5782E-39B4-11E8-BF66-D9AA8AFF4A69	SUBJECT_PROCESS	C53609B6-A912-B65B-92A9-B89E0BB6C2E1	FILE_OBJECT_FILE	EVENT_READ	1523030932746110372
CCC5782E-39B4-11E8-BF66-D9AA8AFF4A69	SUBJECT_PROCESS	C53609B6-A912-B65B-92A9-B89E0BB6C2E1	FILE_OBJECT_FILE	EVENT_READ	1523030932746110372
CCC5782E-39B4-11E8-BF66-D9AA8AFF4A69	SUBJECT_PROCESS	C53609B6-A912-B65B-92A9-B89E0BB6C2E1	FILE_OBJECT_FILE	EVENT_READ	1523030932746110372
CCC5782E-39B4-11E8-BF66-D9AA8AFF4A69	SUBJECT_PROCESS	C53609B6-A912-B65B-92A9-B89E0BB6C2E1	FILE_OBJECT_FILE	EVENT_READ	1523030932746110372
CCC5782E-39B4-11E8-BF66-D9AA8AFF4A69	SUBJECT_PROCESS	C53609B6-A912-B65B-92A9-B89E0BB6C2E1	FILE_OBJECT_FILE	EVENT_READ	1523030932746110372
CCC5782E-39B4-11E8-BF66-D9AA8AFF4A69	SUBJECT_PROCESS	C53609B6-A912-B65B-92A9-B89E0BB6C2E1	FILE_OBJECT_FILE	EVENT_READ	1523030932746110372
CCC5782E-39B4-11E8-BF66-D9AA8AFF4A69	SUBJECT_PROCESS	C53609B6-A912-B65B-92A9-B89E0BB6C2E1	FILE_OBJECT_FILE	EVENT_READ	1523030932746110372
CCC5782E-39B4-11E8-BF66-D9AA8AFF4A69	SUBJECT_PROCESS	C53609B6-A912-B65B-92A9-B89E0BB6C2E1	FILE_OBJECT_FILE	EVENT_READ	1523030932756122393
CCC5782E-39B4-11E8-BF66-D9AA8AFF4A69	SUBJECT_PROCESS	C53609B6-A912-B65B-92A9-B89E0BB6C2E1	FILE_OBJECT_FILE	EVENT_READ	1523030932756122393
CCC5782E-39B4-11E8-BF66-D9AA8AFF4A69	SUBJECT_PROCESS	C53609B6-A912-B65B-92A9-B89E0BB6C2E1	FILE_OBJECT_FILE	EVENT_CLOSE	1523030932756122393
CCC5782E-39B4-11E8-BF66-D9AA8AFF4A69	SUBJECT_PROCESS	D496A680-EF0C-5554-8CEF-97252455C14A	FILE_OBJECT_FILE	EVENT_OPEN	1523030932756122393
CCC5782E-39B4-11E8-BF66-D9AA8AFF4A69	SUBJECT_PROCESS	D496A680-EF0C-5554-8CEF-97252455C14A	FILE_OBJECT_FILE	EVENT_READ	1523030932756122393
CCC5782E-39B4-11E8-BF66-D9AA8AFF4A69	SUBJECT_PROCESS	D496A680-EF0C-5554-8CEF-97252455C14A	FILE_OBJECT_FILE	EVENT_READ	1523030932756122393
CCC5782E-39B4-11E8-BF66-D9AA8AFF4A69	SUBJECT_PROCESS	D496A680-EF0C-5554-8CEF-97252455C14A	FILE_OBJECT_FILE	EVENT_CLOSE	1523030932756122393
CCC5782E-39B4-11E8-BF66-D9AA8AFF4A69	SUBJECT_PROCESS	0C51AAE3-0594-4A51-9405-4FC4214A0041	FILE_OBJECT_FILE	EVENT_READ	1523030932756122393
CCC5782E-39B4-11E8-BF66-D9AA8AFF4A69	SUBJECT_PROCESS	0C51AAE3-0594-4A51-9405-4FC4214A0041	FILE_OBJECT_FILE	EVENT_READ	1523030932756122393
CCC5782E-39B4-11E8-BF66-D9AA8AFF4A69	SUBJECT_PROCESS	0C51AAE3-0594-4A51-9405-4FC4214A0041	FILE_OBJECT_FILE	EVENT_LSEEK	1523030932756122393
CCC5782E-39B4-11E8-BF66-D9AA8AFF4A69	SUBJECT_PROCESS	0C51AAE3-0594-4A51-9405-4FC4214A0041	FILE_OBJECT_FILE	EVENT_READ	1523030932756122393
CCC5782E-39B4-11E8-BF66-D9AA8AFF4A69	SUBJECT_PROCESS	0C51AAE3-0594-4A51-9405-4FC4214A0041	FILE_OBJECT_FILE	EVENT_READ	1523030932756122393
CCC5782E-39B4-11E8-BF66-D9AA8AFF4A69	SUBJECT_PROCESS	0C51AAE3-0594-4A51-9405-4FC4214A0041	FILE_OBJECT_FILE	EVENT_READ	1523030932756122393
CCC5782E-39B4-11E8-BF66-D9AA8AFF4A69	SUBJECT_PROCESS	0C51AAE3-0594-4A51-9405-4FC4214A0041	FILE_OBJECT_FILE	EVENT_READ	1523030932756122393
CCC5782E-39B4-11E8-BF66-D9AA8AFF4A69	SUBJECT_PROCESS	0C51AAE3-0594-4A51-9405-4FC4214A0041	FILE_OBJECT_FILE	EVENT_READ	1523030932756122393
CCC5782E-39B4-11E8-BF66-D9AA8AFF4A69	SUBJECT_PROCESS	0C51AAE3-0594-4A51-9405-4FC4214A0041	FILE_OBJECT_FILE	EVENT_READ	1523030932756122393
CCC5782E-39B4-11E8-BF66-D9AA8AFF4A69	SUBJECT_PROCESS	0C51AAE3-0594-4A51-9405-4FC4214A0041	FILE_OBJECT_FILE	EVENT_READ	1523030932756122393
CCC5782E-39B4-11E8-BF66-D9AA8AFF4A69	SUBJECT_PROCESS	0C51AAE3-0594-4A51-9405-4FC4214A0041	FILE_OBJECT_FILE	EVENT_READ	1523030932766111853
CCC5782E-39B4-11E8-BF66-D9AA8AFF4A69	SUBJECT_PROCESS	0C51AAE3-0594-4A51-9405-4FC4214A0041	FILE_OBJECT_FILE	EVENT_READ	1523030932766111853
CCC5782E-39B4-11E8-BF66-D9AA8AFF4A69	SUBJECT_PROCESS	0C51AAE3-0594-4A51-9405-4FC4214A0041	FILE_OBJECT_FILE	EVENT_READ	1523030932766111853
CCC5782E-39B4-11E8-BF66-D9AA8AFF4A69	SUBJECT_PROCESS	0C51AAE3-0594-4A51-9405-4FC4214A0041	FILE_OBJECT_FILE	EVENT_LSEEK	1523030932766111853
CCC5782E-39B4-11E8-BF66-D9AA8AFF4A69	SUBJECT_PROCESS	0C51AAE3-0594-4A51-9405-4FC4214A0041	FILE_OBJECT_FILE	EVENT_READ	1523030932766111853
CCC5782E-39B4-11E8-BF66-D9AA8AFF4A69	SUBJECT_PROCESS	0C51AAE3-0594-4A51-9405-4FC4214A0041	FILE_OBJECT_FILE	EVENT_LSEEK	1523030932766111853
CCC5782E-39B4-11E8-BF66-D9AA8AFF4A69	SUBJECT_PROCESS	0C51AAE3-0594-4A51-9405-4FC4214A0041	FILE_OBJECT_FILE	EVENT_READ	1523030932766111853
CCC5782E-39B4-11E8-BF66-D9AA8AFF4A69	SUBJECT_PROCESS	0C51AAE3-0594-4A51-9405-4FC4214A0041	FILE_OBJECT_FILE	EVENT_READ	1523030932766111853
CCC5782E-39B4-11E8-BF66-D9AA8AFF4A69	SUBJECT_PROCESS	0C51AAE3-0594-4A51-9405-4FC4214A0041	FILE_OBJECT_FILE	EVENT_READ	1523030932766111853
CCC5782E-39B4-11E8-BF66-D9AA8AFF4A69	SUBJECT_PROCESS	0C51AAE3-0594-4A51-9405-4FC4214A0041	FILE_OBJECT_FILE	EVENT_LSEEK	1523030932766111853
CCC5782E-39B4-11E8-BF66-D9AA8AFF4A69	SUBJECT_PROCESS	0C51AAE3-0594-4A51-9405-4FC4214A0041	FILE_OBJECT_FILE	EVENT_READ	1523030932766111853
CCC5782E-39B4-11E8-BF66-D9AA8AFF4A69	SUBJECT_PROCESS	0C51AAE3-0594-4A51-9405-4FC4214A0041	FILE_OBJECT_FILE	EVENT_READ	1523030932766111853
CCC5782E-39B4-11E8-BF66-D9AA8AFF4A69	SUBJECT_PROCESS	0C51AAE3-0594-4A51-9405-4FC4214A0041	FILE_OBJECT_FILE	EVENT_LSEEK	1523030932766111853
CCC5782E-39B4-11E8-BF66-D9AA8AFF4A69	SUBJECT_PROCESS	0C51AAE3-0594-4A51-9405-4FC4214A0041	FILE_OBJECT_FILE	EVENT_READ	1523030932766111853
CCC5782E-39B4-11E8-BF66-D9AA8AFF4A69	SUBJECT_PROCESS	0C51AAE3-0594-4A51-9405-4FC4214A0041	FILE_OBJECT_FILE	EVENT_READ	1523030932766111853
CCC5782E-39B4-11E8-BF66-D9AA8AFF4A69	SUBJECT_PROCESS	0C51AAE3-0594-4A51-9405-4FC4214A0041	FILE_OBJECT_FILE	EVENT_READ	1523030932766111853
CCC5782E-39B4-11E8-BF66-D9AA8AFF4A69	SUBJECT_PROCESS	0C51AAE3-0594-4A51-9405-4FC4214A0041	FILE_OBJECT_FILE	EVENT_READ	1523030932766111853
CCC5782E-39B4-11E8-BF66-D9AA8AFF4A69	SUBJECT_PROCESS	0C51AAE3-0594-4A51-9405-4FC4214A0041	FILE_OBJECT_FILE	EVENT_LSEEK	1523030932766111853
CCC5782E-39B4-11E8-BF66-D9AA8AFF4A69	SUBJECT_PROCESS	0C51AAE3-0594-4A51-9405-4FC4214A0041	FILE_OBJECT_FILE	EVENT_READ	1523030932766111853
CCC5782E-39B4-11E8-BF66-D9AA8AFF4A69	SUBJECT_PROCESS	0C51AAE3-0594-4A51-9405-4FC4214A0041	FILE_OBJECT_FILE	EVENT_LSEEK	1523030932766111853
CCC5782E-39B4-11E8-BF66-D9AA8AFF4A69	SUBJECT_PROCESS	0C51AAE3-0594-4A51-9405-4FC4214A0041	FILE_OBJECT_FILE	EVENT_READ	1523030932766111853
CCC5782E-39B4-11E8-BF66-D9AA8AFF4A69	SUBJECT_PROCESS	0C51AAE3-0594-4A51-9405-4FC4214A0041	FILE_OBJECT_FILE	EVENT_LSEEK	1523030932776110874
CCC5782E-39B4-11E8-BF66-D9AA8AFF4A69	SUBJECT_PROCESS	0C51AAE3-0594-4A51-9405-4FC4214A0041	FILE_OBJECT_FILE	EVENT_READ	1523030932776110874
CCC5782E-39B4-11E8-BF66-D9AA8AFF4A69	SUBJECT_PROCESS	0C51AAE3-0594-4A51-9405-4FC4214A0041	FILE_OBJECT_FILE	EVENT_LSEEK	1523030932776110874
CCC5782E-39B4-11E8-BF66-D9AA8AFF4A69	SUBJECT_PROCESS	0C51AAE3-0594-4A51-9405-4FC4214A0041	FILE_OBJECT_FILE	EVENT_READ	1523030932776110874
CCC5782E-39B4-11E8-BF66-D9AA8AFF4A69	SUBJECT_PROCESS	0C51AAE3-0594-4A51-9405-4FC4214A0041	FILE_OBJECT_FILE	EVENT_LSEEK	1523030932776110874
CCC5782E-39B4-11E8-BF66-D9AA8AFF4A69	SUBJECT_PROCESS	0C51AAE3-0594-4A51-9405-4FC4214A0041	FILE_OBJECT_FILE	EVENT_READ	1523030932776110874
CCC5782E-39B4-11E8-BF66-D9AA8AFF4A69	SUBJECT_PROCESS	0C51AAE3-0594-4A51-9405-4FC4214A0041	FILE_OBJECT_FILE	EVENT_LSEEK	1523030932776110874
CCC5782E-39B4-11E8-BF66-D9AA8AFF4A69	SUBJECT_PROCESS	0C51AAE3-0594-4A51-9405-4FC4214A0041	FILE_OBJECT_FILE	EVENT_READ	1523030932776110874
CCC5782E-39B4-11E8-BF66-D9AA8AFF4A69	SUBJECT_PROCESS	0C51AAE3-0594-4A51-9405-4FC4214A0041	FILE_OBJECT_FILE	EVENT_READ	1523030932776110874
CCC5782E-39B4-11E8-BF66-D9AA8AFF4A69	SUBJECT_PROCESS	0C51AAE3-0594-4A51-9405-4FC4214A0041	FILE_OBJECT_FILE	EVENT_READ	1523030932776110874
CCC5782E-39B4-11E8-BF66-D9AA8AFF4A69	SUBJECT_PROCESS	0C51AAE3-0594-4A51-9405-4FC4214A0041	FILE_OBJECT_FILE	EVENT_READ	1523030932776110874
CCC5782E-39B4-11E8-BF66-D9AA8AFF4A69	SUBJECT_PROCESS	0C51AAE3-0594-4A51-9405-4FC4214A0041	FILE_OBJECT_FILE	EVENT_READ	1523030932776110874
CCC5782E-39B4-11E8-BF66-D9AA8AFF4A69	SUBJECT_PROCESS	0C51AAE3-0594-4A51-9405-4FC4214A0041	FILE_OBJECT_FILE	EVENT_LSEEK	1523030932776110874
CCC5782E-39B4-11E8-BF66-D9AA8AFF4A69	SUBJECT_PROCESS	0C51AAE3-0594-4A51-9405-4FC4214A0041	FILE_OBJECT_FILE	EVENT_READ	1523030932776110874
CCC5782E-39B4-11E8-BF66-D9AA8AFF4A69	SUBJECT_PROCESS	0C51AAE3-0594-4A51-9405-4FC4214A0041	FILE_OBJECT_FILE	EVENT_READ	1523030932776110874
CCC5782E-39B4-11E8-BF66-D9AA8AFF4A69	SUBJECT_PROCESS	0C51AAE3-0594-4A51-9405-4FC4214A0041	FILE_OBJECT_FILE	EVENT_READ	1523030932776110874
CCC5782E-39B4-11E8-BF66-D9AA8AFF4A69	SUBJECT_PROCESS	0C51AAE3-0594-4A51-9405-4FC4214A0041	FILE_OBJECT_FILE	EVENT_READ	1523030932776110874
CCC5782E-39B4-11E8-BF66-D9AA8AFF4A69	SUBJECT_PROCESS	0C51AAE3-0594-4A51-9405-4FC4214A0041	FILE_OBJECT_FILE	EVENT_LSEEK	1523030932776110874
CCC5782E-39B4-11E8-BF66-D9AA8AFF4A69	SUBJECT_PROCESS	0C51AAE3-0594-4A51-9405-4FC4214A0041	FILE_OBJECT_FILE	EVENT_READ	1523030932776110874
CCC5782E-39B4-11E8-BF66-D9AA8AFF4A69	SUBJECT_PROCESS	0C51AAE3-0594-4A51-9405-4FC4214A0041	FILE_OBJECT_FILE	EVENT_READ	1523030932776110874
CCC5782E-39B4-11E8-BF66-D9AA8AFF4A69	SUBJECT_PROCESS	0C51AAE3-0594-4A51-9405-4FC4214A0041	FILE_OBJECT_FILE	EVENT_LSEEK	1523030932776110874
CCC5782E-39B4-11E8-BF66-D9AA8AFF4A69	SUBJECT_PROCESS	0C51AAE3-0594-4A51-9405-4FC4214A0041	FILE_OBJECT_FILE	EVENT_READ	1523030932776110874
CCC5782E-39B4-11E8-BF66-D9AA8AFF4A69	SUBJECT_PROCESS	0C51AAE3-0594-4A51-9405-4FC4214A0041	FILE_OBJECT_FILE	EVENT_READ	1523030932786108305
CCC5782E-39B4-11E8-BF66-D9AA8AFF4A69	SUBJECT_PROCESS	0C51AAE3-0594-4A51-9405-4FC4214A0041	FILE_OBJECT_FILE	EVENT_LSEEK	1523030932786108305
CCC5782E-39B4-11E8-BF66-D9AA8AFF4A69	SUBJECT_PROCESS	0C51AAE3-0594-4A51-9405-4FC4214A0041	FILE_OBJECT_FILE	EVENT_READ	1523030932786108305
CCC5782E-39B4-11E8-BF66-D9AA8AFF4A69	SUBJECT_PROCESS	0C51AAE3-0594-4A51-9405-4FC4214A0041	FILE_OBJECT_FILE	EVENT_READ	1523030932786108305
CCC5782E-39B4-11E8-BF66-D9AA8AFF4A69	SUBJECT_PROCESS	0C51AAE3-0594-4A51-9405-4FC4214A0041	FILE_OBJECT_FILE	EVENT_LSEEK	1523030932786108305
CCC5782E-39B4-11E8-BF66-D9AA8AFF4A69	SUBJECT_PROCESS	0C51AAE3-0594-4A51-9405-4FC4214A0041	FILE_OBJECT_FILE	EVENT_READ	1523030932786108305
CCC5782E-39B4-11E8-BF66-D9AA8AFF4A69	SUBJECT_PROCESS	0C51AAE3-0594-4A51-9405-4FC4214A0041	FILE_OBJECT_FILE	EVENT_READ	1523030932786108305
CCC5782E-39B4-11E8-BF66-D9AA8AFF4A69	SUBJECT_PROCESS	0C51AAE3-0594-4A51-9405-4FC4214A0041	FILE_OBJECT_FILE	EVENT_LSEEK	1523030932786108305
CCC5782E-39B4-11E8-BF66-D9AA8AFF4A69	SUBJECT_PROCESS	0C51AAE3-0594-4A51-9405-4FC4214A0041	FILE_OBJECT_FILE	EVENT_READ	1523030932786108305
CCC5782E-39B4-11E8-BF66-D9AA8AFF4A69	SUBJECT_PROCESS	0C51AAE3-0594-4A51-9405-4FC4214A0041	FILE_OBJECT_FILE	EVENT_LSEEK	1523030932786108305
CCC5782E-39B4-11E8-BF66-D9AA8AFF4A69	SUBJECT_PROCESS	0C51AAE3-0594-4A51-9405-4FC4214A0041	FILE_OBJECT_FILE	EVENT_READ	1523030932786108305
CCC5782E-39B4-11E8-BF66-D9AA8AFF4A69	SUBJECT_PROCESS	0C51AAE3-0594-4A51-9405-4FC4214A0041	FILE_OBJECT_FILE	EVENT_LSEEK	1523030932786108305
CCC5782E-39B4-11E8-BF66-D9AA8AFF4A69	SUBJECT_PROCESS	0C51AAE3-0594-4A51-9405-4FC4214A0041	FILE_OBJECT_FILE	EVENT_READ	1523030932786108305
CCC5782E-39B4-11E8-BF66-D9AA8AFF4A69	SUBJECT_PROCESS	0C51AAE3-0594-4A51-9405-4FC4214A0041	FILE_OBJECT_FILE	EVENT_LSEEK	1523030932786108305
CCC5782E-39B4-11E8-BF66-D9AA8AFF4A69	SUBJECT_PROCESS	0C51AAE3-0594-4A51-9405-4FC4214A0041	FILE_OBJECT_FILE	EVENT_READ	1523030932786108305
CCC5782E-39B4-11E8-BF66-D9AA8AFF4A69	SUBJECT_PROCESS	0C51AAE3-0594-4A51-9405-4FC4214A0041	FILE_OBJECT_FILE	EVENT_LSEEK	1523030932786108305
CCC5782E-39B4-11E8-BF66-D9AA8AFF4A69	SUBJECT_PROCESS	0C51AAE3-0594-4A51-9405-4FC4214A0041	FILE_OBJECT_FILE	EVENT_READ	1523030932786108305
CCC5782E-39B4-11E8-BF66-D9AA8AFF4A69	SUBJECT_PROCESS	0C51AAE3-0594-4A51-9405-4FC4214A0041	FILE_OBJECT_FILE	EVENT_LSEEK	1523030932786108305
CCC5782E-39B4-11E8-BF66-D9AA8AFF4A69	SUBJECT_PROCESS	0C51AAE3-0594-4A51-9405-4FC4214A0041	FILE_OBJECT_FILE	EVENT_READ	1523030932786108305
CCC5782E-39B4-11E8-BF66-D9AA8AFF4A69	SUBJECT_PROCESS	0C51AAE3-0594-4A51-9405-4FC4214A0041	FILE_OBJECT_FILE	EVENT_LSEEK	1523030932786108305
CCC5782E-39B4-11E8-BF66-D9AA8AFF4A69	SUBJECT_PROCESS	0C51AAE3-0594-4A51-9405-4FC4214A0041	FILE_OBJECT_FILE	EVENT_READ	1523030932786108305
CCC5782E-39B4-11E8-BF66-D9AA8AFF4A69	SUBJECT_PROCESS	0C51AAE3-0594-4A51-9405-4FC4214A0041	FILE_OBJECT_FILE	EVENT_READ	1523030932786108305
CCC5782E-39B4-11E8-BF66-D9AA8AFF4A69	SUBJECT_PROCESS	0C51AAE3-0594-4A51-9405-4FC4214A0041	FILE_OBJECT_FILE	EVENT_READ	1523030932796111506
CCC5782E-39B4-11E8-BF66-D9AA8AFF4A69	SUBJECT_PROCESS	0C51AAE3-0594-4A51-9405-4FC4214A0041	FILE_OBJECT_FILE	EVENT_READ	1523030932796111506
CCC5782E-39B4-11E8-BF66-D9AA8AFF4A69	SUBJECT_PROCESS	0C51AAE3-0594-4A51-9405-4FC4214A0041	FILE_OBJECT_FILE	EVENT_LSEEK	1523030932796111506
CCC5782E-39B4-11E8-BF66-D9AA8AFF4A69	SUBJECT_PROCESS	0C51AAE3-0594-4A51-9405-4FC4214A0041	FILE_OBJECT_FILE	EVENT_READ	1523030932796111506
CCC5782E-39B4-11E8-BF66-D9AA8AFF4A69	SUBJECT_PROCESS	0C51AAE3-0594-4A51-9405-4FC4214A0041	FILE_OBJECT_FILE	EVENT_READ	1523030932796111506
CCC5782E-39B4-11E8-BF66-D9AA8AFF4A69	SUBJECT_PROCESS	0C51AAE3-0594-4A51-9405-4FC4214A0041	FILE_OBJECT_FILE	EVENT_READ	1523030932796111506
CCC5782E-39B4-11E8-BF66-D9AA8AFF4A69	SUBJECT_PROCESS	0C51AAE3-0594-4A51-9405-4FC4214A0041	FILE_OBJECT_FILE	EVENT_READ	1523030932796111506
CCC5782E-39B4-11E8-BF66-D9AA8AFF4A69	SUBJECT_PROCESS	0C51AAE3-0594-4A51-9405-4FC4214A0041	FILE_OBJECT_FILE	EVENT_READ	1523030932796111506
CCC5782E-39B4-11E8-BF66-D9AA8AFF4A69	SUBJECT_PROCESS	0C51AAE3-0594-4A51-9405-4FC4214A0041	FILE_OBJECT_FILE	EVENT_READ	1523030932796111506
CCC5782E-39B4-11E8-BF66-D9AA8AFF4A69	SUBJECT_PROCESS	0C51AAE3-0594-4A51-9405-4FC4214A0041	FILE_OBJECT_FILE	EVENT_LSEEK	1523030932796111506
CCC5782E-39B4-11E8-BF66-D9AA8AFF4A69	SUBJECT_PROCESS	0C51AAE3-0594-4A51-9405-4FC4214A0041	FILE_OBJECT_FILE	EVENT_READ	1523030932796111506
CCC5782E-39B4-11E8-BF66-D9AA8AFF4A69	SUBJECT_PROCESS	0C51AAE3-0594-4A51-9405-4FC4214A0041	FILE_OBJECT_FILE	EVENT_READ	1523030932796111506
CCC5782E-39B4-11E8-BF66-D9AA8AFF4A69	SUBJECT_PROCESS	0C51AAE3-0594-4A51-9405-4FC4214A0041	FILE_OBJECT_FILE	EVENT_LSEEK	1523030932796111506
CCC5782E-39B4-11E8-BF66-D9AA8AFF4A69	SUBJECT_PROCESS	0C51AAE3-0594-4A51-9405-4FC4214A0041	FILE_OBJECT_FILE	EVENT_READ	1523030932796111506
CCC5782E-39B4-11E8-BF66-D9AA8AFF4A69	SUBJECT_PROCESS	0C51AAE3-0594-4A51-9405-4FC4214A0041	FILE_OBJECT_FILE	EVENT_READ	1523030932796111506
CCC5782E-39B4-11E8-BF66-D9AA8AFF4A69	SUBJECT_PROCESS	0C51AAE3-0594-4A51-9405-4FC4214A0041	FILE_OBJECT_FILE	EVENT_LSEEK	1523030932796111506
CCC5782E-39B4-11E8-BF66-D9AA8AFF4A69	SUBJECT_PROCESS	0C51AAE3-0594-4A51-9405-4FC4214A0041	FILE_OBJECT_FILE	EVENT_READ	1523030932796111506
CCC5782E-39B4-11E8-BF66-D9AA8AFF4A69	SUBJECT_PROCESS	0C51AAE3-0594-4A51-9405-4FC4214A0041	FILE_OBJECT_FILE	EVENT_LSEEK	1523030932796111506
CCC5782E-39B4-11E8-BF66-D9AA8AFF4A69	SUBJECT_PROCESS	0C51AAE3-0594-4A51-9405-4FC4214A0041	FILE_OBJECT_FILE	EVENT_READ	1523030932796111506
CCC5782E-39B4-11E8-BF66-D9AA8AFF4A69	SUBJECT_PROCESS	0C51AAE3-0594-4A51-9405-4FC4214A0041	FILE_OBJECT_FILE	EVENT_LSEEK	1523030932796111506
CCC5782E-39B4-11E8-BF66-D9AA8AFF4A69	SUBJECT_PROCESS	0C51AAE3-0594-4A51-9405-4FC4214A0041	FILE_OBJECT_FILE	EVENT_READ	1523030932806110227
CCC5782E-39B4-11E8-BF66-D9AA8AFF4A69	SUBJECT_PROCESS	0C51AAE3-0594-4A51-9405-4FC4214A0041	FILE_OBJECT_FILE	EVENT_LSEEK	1523030932806110227
CCC5782E-39B4-11E8-BF66-D9AA8AFF4A69	SUBJECT_PROCESS	0C51AAE3-0594-4A51-9405-4FC4214A0041	FILE_OBJECT_FILE	EVENT_READ	1523030932806110227
CCC5782E-39B4-11E8-BF66-D9AA8AFF4A69	SUBJECT_PROCESS	0C51AAE3-0594-4A51-9405-4FC4214A0041	FILE_OBJECT_FILE	EVENT_LSEEK	1523030932806110227
CCC5782E-39B4-11E8-BF66-D9AA8AFF4A69	SUBJECT_PROCESS	0C51AAE3-0594-4A51-9405-4FC4214A0041	FILE_OBJECT_FILE	EVENT_READ	1523030932806110227
CCC5782E-39B4-11E8-BF66-D9AA8AFF4A69	SUBJECT_PROCESS	0C51AAE3-0594-4A51-9405-4FC4214A0041	FILE_OBJECT_FILE	EVENT_READ	1523030932806110227
CCC5782E-39B4-11E8-BF66-D9AA8AFF4A69	SUBJECT_PROCESS	0C51AAE3-0594-4A51-9405-4FC4214A0041	FILE_OBJECT_FILE	EVENT_READ	1523030932806110227
CCC5782E-39B4-11E8-BF66-D9AA8AFF4A69	SUBJECT_PROCESS	0C51AAE3-0594-4A51-9405-4FC4214A0041	FILE_OBJECT_FILE	EVENT_LSEEK	1523030932806110227
CCC5782E-39B4-11E8-BF66-D9AA8AFF4A69	SUBJECT_PROCESS	0C51AAE3-0594-4A51-9405-4FC4214A0041	FILE_OBJECT_FILE	EVENT_READ	1523030932806110227
CCC5782E-39B4-11E8-BF66-D9AA8AFF4A69	SUBJECT_PROCESS	0C51AAE3-0594-4A51-9405-4FC4214A0041	FILE_OBJECT_FILE	EVENT_LSEEK	1523030932806110227
CCC5782E-39B4-11E8-BF66-D9AA8AFF4A69	SUBJECT_PROCESS	0C51AAE3-0594-4A51-9405-4FC4214A0041	FILE_OBJECT_FILE	EVENT_READ	1523030932806110227
CCC5782E-39B4-11E8-BF66-D9AA8AFF4A69	SUBJECT_PROCESS	0C51AAE3-0594-4A51-9405-4FC4214A0041	FILE_OBJECT_FILE	EVENT_LSEEK	1523030932806110227
CCC5782E-39B4-11E8-BF66-D9AA8AFF4A69	SUBJECT_PROCESS	0C51AAE3-0594-4A51-9405-4FC4214A0041	FILE_OBJECT_FILE	EVENT_READ	1523030932806110227
CCC5782E-39B4-11E8-BF66-D9AA8AFF4A69	SUBJECT_PROCESS	0C51AAE3-0594-4A51-9405-4FC4214A0041	FILE_OBJECT_FILE	EVENT_LSEEK	1523030932806110227
CCC5782E-39B4-11E8-BF66-D9AA8AFF4A69	SUBJECT_PROCESS	0C51AAE3-0594-4A51-9405-4FC4214A0041	FILE_OBJECT_FILE	EVENT_READ	1523030932806110227
CCC5782E-39B4-11E8-BF66-D9AA8AFF4A69	SUBJECT_PROCESS	0C51AAE3-0594-4A51-9405-4FC4214A0041	FILE_OBJECT_FILE	EVENT_LSEEK	1523030932806110227
CCC5782E-39B4-11E8-BF66-D9AA8AFF4A69	SUBJECT_PROCESS	0C51AAE3-0594-4A51-9405-4FC4214A0041	FILE_OBJECT_FILE	EVENT_READ	1523030932806110227
CCC5782E-39B4-11E8-BF66-D9AA8AFF4A69	SUBJECT_PROCESS	0C51AAE3-0594-4A51-9405-4FC4214A0041	FILE_OBJECT_FILE	EVENT_LSEEK	1523030932806110227
CCC5782E-39B4-11E8-BF66-D9AA8AFF4A69	SUBJECT_PROCESS	0C51AAE3-0594-4A51-9405-4FC4214A0041	FILE_OBJECT_FILE	EVENT_READ	1523030932806110227
CCC5782E-39B4-11E8-BF66-D9AA8AFF4A69	SUBJECT_PROCESS	0C51AAE3-0594-4A51-9405-4FC4214A0041	FILE_OBJECT_FILE	EVENT_LSEEK	1523030932806110227
CCC5782E-39B4-11E8-BF66-D9AA8AFF4A69	SUBJECT_PROCESS	0C51AAE3-0594-4A51-9405-4FC4214A0041	FILE_OBJECT_FILE	EVENT_READ	1523030932806110227
CCC5782E-39B4-11E8-BF66-D9AA8AFF4A69	SUBJECT_PROCESS	0C51AAE3-0594-4A51-9405-4FC4214A0041	FILE_OBJECT_FILE	EVENT_READ	1523030932806110227
CCC5782E-39B4-11E8-BF66-D9AA8AFF4A69	SUBJECT_PROCESS	0C51AAE3-0594-4A51-9405-4FC4214A0041	FILE_OBJECT_FILE	EVENT_LSEEK	1523030932816119347
CCC5782E-39B4-11E8-BF66-D9AA8AFF4A69	SUBJECT_PROCESS	0C51AAE3-0594-4A51-9405-4FC4214A0041	FILE_OBJECT_FILE	EVENT_READ	1523030932816119347
CCC5782E-39B4-11E8-BF66-D9AA8AFF4A69	SUBJECT_PROCESS	0C51AAE3-0594-4A51-9405-4FC4214A0041	FILE_OBJECT_FILE	EVENT_LSEEK	1523030932816119347
CCC5782E-39B4-11E8-BF66-D9AA8AFF4A69	SUBJECT_PROCESS	0C51AAE3-0594-4A51-9405-4FC4214A0041	FILE_OBJECT_FILE	EVENT_READ	1523030932816119347
CCC5782E-39B4-11E8-BF66-D9AA8AFF4A69	SUBJECT_PROCESS	0C51AAE3-0594-4A51-9405-4FC4214A0041	FILE_OBJECT_FILE	EVENT_LSEEK	1523030932816119347
CCC5782E-39B4-11E8-BF66-D9AA8AFF4A69	SUBJECT_PROCESS	0C51AAE3-0594-4A51-9405-4FC4214A0041	FILE_OBJECT_FILE	EVENT_READ	1523030932816119347
CCC5782E-39B4-11E8-BF66-D9AA8AFF4A69	SUBJECT_PROCESS	0C51AAE3-0594-4A51-9405-4FC4214A0041	FILE_OBJECT_FILE	EVENT_LSEEK	1523030932816119347
CCC5782E-39B4-11E8-BF66-D9AA8AFF4A69	SUBJECT_PROCESS	0C51AAE3-0594-4A51-9405-4FC4214A0041	FILE_OBJECT_FILE	EVENT_READ	1523030932816119347
CCC5782E-39B4-11E8-BF66-D9AA8AFF4A69	SUBJECT_PROCESS	0C51AAE3-0594-4A51-9405-4FC4214A0041	FILE_OBJECT_FILE	EVENT_LSEEK	1523030932816119347
CCC5782E-39B4-11E8-BF66-D9AA8AFF4A69	SUBJECT_PROCESS	0C51AAE3-0594-4A51-9405-4FC4214A0041	FILE_OBJECT_FILE	EVENT_READ	1523030932816119347
CCC5782E-39B4-11E8-BF66-D9AA8AFF4A69	SUBJECT_PROCESS	0C51AAE3-0594-4A51-9405-4FC4214A0041	FILE_OBJECT_FILE	EVENT_READ	1523030932816119347
CCC5782E-39B4-11E8-BF66-D9AA8AFF4A69	SUBJECT_PROCESS	0C51AAE3-0594-4A51-9405-4FC4214A0041	FILE_OBJECT_FILE	EVENT_LSEEK	1523030932816119347
CCC5782E-39B4-11E8-BF66-D9AA8AFF4A69	SUBJECT_PROCESS	0C51AAE3-0594-4A51-9405-4FC4214A0041	FILE_OBJECT_FILE	EVENT_READ	1523030932816119347
CCC5782E-39B4-11E8-BF66-D9AA8AFF4A69	SUBJECT_PROCESS	0C51AAE3-0594-4A51-9405-4FC4214A0041	FILE_OBJECT_FILE	EVENT_LSEEK	1523030932816119347
CCC5782E-39B4-11E8-BF66-D9AA8AFF4A69	SUBJECT_PROCESS	0C51AAE3-0594-4A51-9405-4FC4214A0041	FILE_OBJECT_FILE	EVENT_READ	1523030932816119347
CCC5782E-39B4-11E8-BF66-D9AA8AFF4A69	SUBJECT_PROCESS	0C51AAE3-0594-4A51-9405-4FC4214A0041	FILE_OBJECT_FILE	EVENT_LSEEK	1523030932816119347
CCC5782E-39B4-11E8-BF66-D9AA8AFF4A69	SUBJECT_PROCESS	0C51AAE3-0594-4A51-9405-4FC4214A0041	FILE_OBJECT_FILE	EVENT_READ	1523030932816119347
CCC5782E-39B4-11E8-BF66-D9AA8AFF4A69	SUBJECT_PROCESS	0C51AAE3-0594-4A51-9405-4FC4214A0041	FILE_OBJECT_FILE	EVENT_READ	1523030932816119347
CCC5782E-39B4-11E8-BF66-D9AA8AFF4A69	SUBJECT_PROCESS	0C51AAE3-0594-4A51-9405-4FC4214A0041	FILE_OBJECT_FILE	EVENT_READ	1523030932816119347
CCC5782E-39B4-11E8-BF66-D9AA8AFF4A69	SUBJECT_PROCESS	0C51AAE3-0594-4A51-9405-4FC4214A0041	FILE_OBJECT_FILE	EVENT_LSEEK	1523030932816119347
CCC5782E-39B4-11E8-BF66-D9AA8AFF4A69	SUBJECT_PROCESS	0C51AAE3-0594-4A51-9405-4FC4214A0041	FILE_OBJECT_FILE	EVENT_READ	1523030932826112968
CCC5782E-39B4-11E8-BF66-D9AA8AFF4A69	SUBJECT_PROCESS	0C51AAE3-0594-4A51-9405-4FC4214A0041	FILE_OBJECT_FILE	EVENT_READ	1523030932826112968
CCC5782E-39B4-11E8-BF66-D9AA8AFF4A69	SUBJECT_PROCESS	0C51AAE3-0594-4A51-9405-4FC4214A0041	FILE_OBJECT_FILE	EVENT_LSEEK	1523030932826112968
CCC5782E-39B4-11E8-BF66-D9AA8AFF4A69	SUBJECT_PROCESS	0C51AAE3-0594-4A51-9405-4FC4214A0041	FILE_OBJECT_FILE	EVENT_READ	1523030932826112968
CCC5782E-39B4-11E8-BF66-D9AA8AFF4A69	SUBJECT_PROCESS	0C51AAE3-0594-4A51-9405-4FC4214A0041	FILE_OBJECT_FILE	EVENT_LSEEK	1523030932826112968
CCC5782E-39B4-11E8-BF66-D9AA8AFF4A69	SUBJECT_PROCESS	0C51AAE3-0594-4A51-9405-4FC4214A0041	FILE_OBJECT_FILE	EVENT_READ	1523030932826112968
CCC5782E-39B4-11E8-BF66-D9AA8AFF4A69	SUBJECT_PROCESS	0C51AAE3-0594-4A51-9405-4FC4214A0041	FILE_OBJECT_FILE	EVENT_LSEEK	1523030932826112968
CCC5782E-39B4-11E8-BF66-D9AA8AFF4A69	SUBJECT_PROCESS	0C51AAE3-0594-4A51-9405-4FC4214A0041	FILE_OBJECT_FILE	EVENT_READ	1523030932826112968
CCC5782E-39B4-11E8-BF66-D9AA8AFF4A69	SUBJECT_PROCESS	0C51AAE3-0594-4A51-9405-4FC4214A0041	FILE_OBJECT_FILE	EVENT_LSEEK	1523030932826112968
CCC5782E-39B4-11E8-BF66-D9AA8AFF4A69	SUBJECT_PROCESS	0C51AAE3-0594-4A51-9405-4FC4214A0041	FILE_OBJECT_FILE	EVENT_READ	1523030932826112968
CCC5782E-39B4-11E8-BF66-D9AA8AFF4A69	SUBJECT_PROCESS	0C51AAE3-0594-4A51-9405-4FC4214A0041	FILE_OBJECT_FILE	EVENT_LSEEK	1523030932826112968
CCC5782E-39B4-11E8-BF66-D9AA8AFF4A69	SUBJECT_PROCESS	0C51AAE3-0594-4A51-9405-4FC4214A0041	FILE_OBJECT_FILE	EVENT_READ	1523030932826112968
CCC5782E-39B4-11E8-BF66-D9AA8AFF4A69	SUBJECT_PROCESS	0C51AAE3-0594-4A51-9405-4FC4214A0041	FILE_OBJECT_FILE	EVENT_LSEEK	1523030932826112968
CCC5782E-39B4-11E8-BF66-D9AA8AFF4A69	SUBJECT_PROCESS	0C51AAE3-0594-4A51-9405-4FC4214A0041	FILE_OBJECT_FILE	EVENT_READ	1523030932826112968
CCC5782E-39B4-11E8-BF66-D9AA8AFF4A69	SUBJECT_PROCESS	0C51AAE3-0594-4A51-9405-4FC4214A0041	FILE_OBJECT_FILE	EVENT_READ	1523030932826112968
CCC5782E-39B4-11E8-BF66-D9AA8AFF4A69	SUBJECT_PROCESS	0C51AAE3-0594-4A51-9405-4FC4214A0041	FILE_OBJECT_FILE	EVENT_READ	1523030932826112968
CCC5782E-39B4-11E8-BF66-D9AA8AFF4A69	SUBJECT_PROCESS	0C51AAE3-0594-4A51-9405-4FC4214A0041	FILE_OBJECT_FILE	EVENT_READ	1523030932826112968
CCC5782E-39B4-11E8-BF66-D9AA8AFF4A69	SUBJECT_PROCESS	0C51AAE3-0594-4A51-9405-4FC4214A0041	FILE_OBJECT_FILE	EVENT_READ	1523030932826112968
CCC5782E-39B4-11E8-BF66-D9AA8AFF4A69	SUBJECT_PROCESS	0C51AAE3-0594-4A51-9405-4FC4214A0041	FILE_OBJECT_FILE	EVENT_LSEEK	1523030932826112968
CCC5782E-39B4-11E8-BF66-D9AA8AFF4A69	SUBJECT_PROCESS	0C51AAE3-0594-4A51-9405-4FC4214A0041	FILE_OBJECT_FILE	EVENT_READ	1523030932826112968
CCC5782E-39B4-11E8-BF66-D9AA8AFF4A69	SUBJECT_PROCESS	0C51AAE3-0594-4A51-9405-4FC4214A0041	FILE_OBJECT_FILE	EVENT_LSEEK	1523030932826112968
CCC5782E-39B4-11E8-BF66-D9AA8AFF4A69	SUBJECT_PROCESS	0C51AAE3-0594-4A51-9405-4FC4214A0041	FILE_OBJECT_FILE	EVENT_READ	1523030932826112968
CCC5782E-39B4-11E8-BF66-D9AA8AFF4A69	SUBJECT_PROCESS	0C51AAE3-0594-4A51-9405-4FC4214A0041	FILE_OBJECT_FILE	EVENT_LSEEK	1523030932836112929
CCC5782E-39B4-11E8-BF66-D9AA8AFF4A69	SUBJECT_PROCESS	0C51AAE3-0594-4A51-9405-4FC4214A0041	FILE_OBJECT_FILE	EVENT_READ	1523030932836112929
CCC5782E-39B4-11E8-BF66-D9AA8AFF4A69	SUBJECT_PROCESS	0C51AAE3-0594-4A51-9405-4FC4214A0041	FILE_OBJECT_FILE	EVENT_LSEEK	1523030932836112929
CCC5782E-39B4-11E8-BF66-D9AA8AFF4A69	SUBJECT_PROCESS	0C51AAE3-0594-4A51-9405-4FC4214A0041	FILE_OBJECT_FILE	EVENT_READ	1523030932836112929
CCC5782E-39B4-11E8-BF66-D9AA8AFF4A69	SUBJECT_PROCESS	0C51AAE3-0594-4A51-9405-4FC4214A0041	FILE_OBJECT_FILE	EVENT_LSEEK	1523030932836112929
CCC5782E-39B4-11E8-BF66-D9AA8AFF4A69	SUBJECT_PROCESS	0C51AAE3-0594-4A51-9405-4FC4214A0041	FILE_OBJECT_FILE	EVENT_READ	1523030932836112929
CCC5782E-39B4-11E8-BF66-D9AA8AFF4A69	SUBJECT_PROCESS	0C51AAE3-0594-4A51-9405-4FC4214A0041	FILE_OBJECT_FILE	EVENT_LSEEK	1523030932836112929
CCC5782E-39B4-11E8-BF66-D9AA8AFF4A69	SUBJECT_PROCESS	0C51AAE3-0594-4A51-9405-4FC4214A0041	FILE_OBJECT_FILE	EVENT_READ	1523030932836112929
CCC5782E-39B4-11E8-BF66-D9AA8AFF4A69	SUBJECT_PROCESS	0C51AAE3-0594-4A51-9405-4FC4214A0041	FILE_OBJECT_FILE	EVENT_LSEEK	1523030932836112929
CCC5782E-39B4-11E8-BF66-D9AA8AFF4A69	SUBJECT_PROCESS	0C51AAE3-0594-4A51-9405-4FC4214A0041	FILE_OBJECT_FILE	EVENT_READ	1523030932836112929
CCC5782E-39B4-11E8-BF66-D9AA8AFF4A69	SUBJECT_PROCESS	0C51AAE3-0594-4A51-9405-4FC4214A0041	FILE_OBJECT_FILE	EVENT_LSEEK	1523030932836112929
CCC5782E-39B4-11E8-BF66-D9AA8AFF4A69	SUBJECT_PROCESS	0C51AAE3-0594-4A51-9405-4FC4214A0041	FILE_OBJECT_FILE	EVENT_READ	1523030932836112929
CCC5782E-39B4-11E8-BF66-D9AA8AFF4A69	SUBJECT_PROCESS	0C51AAE3-0594-4A51-9405-4FC4214A0041	FILE_OBJECT_FILE	EVENT_LSEEK	1523030932836112929
CCC5782E-39B4-11E8-BF66-D9AA8AFF4A69	SUBJECT_PROCESS	0C51AAE3-0594-4A51-9405-4FC4214A0041	FILE_OBJECT_FILE	EVENT_READ	1523030932836112929
CCC5782E-39B4-11E8-BF66-D9AA8AFF4A69	SUBJECT_PROCESS	0C51AAE3-0594-4A51-9405-4FC4214A0041	FILE_OBJECT_FILE	EVENT_LSEEK	1523030932836112929
CCC5782E-39B4-11E8-BF66-D9AA8AFF4A69	SUBJECT_PROCESS	0C51AAE3-0594-4A51-9405-4FC4214A0041	FILE_OBJECT_FILE	EVENT_READ	1523030932836112929
CCC5782E-39B4-11E8-BF66-D9AA8AFF4A69	SUBJECT_PROCESS	0C51AAE3-0594-4A51-9405-4FC4214A0041	FILE_OBJECT_FILE	EVENT_READ	1523030932836112929
CCC5782E-39B4-11E8-BF66-D9AA8AFF4A69	SUBJECT_PROCESS	0C51AAE3-0594-4A51-9405-4FC4214A0041	FILE_OBJECT_FILE	EVENT_READ	1523030932836112929
CCC5782E-39B4-11E8-BF66-D9AA8AFF4A69	SUBJECT_PROCESS	0C51AAE3-0594-4A51-9405-4FC4214A0041	FILE_OBJECT_FILE	EVENT_READ	1523030932836112929
CCC5782E-39B4-11E8-BF66-D9AA8AFF4A69	SUBJECT_PROCESS	0C51AAE3-0594-4A51-9405-4FC4214A0041	FILE_OBJECT_FILE	EVENT_LSEEK	1523030932836112929
CCC5782E-39B4-11E8-BF66-D9AA8AFF4A69	SUBJECT_PROCESS	0C51AAE3-0594-4A51-9405-4FC4214A0041	FILE_OBJECT_FILE	EVENT_READ	1523030932836112929
CCC5782E-39B4-11E8-BF66-D9AA8AFF4A69	SUBJECT_PROCESS	0C51AAE3-0594-4A51-9405-4FC4214A0041	FILE_OBJECT_FILE	EVENT_LSEEK	1523030932836112929
CCC5782E-39B4-11E8-BF66-D9AA8AFF4A69	SUBJECT_PROCESS	0C51AAE3-0594-4A51-9405-4FC4214A0041	FILE_OBJECT_FILE	EVENT_READ	1523030932846111270
CCC5782E-39B4-11E8-BF66-D9AA8AFF4A69	SUBJECT_PROCESS	0C51AAE3-0594-4A51-9405-4FC4214A0041	FILE_OBJECT_FILE	EVENT_LSEEK	1523030932846111270
CCC5782E-39B4-11E8-BF66-D9AA8AFF4A69	SUBJECT_PROCESS	0C51AAE3-0594-4A51-9405-4FC4214A0041	FILE_OBJECT_FILE	EVENT_READ	1523030932846111270
CCC5782E-39B4-11E8-BF66-D9AA8AFF4A69	SUBJECT_PROCESS	0C51AAE3-0594-4A51-9405-4FC4214A0041	FILE_OBJECT_FILE	EVENT_READ	1523030932846111270
CCC5782E-39B4-11E8-BF66-D9AA8AFF4A69	SUBJECT_PROCESS	0C51AAE3-0594-4A51-9405-4FC4214A0041	FILE_OBJECT_FILE	EVENT_LSEEK	1523030932846111270
CCC5782E-39B4-11E8-BF66-D9AA8AFF4A69	SUBJECT_PROCESS	0C51AAE3-0594-4A51-9405-4FC4214A0041	FILE_OBJECT_FILE	EVENT_READ	1523030932846111270
CCC5782E-39B4-11E8-BF66-D9AA8AFF4A69	SUBJECT_PROCESS	0C51AAE3-0594-4A51-9405-4FC4214A0041	FILE_OBJECT_FILE	EVENT_READ	1523030932846111270
CCC5782E-39B4-11E8-BF66-D9AA8AFF4A69	SUBJECT_PROCESS	0C51AAE3-0594-4A51-9405-4FC4214A0041	FILE_OBJECT_FILE	EVENT_READ	1523030932846111270
CCC5782E-39B4-11E8-BF66-D9AA8AFF4A69	SUBJECT_PROCESS	0C51AAE3-0594-4A51-9405-4FC4214A0041	FILE_OBJECT_FILE	EVENT_READ	1523030932846111270
CCC5782E-39B4-11E8-BF66-D9AA8AFF4A69	SUBJECT_PROCESS	0C51AAE3-0594-4A51-9405-4FC4214A0041	FILE_OBJECT_FILE	EVENT_READ	1523030932846111270
CCC5782E-39B4-11E8-BF66-D9AA8AFF4A69	SUBJECT_PROCESS	0C51AAE3-0594-4A51-9405-4FC4214A0041	FILE_OBJECT_FILE	EVENT_READ	1523030932846111270
CCC5782E-39B4-11E8-BF66-D9AA8AFF4A69	SUBJECT_PROCESS	0C51AAE3-0594-4A51-9405-4FC4214A0041	FILE_OBJECT_FILE	EVENT_LSEEK	1523030932846111270
CCC5782E-39B4-11E8-BF66-D9AA8AFF4A69	SUBJECT_PROCESS	0C51AAE3-0594-4A51-9405-4FC4214A0041	FILE_OBJECT_FILE	EVENT_READ	1523030932846111270
CCC5782E-39B4-11E8-BF66-D9AA8AFF4A69	SUBJECT_PROCESS	0C51AAE3-0594-4A51-9405-4FC4214A0041	FILE_OBJECT_FILE	EVENT_LSEEK	1523030932846111270
CCC5782E-39B4-11E8-BF66-D9AA8AFF4A69	SUBJECT_PROCESS	0C51AAE3-0594-4A51-9405-4FC4214A0041	FILE_OBJECT_FILE	EVENT_READ	1523030932846111270
CCC5782E-39B4-11E8-BF66-D9AA8AFF4A69	SUBJECT_PROCESS	0C51AAE3-0594-4A51-9405-4FC4214A0041	FILE_OBJECT_FILE	EVENT_READ	1523030932846111270
CCC5782E-39B4-11E8-BF66-D9AA8AFF4A69	SUBJECT_PROCESS	0C51AAE3-0594-4A51-9405-4FC4214A0041	FILE_OBJECT_FILE	EVENT_LSEEK	1523030932846111270
CCC5782E-39B4-11E8-BF66-D9AA8AFF4A69	SUBJECT_PROCESS	0C51AAE3-0594-4A51-9405-4FC4214A0041	FILE_OBJECT_FILE	EVENT_READ	1523030932846111270
CCC5782E-39B4-11E8-BF66-D9AA8AFF4A69	SUBJECT_PROCESS	0C51AAE3-0594-4A51-9405-4FC4214A0041	FILE_OBJECT_FILE	EVENT_READ	1523030932846111270
CCC5782E-39B4-11E8-BF66-D9AA8AFF4A69	SUBJECT_PROCESS	0C51AAE3-0594-4A51-9405-4FC4214A0041	FILE_OBJECT_FILE	EVENT_LSEEK	1523030932846111270
CCC5782E-39B4-11E8-BF66-D9AA8AFF4A69	SUBJECT_PROCESS	0C51AAE3-0594-4A51-9405-4FC4214A0041	FILE_OBJECT_FILE	EVENT_READ	1523030932846111270
CCC5782E-39B4-11E8-BF66-D9AA8AFF4A69	SUBJECT_PROCESS	0C51AAE3-0594-4A51-9405-4FC4214A0041	FILE_OBJECT_FILE	EVENT_LSEEK	1523030932856111221
CCC5782E-39B4-11E8-BF66-D9AA8AFF4A69	SUBJECT_PROCESS	0C51AAE3-0594-4A51-9405-4FC4214A0041	FILE_OBJECT_FILE	EVENT_READ	1523030932856111221
CCC5782E-39B4-11E8-BF66-D9AA8AFF4A69	SUBJECT_PROCESS	0C51AAE3-0594-4A51-9405-4FC4214A0041	FILE_OBJECT_FILE	EVENT_READ	1523030932856111221
CCC5782E-39B4-11E8-BF66-D9AA8AFF4A69	SUBJECT_PROCESS	0C51AAE3-0594-4A51-9405-4FC4214A0041	FILE_OBJECT_FILE	EVENT_READ	1523030932856111221
CCC5782E-39B4-11E8-BF66-D9AA8AFF4A69	SUBJECT_PROCESS	0C51AAE3-0594-4A51-9405-4FC4214A0041	FILE_OBJECT_FILE	EVENT_READ	1523030932856111221
CCC5782E-39B4-11E8-BF66-D9AA8AFF4A69	SUBJECT_PROCESS	0C51AAE3-0594-4A51-9405-4FC4214A0041	FILE_OBJECT_FILE	EVENT_READ	1523030932856111221
CCC5782E-39B4-11E8-BF66-D9AA8AFF4A69	SUBJECT_PROCESS	0C51AAE3-0594-4A51-9405-4FC4214A0041	FILE_OBJECT_FILE	EVENT_LSEEK	1523030932856111221
72FB0406-3678-11E8-BF66-D9AA8AFF4A69	SUBJECT_PROCESS	CC3A8DD0-39B4-11E8-BF66-D9AA8AFF4A69	FILE_OBJECT_UNIX_SOCKET	EVENT_CLOSE	1523030932856111221
CCC5782E-39B4-11E8-BF66-D9AA8AFF4A69	SUBJECT_PROCESS	0C51AAE3-0594-4A51-9405-4FC4214A0041	FILE_OBJECT_FILE	EVENT_READ	1523030932856111221
72FB0406-3678-11E8-BF66-D9AA8AFF4A69	SUBJECT_PROCESS	CC3A8E44-39B4-11E8-BF66-D9AA8AFF4A69	FILE_OBJECT_UNIX_SOCKET	EVENT_CLOSE	1523030932856111221
CCC5782E-39B4-11E8-BF66-D9AA8AFF4A69	SUBJECT_PROCESS	0C51AAE3-0594-4A51-9405-4FC4214A0041	FILE_OBJECT_FILE	EVENT_LSEEK	1523030932856111221
CCC5782E-39B4-11E8-BF66-D9AA8AFF4A69	SUBJECT_PROCESS	0C51AAE3-0594-4A51-9405-4FC4214A0041	FILE_OBJECT_FILE	EVENT_READ	1523030932856111221
72FB0406-3678-11E8-BF66-D9AA8AFF4A69	SUBJECT_PROCESS	CCDB20E9-39B4-11E8-BF66-D9AA8AFF4A69	FILE_OBJECT_UNIX_SOCKET	EVENT_CREATE_OBJECT	1523030932856111221
72FB0406-3678-11E8-BF66-D9AA8AFF4A69	SUBJECT_PROCESS	CCDB2196-39B4-11E8-BF66-D9AA8AFF4A69	FILE_OBJECT_UNIX_SOCKET	EVENT_CREATE_OBJECT	1523030932856111221
CCC5782E-39B4-11E8-BF66-D9AA8AFF4A69	SUBJECT_PROCESS	0C51AAE3-0594-4A51-9405-4FC4214A0041	FILE_OBJECT_FILE	EVENT_LSEEK	1523030932856111221
CCC5782E-39B4-11E8-BF66-D9AA8AFF4A69	SUBJECT_PROCESS	0C51AAE3-0594-4A51-9405-4FC4214A0041	FILE_OBJECT_FILE	EVENT_READ	1523030932856111221
CCC5782E-39B4-11E8-BF66-D9AA8AFF4A69	SUBJECT_PROCESS	0C51AAE3-0594-4A51-9405-4FC4214A0041	FILE_OBJECT_FILE	EVENT_LSEEK	1523030932856111221
CCC5782E-39B4-11E8-BF66-D9AA8AFF4A69	SUBJECT_PROCESS	0C51AAE3-0594-4A51-9405-4FC4214A0041	FILE_OBJECT_FILE	EVENT_READ	1523030932856111221
CCC5782E-39B4-11E8-BF66-D9AA8AFF4A69	SUBJECT_PROCESS	0C51AAE3-0594-4A51-9405-4FC4214A0041	FILE_OBJECT_FILE	EVENT_LSEEK	1523030932856111221
CCC5782E-39B4-11E8-BF66-D9AA8AFF4A69	SUBJECT_PROCESS	0C51AAE3-0594-4A51-9405-4FC4214A0041	FILE_OBJECT_FILE	EVENT_READ	1523030932856111221
CCC5782E-39B4-11E8-BF66-D9AA8AFF4A69	SUBJECT_PROCESS	0C51AAE3-0594-4A51-9405-4FC4214A0041	FILE_OBJECT_FILE	EVENT_LSEEK	1523030932856111221
CCC5782E-39B4-11E8-BF66-D9AA8AFF4A69	SUBJECT_PROCESS	0C51AAE3-0594-4A51-9405-4FC4214A0041	FILE_OBJECT_FILE	EVENT_READ	1523030932856111221
CCC5782E-39B4-11E8-BF66-D9AA8AFF4A69	SUBJECT_PROCESS	0C51AAE3-0594-4A51-9405-4FC4214A0041	FILE_OBJECT_FILE	EVENT_READ	1523030932856111221
CCC5782E-39B4-11E8-BF66-D9AA8AFF4A69	SUBJECT_PROCESS	0C51AAE3-0594-4A51-9405-4FC4214A0041	FILE_OBJECT_FILE	EVENT_READ	1523030932856111221
CCC5782E-39B4-11E8-BF66-D9AA8AFF4A69	SUBJECT_PROCESS	0C51AAE3-0594-4A51-9405-4FC4214A0041	FILE_OBJECT_FILE	EVENT_LSEEK	1523030932856111221
CCC5782E-39B4-11E8-BF66-D9AA8AFF4A69	SUBJECT_PROCESS	0C51AAE3-0594-4A51-9405-4FC4214A0041	FILE_OBJECT_FILE	EVENT_READ	1523030932866108591
CCC5782E-39B4-11E8-BF66-D9AA8AFF4A69	SUBJECT_PROCESS	0C51AAE3-0594-4A51-9405-4FC4214A0041	FILE_OBJECT_FILE	EVENT_LSEEK	1523030932866108591
CCC5782E-39B4-11E8-BF66-D9AA8AFF4A69	SUBJECT_PROCESS	0C51AAE3-0594-4A51-9405-4FC4214A0041	FILE_OBJECT_FILE	EVENT_READ	1523030932866108591
CCC5782E-39B4-11E8-BF66-D9AA8AFF4A69	SUBJECT_PROCESS	0C51AAE3-0594-4A51-9405-4FC4214A0041	FILE_OBJECT_FILE	EVENT_LSEEK	1523030932866108591
CCC5782E-39B4-11E8-BF66-D9AA8AFF4A69	SUBJECT_PROCESS	0C51AAE3-0594-4A51-9405-4FC4214A0041	FILE_OBJECT_FILE	EVENT_READ	1523030932866108591
CCC5782E-39B4-11E8-BF66-D9AA8AFF4A69	SUBJECT_PROCESS	0C51AAE3-0594-4A51-9405-4FC4214A0041	FILE_OBJECT_FILE	EVENT_LSEEK	1523030932866108591
CCC5782E-39B4-11E8-BF66-D9AA8AFF4A69	SUBJECT_PROCESS	0C51AAE3-0594-4A51-9405-4FC4214A0041	FILE_OBJECT_FILE	EVENT_READ	1523030932866108591
CCC5782E-39B4-11E8-BF66-D9AA8AFF4A69	SUBJECT_PROCESS	0C51AAE3-0594-4A51-9405-4FC4214A0041	FILE_OBJECT_FILE	EVENT_LSEEK	1523030932866108591
CCC5782E-39B4-11E8-BF66-D9AA8AFF4A69	SUBJECT_PROCESS	0C51AAE3-0594-4A51-9405-4FC4214A0041	FILE_OBJECT_FILE	EVENT_READ	1523030932866108591
CCC5782E-39B4-11E8-BF66-D9AA8AFF4A69	SUBJECT_PROCESS	0C51AAE3-0594-4A51-9405-4FC4214A0041	FILE_OBJECT_FILE	EVENT_LSEEK	1523030932866108591
CCC5782E-39B4-11E8-BF66-D9AA8AFF4A69	SUBJECT_PROCESS	0C51AAE3-0594-4A51-9405-4FC4214A0041	FILE_OBJECT_FILE	EVENT_READ	1523030932866108591
CCC5782E-39B4-11E8-BF66-D9AA8AFF4A69	SUBJECT_PROCESS	0C51AAE3-0594-4A51-9405-4FC4214A0041	FILE_OBJECT_FILE	EVENT_LSEEK	1523030932866108591
CCC5782E-39B4-11E8-BF66-D9AA8AFF4A69	SUBJECT_PROCESS	0C51AAE3-0594-4A51-9405-4FC4214A0041	FILE_OBJECT_FILE	EVENT_READ	1523030932866108591
CCC5782E-39B4-11E8-BF66-D9AA8AFF4A69	SUBJECT_PROCESS	0C51AAE3-0594-4A51-9405-4FC4214A0041	FILE_OBJECT_FILE	EVENT_LSEEK	1523030932866108591
CCC5782E-39B4-11E8-BF66-D9AA8AFF4A69	SUBJECT_PROCESS	0C51AAE3-0594-4A51-9405-4FC4214A0041	FILE_OBJECT_FILE	EVENT_READ	1523030932866108591
CCC5782E-39B4-11E8-BF66-D9AA8AFF4A69	SUBJECT_PROCESS	0C51AAE3-0594-4A51-9405-4FC4214A0041	FILE_OBJECT_FILE	EVENT_READ	1523030932866108591
CCC5782E-39B4-11E8-BF66-D9AA8AFF4A69	SUBJECT_PROCESS	0C51AAE3-0594-4A51-9405-4FC4214A0041	FILE_OBJECT_FILE	EVENT_READ	1523030932866108591
CCC5782E-39B4-11E8-BF66-D9AA8AFF4A69	SUBJECT_PROCESS	0C51AAE3-0594-4A51-9405-4FC4214A0041	FILE_OBJECT_FILE	EVENT_LSEEK	1523030932866108591
CCC5782E-39B4-11E8-BF66-D9AA8AFF4A69	SUBJECT_PROCESS	0C51AAE3-0594-4A51-9405-4FC4214A0041	FILE_OBJECT_FILE	EVENT_READ	1523030932866108591
CCC5782E-39B4-11E8-BF66-D9AA8AFF4A69	SUBJECT_PROCESS	0C51AAE3-0594-4A51-9405-4FC4214A0041	FILE_OBJECT_FILE	EVENT_READ	1523030932866108591
CCC5782E-39B4-11E8-BF66-D9AA8AFF4A69	SUBJECT_PROCESS	0C51AAE3-0594-4A51-9405-4FC4214A0041	FILE_OBJECT_FILE	EVENT_READ	1523030932866108591
CCC5782E-39B4-11E8-BF66-D9AA8AFF4A69	SUBJECT_PROCESS	0C51AAE3-0594-4A51-9405-4FC4214A0041	FILE_OBJECT_FILE	EVENT_LSEEK	1523030932866108591
CCC5782E-39B4-11E8-BF66-D9AA8AFF4A69	SUBJECT_PROCESS	0C51AAE3-0594-4A51-9405-4FC4214A0041	FILE_OBJECT_FILE	EVENT_READ	1523030932876109192
CCC5782E-39B4-11E8-BF66-D9AA8AFF4A69	SUBJECT_PROCESS	0C51AAE3-0594-4A51-9405-4FC4214A0041	FILE_OBJECT_FILE	EVENT_READ	1523030932876109192
CCC5782E-39B4-11E8-BF66-D9AA8AFF4A69	SUBJECT_PROCESS	0C51AAE3-0594-4A51-9405-4FC4214A0041	FILE_OBJECT_FILE	EVENT_READ	1523030932876109192
CCC5782E-39B4-11E8-BF66-D9AA8AFF4A69	SUBJECT_PROCESS	0C51AAE3-0594-4A51-9405-4FC4214A0041	FILE_OBJECT_FILE	EVENT_LSEEK	1523030932876109192
CCC5782E-39B4-11E8-BF66-D9AA8AFF4A69	SUBJECT_PROCESS	0C51AAE3-0594-4A51-9405-4FC4214A0041	FILE_OBJECT_FILE	EVENT_READ	1523030932876109192
CCC5782E-39B4-11E8-BF66-D9AA8AFF4A69	SUBJECT_PROCESS	0C51AAE3-0594-4A51-9405-4FC4214A0041	FILE_OBJECT_FILE	EVENT_LSEEK	1523030932876109192
CCC5782E-39B4-11E8-BF66-D9AA8AFF4A69	SUBJECT_PROCESS	0C51AAE3-0594-4A51-9405-4FC4214A0041	FILE_OBJECT_FILE	EVENT_READ	1523030932876109192
CCC5782E-39B4-11E8-BF66-D9AA8AFF4A69	SUBJECT_PROCESS	0C51AAE3-0594-4A51-9405-4FC4214A0041	FILE_OBJECT_FILE	EVENT_LSEEK	1523030932876109192
CCC5782E-39B4-11E8-BF66-D9AA8AFF4A69	SUBJECT_PROCESS	0C51AAE3-0594-4A51-9405-4FC4214A0041	FILE_OBJECT_FILE	EVENT_READ	1523030932876109192
CCC5782E-39B4-11E8-BF66-D9AA8AFF4A69	SUBJECT_PROCESS	0C51AAE3-0594-4A51-9405-4FC4214A0041	FILE_OBJECT_FILE	EVENT_READ	1523030932876109192
CCC5782E-39B4-11E8-BF66-D9AA8AFF4A69	SUBJECT_PROCESS	0C51AAE3-0594-4A51-9405-4FC4214A0041	FILE_OBJECT_FILE	EVENT_LSEEK	1523030932876109192
CCC5782E-39B4-11E8-BF66-D9AA8AFF4A69	SUBJECT_PROCESS	0C51AAE3-0594-4A51-9405-4FC4214A0041	FILE_OBJECT_FILE	EVENT_READ	1523030932876109192
CCC5782E-39B4-11E8-BF66-D9AA8AFF4A69	SUBJECT_PROCESS	0C51AAE3-0594-4A51-9405-4FC4214A0041	FILE_OBJECT_FILE	EVENT_READ	1523030932876109192
CCC5782E-39B4-11E8-BF66-D9AA8AFF4A69	SUBJECT_PROCESS	0C51AAE3-0594-4A51-9405-4FC4214A0041	FILE_OBJECT_FILE	EVENT_LSEEK	1523030932876109192
CCC5782E-39B4-11E8-BF66-D9AA8AFF4A69	SUBJECT_PROCESS	0C51AAE3-0594-4A51-9405-4FC4214A0041	FILE_OBJECT_FILE	EVENT_READ	1523030932876109192
CCC5782E-39B4-11E8-BF66-D9AA8AFF4A69	SUBJECT_PROCESS	0C51AAE3-0594-4A51-9405-4FC4214A0041	FILE_OBJECT_FILE	EVENT_LSEEK	1523030932876109192
CCC5782E-39B4-11E8-BF66-D9AA8AFF4A69	SUBJECT_PROCESS	0C51AAE3-0594-4A51-9405-4FC4214A0041	FILE_OBJECT_FILE	EVENT_READ	1523030932876109192
CCC5782E-39B4-11E8-BF66-D9AA8AFF4A69	SUBJECT_PROCESS	0C51AAE3-0594-4A51-9405-4FC4214A0041	FILE_OBJECT_FILE	EVENT_LSEEK	1523030932876109192
CCC5782E-39B4-11E8-BF66-D9AA8AFF4A69	SUBJECT_PROCESS	0C51AAE3-0594-4A51-9405-4FC4214A0041	FILE_OBJECT_FILE	EVENT_READ	1523030932876109192
CCC5782E-39B4-11E8-BF66-D9AA8AFF4A69	SUBJECT_PROCESS	0C51AAE3-0594-4A51-9405-4FC4214A0041	FILE_OBJECT_FILE	EVENT_READ	1523030932876109192
CCC5782E-39B4-11E8-BF66-D9AA8AFF4A69	SUBJECT_PROCESS	0C51AAE3-0594-4A51-9405-4FC4214A0041	FILE_OBJECT_FILE	EVENT_LSEEK	1523030932876109192
CCC5782E-39B4-11E8-BF66-D9AA8AFF4A69	SUBJECT_PROCESS	0C51AAE3-0594-4A51-9405-4FC4214A0041	FILE_OBJECT_FILE	EVENT_READ	1523030932876109192
CCC5782E-39B4-11E8-BF66-D9AA8AFF4A69	SUBJECT_PROCESS	0C51AAE3-0594-4A51-9405-4FC4214A0041	FILE_OBJECT_FILE	EVENT_READ	1523030932886108413
CCC5782E-39B4-11E8-BF66-D9AA8AFF4A69	SUBJECT_PROCESS	0C51AAE3-0594-4A51-9405-4FC4214A0041	FILE_OBJECT_FILE	EVENT_READ	1523030932886108413
CCC5782E-39B4-11E8-BF66-D9AA8AFF4A69	SUBJECT_PROCESS	0C51AAE3-0594-4A51-9405-4FC4214A0041	FILE_OBJECT_FILE	EVENT_READ	1523030932886108413
CCC5782E-39B4-11E8-BF66-D9AA8AFF4A69	SUBJECT_PROCESS	0C51AAE3-0594-4A51-9405-4FC4214A0041	FILE_OBJECT_FILE	EVENT_LSEEK	1523030932886108413
CCC5782E-39B4-11E8-BF66-D9AA8AFF4A69	SUBJECT_PROCESS	0C51AAE3-0594-4A51-9405-4FC4214A0041	FILE_OBJECT_FILE	EVENT_READ	1523030932886108413
CCC5782E-39B4-11E8-BF66-D9AA8AFF4A69	SUBJECT_PROCESS	0C51AAE3-0594-4A51-9405-4FC4214A0041	FILE_OBJECT_FILE	EVENT_READ	1523030932886108413
CCC5782E-39B4-11E8-BF66-D9AA8AFF4A69	SUBJECT_PROCESS	0C51AAE3-0594-4A51-9405-4FC4214A0041	FILE_OBJECT_FILE	EVENT_LSEEK	1523030932886108413
CCC5782E-39B4-11E8-BF66-D9AA8AFF4A69	SUBJECT_PROCESS	0C51AAE3-0594-4A51-9405-4FC4214A0041	FILE_OBJECT_FILE	EVENT_READ	1523030932886108413
CCC5782E-39B4-11E8-BF66-D9AA8AFF4A69	SUBJECT_PROCESS	0C51AAE3-0594-4A51-9405-4FC4214A0041	FILE_OBJECT_FILE	EVENT_READ	1523030932886108413
CCC5782E-39B4-11E8-BF66-D9AA8AFF4A69	SUBJECT_PROCESS	0C51AAE3-0594-4A51-9405-4FC4214A0041	FILE_OBJECT_FILE	EVENT_LSEEK	1523030932886108413
CCC5782E-39B4-11E8-BF66-D9AA8AFF4A69	SUBJECT_PROCESS	0C51AAE3-0594-4A51-9405-4FC4214A0041	FILE_OBJECT_FILE	EVENT_READ	1523030932886108413
CCC5782E-39B4-11E8-BF66-D9AA8AFF4A69	SUBJECT_PROCESS	0C51AAE3-0594-4A51-9405-4FC4214A0041	FILE_OBJECT_FILE	EVENT_LSEEK	1523030932886108413
CCC5782E-39B4-11E8-BF66-D9AA8AFF4A69	SUBJECT_PROCESS	0C51AAE3-0594-4A51-9405-4FC4214A0041	FILE_OBJECT_FILE	EVENT_READ	1523030932886108413
CCC5782E-39B4-11E8-BF66-D9AA8AFF4A69	SUBJECT_PROCESS	0C51AAE3-0594-4A51-9405-4FC4214A0041	FILE_OBJECT_FILE	EVENT_LSEEK	1523030932886108413
CCC5782E-39B4-11E8-BF66-D9AA8AFF4A69	SUBJECT_PROCESS	0C51AAE3-0594-4A51-9405-4FC4214A0041	FILE_OBJECT_FILE	EVENT_READ	1523030932886108413
CCC5782E-39B4-11E8-BF66-D9AA8AFF4A69	SUBJECT_PROCESS	0C51AAE3-0594-4A51-9405-4FC4214A0041	FILE_OBJECT_FILE	EVENT_LSEEK	1523030932886108413
CCC5782E-39B4-11E8-BF66-D9AA8AFF4A69	SUBJECT_PROCESS	0C51AAE3-0594-4A51-9405-4FC4214A0041	FILE_OBJECT_FILE	EVENT_READ	1523030932886108413
CCC5782E-39B4-11E8-BF66-D9AA8AFF4A69	SUBJECT_PROCESS	0C51AAE3-0594-4A51-9405-4FC4214A0041	FILE_OBJECT_FILE	EVENT_LSEEK	1523030932886108413
CCC5782E-39B4-11E8-BF66-D9AA8AFF4A69	SUBJECT_PROCESS	0C51AAE3-0594-4A51-9405-4FC4214A0041	FILE_OBJECT_FILE	EVENT_READ	1523030932886108413
CCC5782E-39B4-11E8-BF66-D9AA8AFF4A69	SUBJECT_PROCESS	0C51AAE3-0594-4A51-9405-4FC4214A0041	FILE_OBJECT_FILE	EVENT_LSEEK	1523030932886108413
CCC5782E-39B4-11E8-BF66-D9AA8AFF4A69	SUBJECT_PROCESS	0C51AAE3-0594-4A51-9405-4FC4214A0041	FILE_OBJECT_FILE	EVENT_READ	1523030932886108413
CCC5782E-39B4-11E8-BF66-D9AA8AFF4A69	SUBJECT_PROCESS	0C51AAE3-0594-4A51-9405-4FC4214A0041	FILE_OBJECT_FILE	EVENT_LSEEK	1523030932896110104
CCC5782E-39B4-11E8-BF66-D9AA8AFF4A69	SUBJECT_PROCESS	0C51AAE3-0594-4A51-9405-4FC4214A0041	FILE_OBJECT_FILE	EVENT_READ	1523030932896110104
CCC5782E-39B4-11E8-BF66-D9AA8AFF4A69	SUBJECT_PROCESS	0C51AAE3-0594-4A51-9405-4FC4214A0041	FILE_OBJECT_FILE	EVENT_LSEEK	1523030932896110104
CCC5782E-39B4-11E8-BF66-D9AA8AFF4A69	SUBJECT_PROCESS	0C51AAE3-0594-4A51-9405-4FC4214A0041	FILE_OBJECT_FILE	EVENT_READ	1523030932896110104
CCC5782E-39B4-11E8-BF66-D9AA8AFF4A69	SUBJECT_PROCESS	0C51AAE3-0594-4A51-9405-4FC4214A0041	FILE_OBJECT_FILE	EVENT_LSEEK	1523030932896110104
CCC5782E-39B4-11E8-BF66-D9AA8AFF4A69	SUBJECT_PROCESS	0C51AAE3-0594-4A51-9405-4FC4214A0041	FILE_OBJECT_FILE	EVENT_READ	1523030932896110104
CCC5782E-39B4-11E8-BF66-D9AA8AFF4A69	SUBJECT_PROCESS	0C51AAE3-0594-4A51-9405-4FC4214A0041	FILE_OBJECT_FILE	EVENT_LSEEK	1523030932896110104
CCC5782E-39B4-11E8-BF66-D9AA8AFF4A69	SUBJECT_PROCESS	0C51AAE3-0594-4A51-9405-4FC4214A0041	FILE_OBJECT_FILE	EVENT_READ	1523030932896110104
CCC5782E-39B4-11E8-BF66-D9AA8AFF4A69	SUBJECT_PROCESS	0C51AAE3-0594-4A51-9405-4FC4214A0041	FILE_OBJECT_FILE	EVENT_LSEEK	1523030932896110104
CCC5782E-39B4-11E8-BF66-D9AA8AFF4A69	SUBJECT_PROCESS	0C51AAE3-0594-4A51-9405-4FC4214A0041	FILE_OBJECT_FILE	EVENT_READ	1523030932896110104
CCC5782E-39B4-11E8-BF66-D9AA8AFF4A69	SUBJECT_PROCESS	0C51AAE3-0594-4A51-9405-4FC4214A0041	FILE_OBJECT_FILE	EVENT_LSEEK	1523030932896110104
CCC5782E-39B4-11E8-BF66-D9AA8AFF4A69	SUBJECT_PROCESS	0C51AAE3-0594-4A51-9405-4FC4214A0041	FILE_OBJECT_FILE	EVENT_READ	1523030932896110104
CCC5782E-39B4-11E8-BF66-D9AA8AFF4A69	SUBJECT_PROCESS	0C51AAE3-0594-4A51-9405-4FC4214A0041	FILE_OBJECT_FILE	EVENT_LSEEK	1523030932896110104
CCC5782E-39B4-11E8-BF66-D9AA8AFF4A69	SUBJECT_PROCESS	0C51AAE3-0594-4A51-9405-4FC4214A0041	FILE_OBJECT_FILE	EVENT_READ	1523030932896110104
CCC5782E-39B4-11E8-BF66-D9AA8AFF4A69	SUBJECT_PROCESS	0C51AAE3-0594-4A51-9405-4FC4214A0041	FILE_OBJECT_FILE	EVENT_LSEEK	1523030932896110104
CCC5782E-39B4-11E8-BF66-D9AA8AFF4A69	SUBJECT_PROCESS	0C51AAE3-0594-4A51-9405-4FC4214A0041	FILE_OBJECT_FILE	EVENT_READ	1523030932896110104
CCC5782E-39B4-11E8-BF66-D9AA8AFF4A69	SUBJECT_PROCESS	0C51AAE3-0594-4A51-9405-4FC4214A0041	FILE_OBJECT_FILE	EVENT_LSEEK	1523030932896110104
CCC5782E-39B4-11E8-BF66-D9AA8AFF4A69	SUBJECT_PROCESS	0C51AAE3-0594-4A51-9405-4FC4214A0041	FILE_OBJECT_FILE	EVENT_READ	1523030932896110104
CCC5782E-39B4-11E8-BF66-D9AA8AFF4A69	SUBJECT_PROCESS	0C51AAE3-0594-4A51-9405-4FC4214A0041	FILE_OBJECT_FILE	EVENT_LSEEK	1523030932896110104
CCC5782E-39B4-11E8-BF66-D9AA8AFF4A69	SUBJECT_PROCESS	0C51AAE3-0594-4A51-9405-4FC4214A0041	FILE_OBJECT_FILE	EVENT_READ	1523030932896110104
CCC5782E-39B4-11E8-BF66-D9AA8AFF4A69	SUBJECT_PROCESS	0C51AAE3-0594-4A51-9405-4FC4214A0041	FILE_OBJECT_FILE	EVENT_LSEEK	1523030932896110104
CCC5782E-39B4-11E8-BF66-D9AA8AFF4A69	SUBJECT_PROCESS	0C51AAE3-0594-4A51-9405-4FC4214A0041	FILE_OBJECT_FILE	EVENT_READ	1523030932896110104
CCC5782E-39B4-11E8-BF66-D9AA8AFF4A69	SUBJECT_PROCESS	0C51AAE3-0594-4A51-9405-4FC4214A0041	FILE_OBJECT_FILE	EVENT_LSEEK	1523030932896110104
CCC5782E-39B4-11E8-BF66-D9AA8AFF4A69	SUBJECT_PROCESS	0C51AAE3-0594-4A51-9405-4FC4214A0041	FILE_OBJECT_FILE	EVENT_READ	1523030932906106424
CCC5782E-39B4-11E8-BF66-D9AA8AFF4A69	SUBJECT_PROCESS	0C51AAE3-0594-4A51-9405-4FC4214A0041	FILE_OBJECT_FILE	EVENT_LSEEK	1523030932906106424
CCC5782E-39B4-11E8-BF66-D9AA8AFF4A69	SUBJECT_PROCESS	0C51AAE3-0594-4A51-9405-4FC4214A0041	FILE_OBJECT_FILE	EVENT_READ	1523030932906106424
CCC5782E-39B4-11E8-BF66-D9AA8AFF4A69	SUBJECT_PROCESS	0C51AAE3-0594-4A51-9405-4FC4214A0041	FILE_OBJECT_FILE	EVENT_LSEEK	1523030932906106424
CCC5782E-39B4-11E8-BF66-D9AA8AFF4A69	SUBJECT_PROCESS	0C51AAE3-0594-4A51-9405-4FC4214A0041	FILE_OBJECT_FILE	EVENT_READ	1523030932906106424
CCC5782E-39B4-11E8-BF66-D9AA8AFF4A69	SUBJECT_PROCESS	0C51AAE3-0594-4A51-9405-4FC4214A0041	FILE_OBJECT_FILE	EVENT_LSEEK	1523030932906106424
CCC5782E-39B4-11E8-BF66-D9AA8AFF4A69	SUBJECT_PROCESS	0C51AAE3-0594-4A51-9405-4FC4214A0041	FILE_OBJECT_FILE	EVENT_READ	1523030932906106424
CCC5782E-39B4-11E8-BF66-D9AA8AFF4A69	SUBJECT_PROCESS	0C51AAE3-0594-4A51-9405-4FC4214A0041	FILE_OBJECT_FILE	EVENT_LSEEK	1523030932906106424
CCC5782E-39B4-11E8-BF66-D9AA8AFF4A69	SUBJECT_PROCESS	0C51AAE3-0594-4A51-9405-4FC4214A0041	FILE_OBJECT_FILE	EVENT_READ	1523030932906106424
CCC5782E-39B4-11E8-BF66-D9AA8AFF4A69	SUBJECT_PROCESS	0C51AAE3-0594-4A51-9405-4FC4214A0041	FILE_OBJECT_FILE	EVENT_LSEEK	1523030932906106424
CCC5782E-39B4-11E8-BF66-D9AA8AFF4A69	SUBJECT_PROCESS	0C51AAE3-0594-4A51-9405-4FC4214A0041	FILE_OBJECT_FILE	EVENT_READ	1523030932906106424
CCC5782E-39B4-11E8-BF66-D9AA8AFF4A69	SUBJECT_PROCESS	0C51AAE3-0594-4A51-9405-4FC4214A0041	FILE_OBJECT_FILE	EVENT_LSEEK	1523030932906106424
CCC5782E-39B4-11E8-BF66-D9AA8AFF4A69	SUBJECT_PROCESS	0C51AAE3-0594-4A51-9405-4FC4214A0041	FILE_OBJECT_FILE	EVENT_READ	1523030932906106424
CCC5782E-39B4-11E8-BF66-D9AA8AFF4A69	SUBJECT_PROCESS	0C51AAE3-0594-4A51-9405-4FC4214A0041	FILE_OBJECT_FILE	EVENT_LSEEK	1523030932906106424
CCC5782E-39B4-11E8-BF66-D9AA8AFF4A69	SUBJECT_PROCESS	0C51AAE3-0594-4A51-9405-4FC4214A0041	FILE_OBJECT_FILE	EVENT_READ	1523030932906106424
CCC5782E-39B4-11E8-BF66-D9AA8AFF4A69	SUBJECT_PROCESS	0C51AAE3-0594-4A51-9405-4FC4214A0041	FILE_OBJECT_FILE	EVENT_LSEEK	1523030932906106424
CCC5782E-39B4-11E8-BF66-D9AA8AFF4A69	SUBJECT_PROCESS	0C51AAE3-0594-4A51-9405-4FC4214A0041	FILE_OBJECT_FILE	EVENT_READ	1523030932906106424
CCC5782E-39B4-11E8-BF66-D9AA8AFF4A69	SUBJECT_PROCESS	0C51AAE3-0594-4A51-9405-4FC4214A0041	FILE_OBJECT_FILE	EVENT_LSEEK	1523030932906106424
CCC5782E-39B4-11E8-BF66-D9AA8AFF4A69	SUBJECT_PROCESS	0C51AAE3-0594-4A51-9405-4FC4214A0041	FILE_OBJECT_FILE	EVENT_READ	1523030932906106424
CCC5782E-39B4-11E8-BF66-D9AA8AFF4A69	SUBJECT_PROCESS	0C51AAE3-0594-4A51-9405-4FC4214A0041	FILE_OBJECT_FILE	EVENT_LSEEK	1523030932906106424
CCC5782E-39B4-11E8-BF66-D9AA8AFF4A69	SUBJECT_PROCESS	0C51AAE3-0594-4A51-9405-4FC4214A0041	FILE_OBJECT_FILE	EVENT_READ	1523030932906106424
CCC5782E-39B4-11E8-BF66-D9AA8AFF4A69	SUBJECT_PROCESS	0C51AAE3-0594-4A51-9405-4FC4214A0041	FILE_OBJECT_FILE	EVENT_LSEEK	1523030932906106424
CCC5782E-39B4-11E8-BF66-D9AA8AFF4A69	SUBJECT_PROCESS	0C51AAE3-0594-4A51-9405-4FC4214A0041	FILE_OBJECT_FILE	EVENT_READ	1523030932916107215
CCC5782E-39B4-11E8-BF66-D9AA8AFF4A69	SUBJECT_PROCESS	0C51AAE3-0594-4A51-9405-4FC4214A0041	FILE_OBJECT_FILE	EVENT_LSEEK	1523030932916107215
CCC5782E-39B4-11E8-BF66-D9AA8AFF4A69	SUBJECT_PROCESS	0C51AAE3-0594-4A51-9405-4FC4214A0041	FILE_OBJECT_FILE	EVENT_READ	1523030932916107215
CCC5782E-39B4-11E8-BF66-D9AA8AFF4A69	SUBJECT_PROCESS	0C51AAE3-0594-4A51-9405-4FC4214A0041	FILE_OBJECT_FILE	EVENT_LSEEK	1523030932916107215
CCC5782E-39B4-11E8-BF66-D9AA8AFF4A69	SUBJECT_PROCESS	0C51AAE3-0594-4A51-9405-4FC4214A0041	FILE_OBJECT_FILE	EVENT_READ	1523030932916107215
CCC5782E-39B4-11E8-BF66-D9AA8AFF4A69	SUBJECT_PROCESS	0C51AAE3-0594-4A51-9405-4FC4214A0041	FILE_OBJECT_FILE	EVENT_LSEEK	1523030932916107215
CCC5782E-39B4-11E8-BF66-D9AA8AFF4A69	SUBJECT_PROCESS	0C51AAE3-0594-4A51-9405-4FC4214A0041	FILE_OBJECT_FILE	EVENT_READ	1523030932916107215
CCC5782E-39B4-11E8-BF66-D9AA8AFF4A69	SUBJECT_PROCESS	0C51AAE3-0594-4A51-9405-4FC4214A0041	FILE_OBJECT_FILE	EVENT_LSEEK	1523030932916107215
CCC5782E-39B4-11E8-BF66-D9AA8AFF4A69	SUBJECT_PROCESS	0C51AAE3-0594-4A51-9405-4FC4214A0041	FILE_OBJECT_FILE	EVENT_READ	1523030932916107215
CCC5782E-39B4-11E8-BF66-D9AA8AFF4A69	SUBJECT_PROCESS	0C51AAE3-0594-4A51-9405-4FC4214A0041	FILE_OBJECT_FILE	EVENT_LSEEK	1523030932916107215
CCC5782E-39B4-11E8-BF66-D9AA8AFF4A69	SUBJECT_PROCESS	0C51AAE3-0594-4A51-9405-4FC4214A0041	FILE_OBJECT_FILE	EVENT_READ	1523030932916107215
CCC5782E-39B4-11E8-BF66-D9AA8AFF4A69	SUBJECT_PROCESS	0C51AAE3-0594-4A51-9405-4FC4214A0041	FILE_OBJECT_FILE	EVENT_LSEEK	1523030932916107215
CCC5782E-39B4-11E8-BF66-D9AA8AFF4A69	SUBJECT_PROCESS	0C51AAE3-0594-4A51-9405-4FC4214A0041	FILE_OBJECT_FILE	EVENT_READ	1523030932916107215
CCC5782E-39B4-11E8-BF66-D9AA8AFF4A69	SUBJECT_PROCESS	0C51AAE3-0594-4A51-9405-4FC4214A0041	FILE_OBJECT_FILE	EVENT_LSEEK	1523030932916107215
CCC5782E-39B4-11E8-BF66-D9AA8AFF4A69	SUBJECT_PROCESS	0C51AAE3-0594-4A51-9405-4FC4214A0041	FILE_OBJECT_FILE	EVENT_READ	1523030932916107215
CCC5782E-39B4-11E8-BF66-D9AA8AFF4A69	SUBJECT_PROCESS	0C51AAE3-0594-4A51-9405-4FC4214A0041	FILE_OBJECT_FILE	EVENT_LSEEK	1523030932916107215
CCC5782E-39B4-11E8-BF66-D9AA8AFF4A69	SUBJECT_PROCESS	0C51AAE3-0594-4A51-9405-4FC4214A0041	FILE_OBJECT_FILE	EVENT_READ	1523030932916107215
CCC5782E-39B4-11E8-BF66-D9AA8AFF4A69	SUBJECT_PROCESS	0C51AAE3-0594-4A51-9405-4FC4214A0041	FILE_OBJECT_FILE	EVENT_LSEEK	1523030932916107215
CCC5782E-39B4-11E8-BF66-D9AA8AFF4A69	SUBJECT_PROCESS	0C51AAE3-0594-4A51-9405-4FC4214A0041	FILE_OBJECT_FILE	EVENT_READ	1523030932916107215
CCC5782E-39B4-11E8-BF66-D9AA8AFF4A69	SUBJECT_PROCESS	0C51AAE3-0594-4A51-9405-4FC4214A0041	FILE_OBJECT_FILE	EVENT_LSEEK	1523030932916107215
CCC5782E-39B4-11E8-BF66-D9AA8AFF4A69	SUBJECT_PROCESS	0C51AAE3-0594-4A51-9405-4FC4214A0041	FILE_OBJECT_FILE	EVENT_READ	1523030932916107215
CCC5782E-39B4-11E8-BF66-D9AA8AFF4A69	SUBJECT_PROCESS	0C51AAE3-0594-4A51-9405-4FC4214A0041	FILE_OBJECT_FILE	EVENT_LSEEK	1523030932916107215
CCC5782E-39B4-11E8-BF66-D9AA8AFF4A69	SUBJECT_PROCESS	0C51AAE3-0594-4A51-9405-4FC4214A0041	FILE_OBJECT_FILE	EVENT_READ	1523030932926107096
CCC5782E-39B4-11E8-BF66-D9AA8AFF4A69	SUBJECT_PROCESS	0C51AAE3-0594-4A51-9405-4FC4214A0041	FILE_OBJECT_FILE	EVENT_LSEEK	1523030932926107096
CCC5782E-39B4-11E8-BF66-D9AA8AFF4A69	SUBJECT_PROCESS	0C51AAE3-0594-4A51-9405-4FC4214A0041	FILE_OBJECT_FILE	EVENT_READ	1523030932926107096
CCC5782E-39B4-11E8-BF66-D9AA8AFF4A69	SUBJECT_PROCESS	0C51AAE3-0594-4A51-9405-4FC4214A0041	FILE_OBJECT_FILE	EVENT_LSEEK	1523030932926107096
CCC5782E-39B4-11E8-BF66-D9AA8AFF4A69	SUBJECT_PROCESS	0C51AAE3-0594-4A51-9405-4FC4214A0041	FILE_OBJECT_FILE	EVENT_READ	1523030932926107096
CCC5782E-39B4-11E8-BF66-D9AA8AFF4A69	SUBJECT_PROCESS	0C51AAE3-0594-4A51-9405-4FC4214A0041	FILE_OBJECT_FILE	EVENT_LSEEK	1523030932926107096
CCC5782E-39B4-11E8-BF66-D9AA8AFF4A69	SUBJECT_PROCESS	0C51AAE3-0594-4A51-9405-4FC4214A0041	FILE_OBJECT_FILE	EVENT_READ	1523030932926107096
CCC5782E-39B4-11E8-BF66-D9AA8AFF4A69	SUBJECT_PROCESS	0C51AAE3-0594-4A51-9405-4FC4214A0041	FILE_OBJECT_FILE	EVENT_LSEEK	1523030932926107096
CCC5782E-39B4-11E8-BF66-D9AA8AFF4A69	SUBJECT_PROCESS	0C51AAE3-0594-4A51-9405-4FC4214A0041	FILE_OBJECT_FILE	EVENT_READ	1523030932926107096
CCC5782E-39B4-11E8-BF66-D9AA8AFF4A69	SUBJECT_PROCESS	0C51AAE3-0594-4A51-9405-4FC4214A0041	FILE_OBJECT_FILE	EVENT_LSEEK	1523030932926107096
CCC5782E-39B4-11E8-BF66-D9AA8AFF4A69	SUBJECT_PROCESS	0C51AAE3-0594-4A51-9405-4FC4214A0041	FILE_OBJECT_FILE	EVENT_READ	1523030932926107096
CCC5782E-39B4-11E8-BF66-D9AA8AFF4A69	SUBJECT_PROCESS	0C51AAE3-0594-4A51-9405-4FC4214A0041	FILE_OBJECT_FILE	EVENT_LSEEK	1523030932926107096
CCC5782E-39B4-11E8-BF66-D9AA8AFF4A69	SUBJECT_PROCESS	0C51AAE3-0594-4A51-9405-4FC4214A0041	FILE_OBJECT_FILE	EVENT_READ	1523030932926107096
CCC5782E-39B4-11E8-BF66-D9AA8AFF4A69	SUBJECT_PROCESS	0C51AAE3-0594-4A51-9405-4FC4214A0041	FILE_OBJECT_FILE	EVENT_LSEEK	1523030932926107096
CCC5782E-39B4-11E8-BF66-D9AA8AFF4A69	SUBJECT_PROCESS	0C51AAE3-0594-4A51-9405-4FC4214A0041	FILE_OBJECT_FILE	EVENT_READ	1523030932926107096
CCC5782E-39B4-11E8-BF66-D9AA8AFF4A69	SUBJECT_PROCESS	0C51AAE3-0594-4A51-9405-4FC4214A0041	FILE_OBJECT_FILE	EVENT_LSEEK	1523030932926107096
CCC5782E-39B4-11E8-BF66-D9AA8AFF4A69	SUBJECT_PROCESS	0C51AAE3-0594-4A51-9405-4FC4214A0041	FILE_OBJECT_FILE	EVENT_READ	1523030932926107096
CCC5782E-39B4-11E8-BF66-D9AA8AFF4A69	SUBJECT_PROCESS	0C51AAE3-0594-4A51-9405-4FC4214A0041	FILE_OBJECT_FILE	EVENT_LSEEK	1523030932926107096
CCC5782E-39B4-11E8-BF66-D9AA8AFF4A69	SUBJECT_PROCESS	0C51AAE3-0594-4A51-9405-4FC4214A0041	FILE_OBJECT_FILE	EVENT_READ	1523030932926107096
CCC5782E-39B4-11E8-BF66-D9AA8AFF4A69	SUBJECT_PROCESS	0C51AAE3-0594-4A51-9405-4FC4214A0041	FILE_OBJECT_FILE	EVENT_LSEEK	1523030932926107096
CCC5782E-39B4-11E8-BF66-D9AA8AFF4A69	SUBJECT_PROCESS	0C51AAE3-0594-4A51-9405-4FC4214A0041	FILE_OBJECT_FILE	EVENT_READ	1523030932926107096
CCC5782E-39B4-11E8-BF66-D9AA8AFF4A69	SUBJECT_PROCESS	0C51AAE3-0594-4A51-9405-4FC4214A0041	FILE_OBJECT_FILE	EVENT_LSEEK	1523030932936108167
CCC5782E-39B4-11E8-BF66-D9AA8AFF4A69	SUBJECT_PROCESS	0C51AAE3-0594-4A51-9405-4FC4214A0041	FILE_OBJECT_FILE	EVENT_READ	1523030932936108167
CCC5782E-39B4-11E8-BF66-D9AA8AFF4A69	SUBJECT_PROCESS	0C51AAE3-0594-4A51-9405-4FC4214A0041	FILE_OBJECT_FILE	EVENT_LSEEK	1523030932936108167
CCC5782E-39B4-11E8-BF66-D9AA8AFF4A69	SUBJECT_PROCESS	0C51AAE3-0594-4A51-9405-4FC4214A0041	FILE_OBJECT_FILE	EVENT_READ	1523030932936108167
CCC5782E-39B4-11E8-BF66-D9AA8AFF4A69	SUBJECT_PROCESS	0C51AAE3-0594-4A51-9405-4FC4214A0041	FILE_OBJECT_FILE	EVENT_LSEEK	1523030932936108167
CCC5782E-39B4-11E8-BF66-D9AA8AFF4A69	SUBJECT_PROCESS	0C51AAE3-0594-4A51-9405-4FC4214A0041	FILE_OBJECT_FILE	EVENT_READ	1523030932936108167
CCC5782E-39B4-11E8-BF66-D9AA8AFF4A69	SUBJECT_PROCESS	0C51AAE3-0594-4A51-9405-4FC4214A0041	FILE_OBJECT_FILE	EVENT_LSEEK	1523030932936108167
CCC5782E-39B4-11E8-BF66-D9AA8AFF4A69	SUBJECT_PROCESS	0C51AAE3-0594-4A51-9405-4FC4214A0041	FILE_OBJECT_FILE	EVENT_READ	1523030932936108167
CCC5782E-39B4-11E8-BF66-D9AA8AFF4A69	SUBJECT_PROCESS	0C51AAE3-0594-4A51-9405-4FC4214A0041	FILE_OBJECT_FILE	EVENT_LSEEK	1523030932936108167
CCC5782E-39B4-11E8-BF66-D9AA8AFF4A69	SUBJECT_PROCESS	0C51AAE3-0594-4A51-9405-4FC4214A0041	FILE_OBJECT_FILE	EVENT_READ	1523030932936108167
CCC5782E-39B4-11E8-BF66-D9AA8AFF4A69	SUBJECT_PROCESS	0C51AAE3-0594-4A51-9405-4FC4214A0041	FILE_OBJECT_FILE	EVENT_LSEEK	1523030932936108167
CCC5782E-39B4-11E8-BF66-D9AA8AFF4A69	SUBJECT_PROCESS	0C51AAE3-0594-4A51-9405-4FC4214A0041	FILE_OBJECT_FILE	EVENT_READ	1523030932936108167
CCC5782E-39B4-11E8-BF66-D9AA8AFF4A69	SUBJECT_PROCESS	0C51AAE3-0594-4A51-9405-4FC4214A0041	FILE_OBJECT_FILE	EVENT_LSEEK	1523030932936108167
CCC5782E-39B4-11E8-BF66-D9AA8AFF4A69	SUBJECT_PROCESS	0C51AAE3-0594-4A51-9405-4FC4214A0041	FILE_OBJECT_FILE	EVENT_READ	1523030932936108167
CCC5782E-39B4-11E8-BF66-D9AA8AFF4A69	SUBJECT_PROCESS	0C51AAE3-0594-4A51-9405-4FC4214A0041	FILE_OBJECT_FILE	EVENT_LSEEK	1523030932936108167
CCC5782E-39B4-11E8-BF66-D9AA8AFF4A69	SUBJECT_PROCESS	0C51AAE3-0594-4A51-9405-4FC4214A0041	FILE_OBJECT_FILE	EVENT_READ	1523030932936108167
CCC5782E-39B4-11E8-BF66-D9AA8AFF4A69	SUBJECT_PROCESS	0C51AAE3-0594-4A51-9405-4FC4214A0041	FILE_OBJECT_FILE	EVENT_LSEEK	1523030932936108167
CCC5782E-39B4-11E8-BF66-D9AA8AFF4A69	SUBJECT_PROCESS	0C51AAE3-0594-4A51-9405-4FC4214A0041	FILE_OBJECT_FILE	EVENT_READ	1523030932936108167
CCC5782E-39B4-11E8-BF66-D9AA8AFF4A69	SUBJECT_PROCESS	0C51AAE3-0594-4A51-9405-4FC4214A0041	FILE_OBJECT_FILE	EVENT_LSEEK	1523030932936108167
CCC5782E-39B4-11E8-BF66-D9AA8AFF4A69	SUBJECT_PROCESS	0C51AAE3-0594-4A51-9405-4FC4214A0041	FILE_OBJECT_FILE	EVENT_READ	1523030932936108167
CCC5782E-39B4-11E8-BF66-D9AA8AFF4A69	SUBJECT_PROCESS	0C51AAE3-0594-4A51-9405-4FC4214A0041	FILE_OBJECT_FILE	EVENT_LSEEK	1523030932936108167
CCC5782E-39B4-11E8-BF66-D9AA8AFF4A69	SUBJECT_PROCESS	0C51AAE3-0594-4A51-9405-4FC4214A0041	FILE_OBJECT_FILE	EVENT_READ	1523030932936108167
CCC5782E-39B4-11E8-BF66-D9AA8AFF4A69	SUBJECT_PROCESS	0C51AAE3-0594-4A51-9405-4FC4214A0041	FILE_OBJECT_FILE	EVENT_LSEEK	1523030932946121988
CCC5782E-39B4-11E8-BF66-D9AA8AFF4A69	SUBJECT_PROCESS	0C51AAE3-0594-4A51-9405-4FC4214A0041	FILE_OBJECT_FILE	EVENT_READ	1523030932946121988
CCC5782E-39B4-11E8-BF66-D9AA8AFF4A69	SUBJECT_PROCESS	0C51AAE3-0594-4A51-9405-4FC4214A0041	FILE_OBJECT_FILE	EVENT_LSEEK	1523030932946121988
CCC5782E-39B4-11E8-BF66-D9AA8AFF4A69	SUBJECT_PROCESS	0C51AAE3-0594-4A51-9405-4FC4214A0041	FILE_OBJECT_FILE	EVENT_READ	1523030932946121988
CCC5782E-39B4-11E8-BF66-D9AA8AFF4A69	SUBJECT_PROCESS	0C51AAE3-0594-4A51-9405-4FC4214A0041	FILE_OBJECT_FILE	EVENT_LSEEK	1523030932946121988
CCC5782E-39B4-11E8-BF66-D9AA8AFF4A69	SUBJECT_PROCESS	0C51AAE3-0594-4A51-9405-4FC4214A0041	FILE_OBJECT_FILE	EVENT_READ	1523030932946121988
CCC5782E-39B4-11E8-BF66-D9AA8AFF4A69	SUBJECT_PROCESS	0C51AAE3-0594-4A51-9405-4FC4214A0041	FILE_OBJECT_FILE	EVENT_LSEEK	1523030932946121988
CCC5782E-39B4-11E8-BF66-D9AA8AFF4A69	SUBJECT_PROCESS	0C51AAE3-0594-4A51-9405-4FC4214A0041	FILE_OBJECT_FILE	EVENT_READ	1523030932946121988
CCC5782E-39B4-11E8-BF66-D9AA8AFF4A69	SUBJECT_PROCESS	0C51AAE3-0594-4A51-9405-4FC4214A0041	FILE_OBJECT_FILE	EVENT_LSEEK	1523030932946121988
CCC5782E-39B4-11E8-BF66-D9AA8AFF4A69	SUBJECT_PROCESS	0C51AAE3-0594-4A51-9405-4FC4214A0041	FILE_OBJECT_FILE	EVENT_READ	1523030932946121988
CCC5782E-39B4-11E8-BF66-D9AA8AFF4A69	SUBJECT_PROCESS	0C51AAE3-0594-4A51-9405-4FC4214A0041	FILE_OBJECT_FILE	EVENT_LSEEK	1523030932946121988
CCC5782E-39B4-11E8-BF66-D9AA8AFF4A69	SUBJECT_PROCESS	0C51AAE3-0594-4A51-9405-4FC4214A0041	FILE_OBJECT_FILE	EVENT_READ	1523030932946121988
CCC5782E-39B4-11E8-BF66-D9AA8AFF4A69	SUBJECT_PROCESS	0C51AAE3-0594-4A51-9405-4FC4214A0041	FILE_OBJECT_FILE	EVENT_LSEEK	1523030932946121988
CCC5782E-39B4-11E8-BF66-D9AA8AFF4A69	SUBJECT_PROCESS	0C51AAE3-0594-4A51-9405-4FC4214A0041	FILE_OBJECT_FILE	EVENT_READ	1523030932946121988
CCC5782E-39B4-11E8-BF66-D9AA8AFF4A69	SUBJECT_PROCESS	0C51AAE3-0594-4A51-9405-4FC4214A0041	FILE_OBJECT_FILE	EVENT_LSEEK	1523030932946121988
CCC5782E-39B4-11E8-BF66-D9AA8AFF4A69	SUBJECT_PROCESS	0C51AAE3-0594-4A51-9405-4FC4214A0041	FILE_OBJECT_FILE	EVENT_READ	1523030932946121988
CCC5782E-39B4-11E8-BF66-D9AA8AFF4A69	SUBJECT_PROCESS	0C51AAE3-0594-4A51-9405-4FC4214A0041	FILE_OBJECT_FILE	EVENT_LSEEK	1523030932946121988
CCC5782E-39B4-11E8-BF66-D9AA8AFF4A69	SUBJECT_PROCESS	0C51AAE3-0594-4A51-9405-4FC4214A0041	FILE_OBJECT_FILE	EVENT_READ	1523030932946121988
CCC5782E-39B4-11E8-BF66-D9AA8AFF4A69	SUBJECT_PROCESS	0C51AAE3-0594-4A51-9405-4FC4214A0041	FILE_OBJECT_FILE	EVENT_LSEEK	1523030932946121988
CCC5782E-39B4-11E8-BF66-D9AA8AFF4A69	SUBJECT_PROCESS	0C51AAE3-0594-4A51-9405-4FC4214A0041	FILE_OBJECT_FILE	EVENT_READ	1523030932946121988
CCC5782E-39B4-11E8-BF66-D9AA8AFF4A69	SUBJECT_PROCESS	0C51AAE3-0594-4A51-9405-4FC4214A0041	FILE_OBJECT_FILE	EVENT_LSEEK	1523030932956119249
CCC5782E-39B4-11E8-BF66-D9AA8AFF4A69	SUBJECT_PROCESS	0C51AAE3-0594-4A51-9405-4FC4214A0041	FILE_OBJECT_FILE	EVENT_READ	1523030932956119249
CCC5782E-39B4-11E8-BF66-D9AA8AFF4A69	SUBJECT_PROCESS	0C51AAE3-0594-4A51-9405-4FC4214A0041	FILE_OBJECT_FILE	EVENT_LSEEK	1523030932956119249
CCC5782E-39B4-11E8-BF66-D9AA8AFF4A69	SUBJECT_PROCESS	0C51AAE3-0594-4A51-9405-4FC4214A0041	FILE_OBJECT_FILE	EVENT_READ	1523030932956119249
CCC5782E-39B4-11E8-BF66-D9AA8AFF4A69	SUBJECT_PROCESS	0C51AAE3-0594-4A51-9405-4FC4214A0041	FILE_OBJECT_FILE	EVENT_LSEEK	1523030932956119249
CCC5782E-39B4-11E8-BF66-D9AA8AFF4A69	SUBJECT_PROCESS	0C51AAE3-0594-4A51-9405-4FC4214A0041	FILE_OBJECT_FILE	EVENT_READ	1523030932956119249
CCC5782E-39B4-11E8-BF66-D9AA8AFF4A69	SUBJECT_PROCESS	0C51AAE3-0594-4A51-9405-4FC4214A0041	FILE_OBJECT_FILE	EVENT_LSEEK	1523030932956119249
CCC5782E-39B4-11E8-BF66-D9AA8AFF4A69	SUBJECT_PROCESS	0C51AAE3-0594-4A51-9405-4FC4214A0041	FILE_OBJECT_FILE	EVENT_READ	1523030932956119249
CCC5782E-39B4-11E8-BF66-D9AA8AFF4A69	SUBJECT_PROCESS	0C51AAE3-0594-4A51-9405-4FC4214A0041	FILE_OBJECT_FILE	EVENT_LSEEK	1523030932956119249
CCC5782E-39B4-11E8-BF66-D9AA8AFF4A69	SUBJECT_PROCESS	0C51AAE3-0594-4A51-9405-4FC4214A0041	FILE_OBJECT_FILE	EVENT_READ	1523030932956119249
CCC5782E-39B4-11E8-BF66-D9AA8AFF4A69	SUBJECT_PROCESS	0C51AAE3-0594-4A51-9405-4FC4214A0041	FILE_OBJECT_FILE	EVENT_LSEEK	1523030932956119249
CCC5782E-39B4-11E8-BF66-D9AA8AFF4A69	SUBJECT_PROCESS	0C51AAE3-0594-4A51-9405-4FC4214A0041	FILE_OBJECT_FILE	EVENT_READ	1523030932956119249
CCC5782E-39B4-11E8-BF66-D9AA8AFF4A69	SUBJECT_PROCESS	0C51AAE3-0594-4A51-9405-4FC4214A0041	FILE_OBJECT_FILE	EVENT_LSEEK	1523030932956119249
CCC5782E-39B4-11E8-BF66-D9AA8AFF4A69	SUBJECT_PROCESS	0C51AAE3-0594-4A51-9405-4FC4214A0041	FILE_OBJECT_FILE	EVENT_READ	1523030932956119249
CCC5782E-39B4-11E8-BF66-D9AA8AFF4A69	SUBJECT_PROCESS	0C51AAE3-0594-4A51-9405-4FC4214A0041	FILE_OBJECT_FILE	EVENT_LSEEK	1523030932956119249
CCC5782E-39B4-11E8-BF66-D9AA8AFF4A69	SUBJECT_PROCESS	0C51AAE3-0594-4A51-9405-4FC4214A0041	FILE_OBJECT_FILE	EVENT_READ	1523030932956119249
CCC5782E-39B4-11E8-BF66-D9AA8AFF4A69	SUBJECT_PROCESS	0C51AAE3-0594-4A51-9405-4FC4214A0041	FILE_OBJECT_FILE	EVENT_LSEEK	1523030932956119249
CCC5782E-39B4-11E8-BF66-D9AA8AFF4A69	SUBJECT_PROCESS	0C51AAE3-0594-4A51-9405-4FC4214A0041	FILE_OBJECT_FILE	EVENT_READ	1523030932956119249
CCC5782E-39B4-11E8-BF66-D9AA8AFF4A69	SUBJECT_PROCESS	0C51AAE3-0594-4A51-9405-4FC4214A0041	FILE_OBJECT_FILE	EVENT_LSEEK	1523030932956119249
CCC5782E-39B4-11E8-BF66-D9AA8AFF4A69	SUBJECT_PROCESS	0C51AAE3-0594-4A51-9405-4FC4214A0041	FILE_OBJECT_FILE	EVENT_READ	1523030932956119249
CCC5782E-39B4-11E8-BF66-D9AA8AFF4A69	SUBJECT_PROCESS	0C51AAE3-0594-4A51-9405-4FC4214A0041	FILE_OBJECT_FILE	EVENT_LSEEK	1523030932956119249
CCC5782E-39B4-11E8-BF66-D9AA8AFF4A69	SUBJECT_PROCESS	0C51AAE3-0594-4A51-9405-4FC4214A0041	FILE_OBJECT_FILE	EVENT_READ	1523030932966113329
CCC5782E-39B4-11E8-BF66-D9AA8AFF4A69	SUBJECT_PROCESS	0C51AAE3-0594-4A51-9405-4FC4214A0041	FILE_OBJECT_FILE	EVENT_LSEEK	1523030932966113329
CCC5782E-39B4-11E8-BF66-D9AA8AFF4A69	SUBJECT_PROCESS	0C51AAE3-0594-4A51-9405-4FC4214A0041	FILE_OBJECT_FILE	EVENT_READ	1523030932966113329
CCC5782E-39B4-11E8-BF66-D9AA8AFF4A69	SUBJECT_PROCESS	0C51AAE3-0594-4A51-9405-4FC4214A0041	FILE_OBJECT_FILE	EVENT_LSEEK	1523030932966113329
CCC5782E-39B4-11E8-BF66-D9AA8AFF4A69	SUBJECT_PROCESS	0C51AAE3-0594-4A51-9405-4FC4214A0041	FILE_OBJECT_FILE	EVENT_READ	1523030932966113329
CCC5782E-39B4-11E8-BF66-D9AA8AFF4A69	SUBJECT_PROCESS	0C51AAE3-0594-4A51-9405-4FC4214A0041	FILE_OBJECT_FILE	EVENT_LSEEK	1523030932966113329
CCC5782E-39B4-11E8-BF66-D9AA8AFF4A69	SUBJECT_PROCESS	0C51AAE3-0594-4A51-9405-4FC4214A0041	FILE_OBJECT_FILE	EVENT_READ	1523030932966113329
CCC5782E-39B4-11E8-BF66-D9AA8AFF4A69	SUBJECT_PROCESS	0C51AAE3-0594-4A51-9405-4FC4214A0041	FILE_OBJECT_FILE	EVENT_LSEEK	1523030932966113329
CCC5782E-39B4-11E8-BF66-D9AA8AFF4A69	SUBJECT_PROCESS	0C51AAE3-0594-4A51-9405-4FC4214A0041	FILE_OBJECT_FILE	EVENT_READ	1523030932966113329
CCC5782E-39B4-11E8-BF66-D9AA8AFF4A69	SUBJECT_PROCESS	0C51AAE3-0594-4A51-9405-4FC4214A0041	FILE_OBJECT_FILE	EVENT_LSEEK	1523030932966113329
CCC5782E-39B4-11E8-BF66-D9AA8AFF4A69	SUBJECT_PROCESS	0C51AAE3-0594-4A51-9405-4FC4214A0041	FILE_OBJECT_FILE	EVENT_READ	1523030932966113329
CCC5782E-39B4-11E8-BF66-D9AA8AFF4A69	SUBJECT_PROCESS	0C51AAE3-0594-4A51-9405-4FC4214A0041	FILE_OBJECT_FILE	EVENT_LSEEK	1523030932966113329
CCC5782E-39B4-11E8-BF66-D9AA8AFF4A69	SUBJECT_PROCESS	0C51AAE3-0594-4A51-9405-4FC4214A0041	FILE_OBJECT_FILE	EVENT_READ	1523030932966113329
CCC5782E-39B4-11E8-BF66-D9AA8AFF4A69	SUBJECT_PROCESS	0C51AAE3-0594-4A51-9405-4FC4214A0041	FILE_OBJECT_FILE	EVENT_LSEEK	1523030932966113329
CCC5782E-39B4-11E8-BF66-D9AA8AFF4A69	SUBJECT_PROCESS	0C51AAE3-0594-4A51-9405-4FC4214A0041	FILE_OBJECT_FILE	EVENT_READ	1523030932966113329
CCC5782E-39B4-11E8-BF66-D9AA8AFF4A69	SUBJECT_PROCESS	0C51AAE3-0594-4A51-9405-4FC4214A0041	FILE_OBJECT_FILE	EVENT_LSEEK	1523030932966113329
CCC5782E-39B4-11E8-BF66-D9AA8AFF4A69	SUBJECT_PROCESS	0C51AAE3-0594-4A51-9405-4FC4214A0041	FILE_OBJECT_FILE	EVENT_READ	1523030932966113329
CCC5782E-39B4-11E8-BF66-D9AA8AFF4A69	SUBJECT_PROCESS	0C51AAE3-0594-4A51-9405-4FC4214A0041	FILE_OBJECT_FILE	EVENT_LSEEK	1523030932966113329
CCC5782E-39B4-11E8-BF66-D9AA8AFF4A69	SUBJECT_PROCESS	0C51AAE3-0594-4A51-9405-4FC4214A0041	FILE_OBJECT_FILE	EVENT_READ	1523030932966113329
CCC5782E-39B4-11E8-BF66-D9AA8AFF4A69	SUBJECT_PROCESS	0C51AAE3-0594-4A51-9405-4FC4214A0041	FILE_OBJECT_FILE	EVENT_LSEEK	1523030932966113329
CCC5782E-39B4-11E8-BF66-D9AA8AFF4A69	SUBJECT_PROCESS	0C51AAE3-0594-4A51-9405-4FC4214A0041	FILE_OBJECT_FILE	EVENT_READ	1523030932966113329
CCC5782E-39B4-11E8-BF66-D9AA8AFF4A69	SUBJECT_PROCESS	0C51AAE3-0594-4A51-9405-4FC4214A0041	FILE_OBJECT_FILE	EVENT_LSEEK	1523030932966113329
CCC5782E-39B4-11E8-BF66-D9AA8AFF4A69	SUBJECT_PROCESS	0C51AAE3-0594-4A51-9405-4FC4214A0041	FILE_OBJECT_FILE	EVENT_READ	1523030932976107930
CCC5782E-39B4-11E8-BF66-D9AA8AFF4A69	SUBJECT_PROCESS	0C51AAE3-0594-4A51-9405-4FC4214A0041	FILE_OBJECT_FILE	EVENT_LSEEK	1523030932976107930
CCC5782E-39B4-11E8-BF66-D9AA8AFF4A69	SUBJECT_PROCESS	0C51AAE3-0594-4A51-9405-4FC4214A0041	FILE_OBJECT_FILE	EVENT_READ	1523030932976107930
CCC5782E-39B4-11E8-BF66-D9AA8AFF4A69	SUBJECT_PROCESS	0C51AAE3-0594-4A51-9405-4FC4214A0041	FILE_OBJECT_FILE	EVENT_LSEEK	1523030932976107930
CCC5782E-39B4-11E8-BF66-D9AA8AFF4A69	SUBJECT_PROCESS	0C51AAE3-0594-4A51-9405-4FC4214A0041	FILE_OBJECT_FILE	EVENT_READ	1523030932976107930
CCC5782E-39B4-11E8-BF66-D9AA8AFF4A69	SUBJECT_PROCESS	0C51AAE3-0594-4A51-9405-4FC4214A0041	FILE_OBJECT_FILE	EVENT_LSEEK	1523030932976107930
CCC5782E-39B4-11E8-BF66-D9AA8AFF4A69	SUBJECT_PROCESS	0C51AAE3-0594-4A51-9405-4FC4214A0041	FILE_OBJECT_FILE	EVENT_READ	1523030932976107930
CCC5782E-39B4-11E8-BF66-D9AA8AFF4A69	SUBJECT_PROCESS	0C51AAE3-0594-4A51-9405-4FC4214A0041	FILE_OBJECT_FILE	EVENT_LSEEK	1523030932976107930
CCC5782E-39B4-11E8-BF66-D9AA8AFF4A69	SUBJECT_PROCESS	0C51AAE3-0594-4A51-9405-4FC4214A0041	FILE_OBJECT_FILE	EVENT_READ	1523030932976107930
CCC5782E-39B4-11E8-BF66-D9AA8AFF4A69	SUBJECT_PROCESS	0C51AAE3-0594-4A51-9405-4FC4214A0041	FILE_OBJECT_FILE	EVENT_LSEEK	1523030932976107930
CCC5782E-39B4-11E8-BF66-D9AA8AFF4A69	SUBJECT_PROCESS	0C51AAE3-0594-4A51-9405-4FC4214A0041	FILE_OBJECT_FILE	EVENT_READ	1523030932976107930
CCC5782E-39B4-11E8-BF66-D9AA8AFF4A69	SUBJECT_PROCESS	0C51AAE3-0594-4A51-9405-4FC4214A0041	FILE_OBJECT_FILE	EVENT_LSEEK	1523030932976107930
CCC5782E-39B4-11E8-BF66-D9AA8AFF4A69	SUBJECT_PROCESS	0C51AAE3-0594-4A51-9405-4FC4214A0041	FILE_OBJECT_FILE	EVENT_READ	1523030932976107930
CCC5782E-39B4-11E8-BF66-D9AA8AFF4A69	SUBJECT_PROCESS	0C51AAE3-0594-4A51-9405-4FC4214A0041	FILE_OBJECT_FILE	EVENT_LSEEK	1523030932976107930
CCC5782E-39B4-11E8-BF66-D9AA8AFF4A69	SUBJECT_PROCESS	0C51AAE3-0594-4A51-9405-4FC4214A0041	FILE_OBJECT_FILE	EVENT_READ	1523030932976107930
CCC5782E-39B4-11E8-BF66-D9AA8AFF4A69	SUBJECT_PROCESS	0C51AAE3-0594-4A51-9405-4FC4214A0041	FILE_OBJECT_FILE	EVENT_LSEEK	1523030932976107930
CCC5782E-39B4-11E8-BF66-D9AA8AFF4A69	SUBJECT_PROCESS	0C51AAE3-0594-4A51-9405-4FC4214A0041	FILE_OBJECT_FILE	EVENT_READ	1523030932976107930
CCC5782E-39B4-11E8-BF66-D9AA8AFF4A69	SUBJECT_PROCESS	0C51AAE3-0594-4A51-9405-4FC4214A0041	FILE_OBJECT_FILE	EVENT_LSEEK	1523030932976107930
CCC5782E-39B4-11E8-BF66-D9AA8AFF4A69	SUBJECT_PROCESS	0C51AAE3-0594-4A51-9405-4FC4214A0041	FILE_OBJECT_FILE	EVENT_READ	1523030932976107930
CCC5782E-39B4-11E8-BF66-D9AA8AFF4A69	SUBJECT_PROCESS	0C51AAE3-0594-4A51-9405-4FC4214A0041	FILE_OBJECT_FILE	EVENT_LSEEK	1523030932976107930
CCC5782E-39B4-11E8-BF66-D9AA8AFF4A69	SUBJECT_PROCESS	0C51AAE3-0594-4A51-9405-4FC4214A0041	FILE_OBJECT_FILE	EVENT_READ	1523030932976107930
CCC5782E-39B4-11E8-BF66-D9AA8AFF4A69	SUBJECT_PROCESS	0C51AAE3-0594-4A51-9405-4FC4214A0041	FILE_OBJECT_FILE	EVENT_LSEEK	1523030932976107930
CCC5782E-39B4-11E8-BF66-D9AA8AFF4A69	SUBJECT_PROCESS	0C51AAE3-0594-4A51-9405-4FC4214A0041	FILE_OBJECT_FILE	EVENT_READ	1523030932986107391
CCC5782E-39B4-11E8-BF66-D9AA8AFF4A69	SUBJECT_PROCESS	0C51AAE3-0594-4A51-9405-4FC4214A0041	FILE_OBJECT_FILE	EVENT_LSEEK	1523030932986107391
CCC5782E-39B4-11E8-BF66-D9AA8AFF4A69	SUBJECT_PROCESS	0C51AAE3-0594-4A51-9405-4FC4214A0041	FILE_OBJECT_FILE	EVENT_READ	1523030932986107391
CCC5782E-39B4-11E8-BF66-D9AA8AFF4A69	SUBJECT_PROCESS	0C51AAE3-0594-4A51-9405-4FC4214A0041	FILE_OBJECT_FILE	EVENT_LSEEK	1523030932986107391
CCC5782E-39B4-11E8-BF66-D9AA8AFF4A69	SUBJECT_PROCESS	0C51AAE3-0594-4A51-9405-4FC4214A0041	FILE_OBJECT_FILE	EVENT_READ	1523030932986107391
CCC5782E-39B4-11E8-BF66-D9AA8AFF4A69	SUBJECT_PROCESS	0C51AAE3-0594-4A51-9405-4FC4214A0041	FILE_OBJECT_FILE	EVENT_LSEEK	1523030932986107391
CCC5782E-39B4-11E8-BF66-D9AA8AFF4A69	SUBJECT_PROCESS	0C51AAE3-0594-4A51-9405-4FC4214A0041	FILE_OBJECT_FILE	EVENT_READ	1523030932986107391
CCC5782E-39B4-11E8-BF66-D9AA8AFF4A69	SUBJECT_PROCESS	0C51AAE3-0594-4A51-9405-4FC4214A0041	FILE_OBJECT_FILE	EVENT_LSEEK	1523030932986107391
CCC5782E-39B4-11E8-BF66-D9AA8AFF4A69	SUBJECT_PROCESS	0C51AAE3-0594-4A51-9405-4FC4214A0041	FILE_OBJECT_FILE	EVENT_READ	1523030932986107391
CCC5782E-39B4-11E8-BF66-D9AA8AFF4A69	SUBJECT_PROCESS	C53609B6-A912-B65B-92A9-B89E0BB6C2E1	FILE_OBJECT_FILE	EVENT_OPEN	1523030932986107391
CCC5782E-39B4-11E8-BF66-D9AA8AFF4A69	SUBJECT_PROCESS	C53609B6-A912-B65B-92A9-B89E0BB6C2E1	FILE_OBJECT_FILE	EVENT_READ	1523030932986107391
CCC5782E-39B4-11E8-BF66-D9AA8AFF4A69	SUBJECT_PROCESS	C53609B6-A912-B65B-92A9-B89E0BB6C2E1	FILE_OBJECT_FILE	EVENT_READ	1523030932986107391
CCC5782E-39B4-11E8-BF66-D9AA8AFF4A69	SUBJECT_PROCESS	C53609B6-A912-B65B-92A9-B89E0BB6C2E1	FILE_OBJECT_FILE	EVENT_READ	1523030932986107391
CCC5782E-39B4-11E8-BF66-D9AA8AFF4A69	SUBJECT_PROCESS	C53609B6-A912-B65B-92A9-B89E0BB6C2E1	FILE_OBJECT_FILE	EVENT_READ	1523030932986107391
CCC5782E-39B4-11E8-BF66-D9AA8AFF4A69	SUBJECT_PROCESS	C53609B6-A912-B65B-92A9-B89E0BB6C2E1	FILE_OBJECT_FILE	EVENT_READ	1523030932986107391
CCC5782E-39B4-11E8-BF66-D9AA8AFF4A69	SUBJECT_PROCESS	C53609B6-A912-B65B-92A9-B89E0BB6C2E1	FILE_OBJECT_FILE	EVENT_READ	1523030932986107391
CCC5782E-39B4-11E8-BF66-D9AA8AFF4A69	SUBJECT_PROCESS	C53609B6-A912-B65B-92A9-B89E0BB6C2E1	FILE_OBJECT_FILE	EVENT_READ	1523030932986107391
CCC5782E-39B4-11E8-BF66-D9AA8AFF4A69	SUBJECT_PROCESS	C53609B6-A912-B65B-92A9-B89E0BB6C2E1	FILE_OBJECT_FILE	EVENT_READ	1523030932986107391
CCC5782E-39B4-11E8-BF66-D9AA8AFF4A69	SUBJECT_PROCESS	C53609B6-A912-B65B-92A9-B89E0BB6C2E1	FILE_OBJECT_FILE	EVENT_READ	1523030932986107391
CCC5782E-39B4-11E8-BF66-D9AA8AFF4A69	SUBJECT_PROCESS	C53609B6-A912-B65B-92A9-B89E0BB6C2E1	FILE_OBJECT_FILE	EVENT_CLOSE	1523030932986107391
CCC5782E-39B4-11E8-BF66-D9AA8AFF4A69	SUBJECT_PROCESS	9F924E33-11DC-C954-9C11-ABA0F4C94D90	FILE_OBJECT_FILE	EVENT_OPEN	1523030932996106842
CCC5782E-39B4-11E8-BF66-D9AA8AFF4A69	SUBJECT_PROCESS	9F924E33-11DC-C954-9C11-ABA0F4C94D90	FILE_OBJECT_FILE	EVENT_READ	1523030932996106842
CCC5782E-39B4-11E8-BF66-D9AA8AFF4A69	SUBJECT_PROCESS	9F924E33-11DC-C954-9C11-ABA0F4C94D90	FILE_OBJECT_FILE	EVENT_READ	1523030932996106842
CCC5782E-39B4-11E8-BF66-D9AA8AFF4A69	SUBJECT_PROCESS	9F924E33-11DC-C954-9C11-ABA0F4C94D90	FILE_OBJECT_FILE	EVENT_CLOSE	1523030932996106842
CCC5782E-39B4-11E8-BF66-D9AA8AFF4A69	SUBJECT_PROCESS	C6372CCF-39E0-835A-A039-155BFA837272	FILE_OBJECT_FILE	EVENT_OPEN	1523030932996106842
CCC5782E-39B4-11E8-BF66-D9AA8AFF4A69	SUBJECT_PROCESS	C6372CCF-39E0-835A-A039-155BFA837272	FILE_OBJECT_FILE	EVENT_READ	1523030932996106842
CCC5782E-39B4-11E8-BF66-D9AA8AFF4A69	SUBJECT_PROCESS	C6372CCF-39E0-835A-A039-155BFA837272	FILE_OBJECT_FILE	EVENT_READ	1523030932996106842
CCC5782E-39B4-11E8-BF66-D9AA8AFF4A69	SUBJECT_PROCESS	C6372CCF-39E0-835A-A039-155BFA837272	FILE_OBJECT_FILE	EVENT_CLOSE	1523030932996106842
CCC5782E-39B4-11E8-BF66-D9AA8AFF4A69	SUBJECT_PROCESS	CCF06967-39B4-11E8-BF66-D9AA8AFF4A69	NetFlowObject	EVENT_CONNECT	1523030932996106842
CCC5782E-39B4-11E8-BF66-D9AA8AFF4A69	SUBJECT_PROCESS	CCF06967-39B4-11E8-BF66-D9AA8AFF4A69	NetFlowObject	EVENT_SENDTO	1523030932996106842
CCC5782E-39B4-11E8-BF66-D9AA8AFF4A69	SUBJECT_PROCESS	CCF06967-39B4-11E8-BF66-D9AA8AFF4A69	NetFlowObject	EVENT_RECVFROM	1523030932996106842
CCC5782E-39B4-11E8-BF66-D9AA8AFF4A69	SUBJECT_PROCESS	CCF06967-39B4-11E8-BF66-D9AA8AFF4A69	NetFlowObject	EVENT_CLOSE	1523030932996106842
CCC5782E-39B4-11E8-BF66-D9AA8AFF4A69	SUBJECT_PROCESS	2F088072-F622-7354-A2F6-2AA974734AA9	FILE_OBJECT_FILE	EVENT_OPEN	1523030932996106842
CCC5782E-39B4-11E8-BF66-D9AA8AFF4A69	SUBJECT_PROCESS	2F088072-F622-7354-A2F6-2AA974734AA9	FILE_OBJECT_FILE	EVENT_LSEEK	1523030932996106842
CCC5782E-39B4-11E8-BF66-D9AA8AFF4A69	SUBJECT_PROCESS	2F088072-F622-7354-A2F6-2AA974734AA9	FILE_OBJECT_FILE	EVENT_LSEEK	1523030932996106842
CCC5782E-39B4-11E8-BF66-D9AA8AFF4A69	SUBJECT_PROCESS	2F088072-F622-7354-A2F6-2AA974734AA9	FILE_OBJECT_FILE	EVENT_READ	1523030932996106842
CCC5782E-39B4-11E8-BF66-D9AA8AFF4A69	SUBJECT_PROCESS	2F088072-F622-7354-A2F6-2AA974734AA9	FILE_OBJECT_FILE	EVENT_READ	1523030932996106842
CCC5782E-39B4-11E8-BF66-D9AA8AFF4A69	SUBJECT_PROCESS	2F088072-F622-7354-A2F6-2AA974734AA9	FILE_OBJECT_FILE	EVENT_READ	1523030933006108063
CCC5782E-39B4-11E8-BF66-D9AA8AFF4A69	SUBJECT_PROCESS	2F088072-F622-7354-A2F6-2AA974734AA9	FILE_OBJECT_FILE	EVENT_READ	1523030933006108063
CCC5782E-39B4-11E8-BF66-D9AA8AFF4A69	SUBJECT_PROCESS	2F088072-F622-7354-A2F6-2AA974734AA9	FILE_OBJECT_FILE	EVENT_CLOSE	1523030933006108063
CCC5782E-39B4-11E8-BF66-D9AA8AFF4A69	SUBJECT_PROCESS	C6372CCF-39E0-835A-A039-155BFA837272	FILE_OBJECT_FILE	EVENT_OPEN	1523030933006108063
CCC5782E-39B4-11E8-BF66-D9AA8AFF4A69	SUBJECT_PROCESS	C6372CCF-39E0-835A-A039-155BFA837272	FILE_OBJECT_FILE	EVENT_READ	1523030933006108063
CCC5782E-39B4-11E8-BF66-D9AA8AFF4A69	SUBJECT_PROCESS	C6372CCF-39E0-835A-A039-155BFA837272	FILE_OBJECT_FILE	EVENT_CLOSE	1523030933006108063
CCC5782E-39B4-11E8-BF66-D9AA8AFF4A69	SUBJECT_PROCESS	2F088072-F622-7354-A2F6-2AA974734AA9	FILE_OBJECT_FILE	EVENT_OPEN	1523030933006108063
CCC5782E-39B4-11E8-BF66-D9AA8AFF4A69	SUBJECT_PROCESS	2F088072-F622-7354-A2F6-2AA974734AA9	FILE_OBJECT_FILE	EVENT_LSEEK	1523030933006108063
CCC5782E-39B4-11E8-BF66-D9AA8AFF4A69	SUBJECT_PROCESS	2F088072-F622-7354-A2F6-2AA974734AA9	FILE_OBJECT_FILE	EVENT_LSEEK	1523030933006108063
CCC5782E-39B4-11E8-BF66-D9AA8AFF4A69	SUBJECT_PROCESS	2F088072-F622-7354-A2F6-2AA974734AA9	FILE_OBJECT_FILE	EVENT_READ	1523030933006108063
CCC5782E-39B4-11E8-BF66-D9AA8AFF4A69	SUBJECT_PROCESS	2F088072-F622-7354-A2F6-2AA974734AA9	FILE_OBJECT_FILE	EVENT_READ	1523030933006108063
CCC5782E-39B4-11E8-BF66-D9AA8AFF4A69	SUBJECT_PROCESS	2F088072-F622-7354-A2F6-2AA974734AA9	FILE_OBJECT_FILE	EVENT_READ	1523030933006108063
CCC5782E-39B4-11E8-BF66-D9AA8AFF4A69	SUBJECT_PROCESS	2F088072-F622-7354-A2F6-2AA974734AA9	FILE_OBJECT_FILE	EVENT_READ	1523030933006108063
CCC5782E-39B4-11E8-BF66-D9AA8AFF4A69	SUBJECT_PROCESS	2F088072-F622-7354-A2F6-2AA974734AA9	FILE_OBJECT_FILE	EVENT_CLOSE	1523030933006108063
CCC5782E-39B4-11E8-BF66-D9AA8AFF4A69	SUBJECT_PROCESS	2F088072-F622-7354-A2F6-2AA974734AA9	FILE_OBJECT_FILE	EVENT_OPEN	1523030933006108063
CCC5782E-39B4-11E8-BF66-D9AA8AFF4A69	SUBJECT_PROCESS	2F088072-F622-7354-A2F6-2AA974734AA9	FILE_OBJECT_FILE	EVENT_LSEEK	1523030933006108063
CCC5782E-39B4-11E8-BF66-D9AA8AFF4A69	SUBJECT_PROCESS	2F088072-F622-7354-A2F6-2AA974734AA9	FILE_OBJECT_FILE	EVENT_LSEEK	1523030933006108063
CCC5782E-39B4-11E8-BF66-D9AA8AFF4A69	SUBJECT_PROCESS	2F088072-F622-7354-A2F6-2AA974734AA9	FILE_OBJECT_FILE	EVENT_READ	1523030933006108063
CCC5782E-39B4-11E8-BF66-D9AA8AFF4A69	SUBJECT_PROCESS	2F088072-F622-7354-A2F6-2AA974734AA9	FILE_OBJECT_FILE	EVENT_READ	1523030933016110203
CCC5782E-39B4-11E8-BF66-D9AA8AFF4A69	SUBJECT_PROCESS	2F088072-F622-7354-A2F6-2AA974734AA9	FILE_OBJECT_FILE	EVENT_READ	1523030933016110203
CCC5782E-39B4-11E8-BF66-D9AA8AFF4A69	SUBJECT_PROCESS	2F088072-F622-7354-A2F6-2AA974734AA9	FILE_OBJECT_FILE	EVENT_READ	1523030933016110203
CCC5782E-39B4-11E8-BF66-D9AA8AFF4A69	SUBJECT_PROCESS	2F088072-F622-7354-A2F6-2AA974734AA9	FILE_OBJECT_FILE	EVENT_CLOSE	1523030933016110203
CCC5782E-39B4-11E8-BF66-D9AA8AFF4A69	SUBJECT_PROCESS	C6372CCF-39E0-835A-A039-155BFA837272	FILE_OBJECT_FILE	EVENT_OPEN	1523030933016110203
CCC5782E-39B4-11E8-BF66-D9AA8AFF4A69	SUBJECT_PROCESS	C6372CCF-39E0-835A-A039-155BFA837272	FILE_OBJECT_FILE	EVENT_READ	1523030933016110203
CCC5782E-39B4-11E8-BF66-D9AA8AFF4A69	SUBJECT_PROCESS	C6372CCF-39E0-835A-A039-155BFA837272	FILE_OBJECT_FILE	EVENT_CLOSE	1523030933016110203
CCC5782E-39B4-11E8-BF66-D9AA8AFF4A69	SUBJECT_PROCESS	2F088072-F622-7354-A2F6-2AA974734AA9	FILE_OBJECT_FILE	EVENT_OPEN	1523030933016110203
CCC5782E-39B4-11E8-BF66-D9AA8AFF4A69	SUBJECT_PROCESS	2F088072-F622-7354-A2F6-2AA974734AA9	FILE_OBJECT_FILE	EVENT_LSEEK	1523030933016110203
CCC5782E-39B4-11E8-BF66-D9AA8AFF4A69	SUBJECT_PROCESS	2F088072-F622-7354-A2F6-2AA974734AA9	FILE_OBJECT_FILE	EVENT_LSEEK	1523030933016110203
CCC5782E-39B4-11E8-BF66-D9AA8AFF4A69	SUBJECT_PROCESS	2F088072-F622-7354-A2F6-2AA974734AA9	FILE_OBJECT_FILE	EVENT_READ	1523030933016110203
CCC5782E-39B4-11E8-BF66-D9AA8AFF4A69	SUBJECT_PROCESS	2F088072-F622-7354-A2F6-2AA974734AA9	FILE_OBJECT_FILE	EVENT_READ	1523030933016110203
CCC5782E-39B4-11E8-BF66-D9AA8AFF4A69	SUBJECT_PROCESS	2F088072-F622-7354-A2F6-2AA974734AA9	FILE_OBJECT_FILE	EVENT_READ	1523030933016110203
CCC5782E-39B4-11E8-BF66-D9AA8AFF4A69	SUBJECT_PROCESS	2F088072-F622-7354-A2F6-2AA974734AA9	FILE_OBJECT_FILE	EVENT_READ	1523030933016110203
CCC5782E-39B4-11E8-BF66-D9AA8AFF4A69	SUBJECT_PROCESS	2F088072-F622-7354-A2F6-2AA974734AA9	FILE_OBJECT_FILE	EVENT_CLOSE	1523030933016110203
CCC5782E-39B4-11E8-BF66-D9AA8AFF4A69	SUBJECT_PROCESS	C6372CCF-39E0-835A-A039-155BFA837272	FILE_OBJECT_FILE	EVENT_OPEN	1523030933016110203
CCC5782E-39B4-11E8-BF66-D9AA8AFF4A69	SUBJECT_PROCESS	C6372CCF-39E0-835A-A039-155BFA837272	FILE_OBJECT_FILE	EVENT_READ	1523030933016110203
CCC5782E-39B4-11E8-BF66-D9AA8AFF4A69	SUBJECT_PROCESS	C6372CCF-39E0-835A-A039-155BFA837272	FILE_OBJECT_FILE	EVENT_CLOSE	1523030933016110203
CCC5782E-39B4-11E8-BF66-D9AA8AFF4A69	SUBJECT_PROCESS	2F088072-F622-7354-A2F6-2AA974734AA9	FILE_OBJECT_FILE	EVENT_OPEN	1523030933026107234
CCC5782E-39B4-11E8-BF66-D9AA8AFF4A69	SUBJECT_PROCESS	2F088072-F622-7354-A2F6-2AA974734AA9	FILE_OBJECT_FILE	EVENT_LSEEK	1523030933026107234
CCC5782E-39B4-11E8-BF66-D9AA8AFF4A69	SUBJECT_PROCESS	2F088072-F622-7354-A2F6-2AA974734AA9	FILE_OBJECT_FILE	EVENT_LSEEK	1523030933026107234
CCC5782E-39B4-11E8-BF66-D9AA8AFF4A69	SUBJECT_PROCESS	2F088072-F622-7354-A2F6-2AA974734AA9	FILE_OBJECT_FILE	EVENT_READ	1523030933026107234
CCC5782E-39B4-11E8-BF66-D9AA8AFF4A69	SUBJECT_PROCESS	2F088072-F622-7354-A2F6-2AA974734AA9	FILE_OBJECT_FILE	EVENT_READ	1523030933026107234
CCC5782E-39B4-11E8-BF66-D9AA8AFF4A69	SUBJECT_PROCESS	2F088072-F622-7354-A2F6-2AA974734AA9	FILE_OBJECT_FILE	EVENT_READ	1523030933026107234
CCC5782E-39B4-11E8-BF66-D9AA8AFF4A69	SUBJECT_PROCESS	2F088072-F622-7354-A2F6-2AA974734AA9	FILE_OBJECT_FILE	EVENT_READ	1523030933026107234
CCC5782E-39B4-11E8-BF66-D9AA8AFF4A69	SUBJECT_PROCESS	2F088072-F622-7354-A2F6-2AA974734AA9	FILE_OBJECT_FILE	EVENT_CLOSE	1523030933026107234
CCC5782E-39B4-11E8-BF66-D9AA8AFF4A69	SUBJECT_PROCESS	C6372CCF-39E0-835A-A039-155BFA837272	FILE_OBJECT_FILE	EVENT_OPEN	1523030933026107234
CCC5782E-39B4-11E8-BF66-D9AA8AFF4A69	SUBJECT_PROCESS	C6372CCF-39E0-835A-A039-155BFA837272	FILE_OBJECT_FILE	EVENT_READ	1523030933026107234
CCC5782E-39B4-11E8-BF66-D9AA8AFF4A69	SUBJECT_PROCESS	C6372CCF-39E0-835A-A039-155BFA837272	FILE_OBJECT_FILE	EVENT_CLOSE	1523030933026107234
CCC5782E-39B4-11E8-BF66-D9AA8AFF4A69	SUBJECT_PROCESS	2F088072-F622-7354-A2F6-2AA974734AA9	FILE_OBJECT_FILE	EVENT_OPEN	1523030933026107234
CCC5782E-39B4-11E8-BF66-D9AA8AFF4A69	SUBJECT_PROCESS	2F088072-F622-7354-A2F6-2AA974734AA9	FILE_OBJECT_FILE	EVENT_LSEEK	1523030933026107234
CCC5782E-39B4-11E8-BF66-D9AA8AFF4A69	SUBJECT_PROCESS	2F088072-F622-7354-A2F6-2AA974734AA9	FILE_OBJECT_FILE	EVENT_LSEEK	1523030933026107234
CCC5782E-39B4-11E8-BF66-D9AA8AFF4A69	SUBJECT_PROCESS	2F088072-F622-7354-A2F6-2AA974734AA9	FILE_OBJECT_FILE	EVENT_READ	1523030933026107234
CCC5782E-39B4-11E8-BF66-D9AA8AFF4A69	SUBJECT_PROCESS	2F088072-F622-7354-A2F6-2AA974734AA9	FILE_OBJECT_FILE	EVENT_READ	1523030933026107234
CCC5782E-39B4-11E8-BF66-D9AA8AFF4A69	SUBJECT_PROCESS	2F088072-F622-7354-A2F6-2AA974734AA9	FILE_OBJECT_FILE	EVENT_READ	1523030933026107234
CCC5782E-39B4-11E8-BF66-D9AA8AFF4A69	SUBJECT_PROCESS	2F088072-F622-7354-A2F6-2AA974734AA9	FILE_OBJECT_FILE	EVENT_READ	1523030933026107234
CCC5782E-39B4-11E8-BF66-D9AA8AFF4A69	SUBJECT_PROCESS	2F088072-F622-7354-A2F6-2AA974734AA9	FILE_OBJECT_FILE	EVENT_CLOSE	1523030933036107055
CCC5782E-39B4-11E8-BF66-D9AA8AFF4A69	SUBJECT_PROCESS	2F088072-F622-7354-A2F6-2AA974734AA9	FILE_OBJECT_FILE	EVENT_OPEN	1523030933036107055
CCC5782E-39B4-11E8-BF66-D9AA8AFF4A69	SUBJECT_PROCESS	2F088072-F622-7354-A2F6-2AA974734AA9	FILE_OBJECT_FILE	EVENT_LSEEK	1523030933036107055
CCC5782E-39B4-11E8-BF66-D9AA8AFF4A69	SUBJECT_PROCESS	2F088072-F622-7354-A2F6-2AA974734AA9	FILE_OBJECT_FILE	EVENT_LSEEK	1523030933036107055
CCC5782E-39B4-11E8-BF66-D9AA8AFF4A69	SUBJECT_PROCESS	2F088072-F622-7354-A2F6-2AA974734AA9	FILE_OBJECT_FILE	EVENT_READ	1523030933036107055
CCC5782E-39B4-11E8-BF66-D9AA8AFF4A69	SUBJECT_PROCESS	2F088072-F622-7354-A2F6-2AA974734AA9	FILE_OBJECT_FILE	EVENT_READ	1523030933036107055
CCC5782E-39B4-11E8-BF66-D9AA8AFF4A69	SUBJECT_PROCESS	2F088072-F622-7354-A2F6-2AA974734AA9	FILE_OBJECT_FILE	EVENT_READ	1523030933036107055
CCC5782E-39B4-11E8-BF66-D9AA8AFF4A69	SUBJECT_PROCESS	2F088072-F622-7354-A2F6-2AA974734AA9	FILE_OBJECT_FILE	EVENT_READ	1523030933036107055
CCC5782E-39B4-11E8-BF66-D9AA8AFF4A69	SUBJECT_PROCESS	2F088072-F622-7354-A2F6-2AA974734AA9	FILE_OBJECT_FILE	EVENT_CLOSE	1523030933036107055
CCC5782E-39B4-11E8-BF66-D9AA8AFF4A69	SUBJECT_PROCESS	C6372CCF-39E0-835A-A039-155BFA837272	FILE_OBJECT_FILE	EVENT_OPEN	1523030933036107055
CCC5782E-39B4-11E8-BF66-D9AA8AFF4A69	SUBJECT_PROCESS	C6372CCF-39E0-835A-A039-155BFA837272	FILE_OBJECT_FILE	EVENT_READ	1523030933036107055
CCC5782E-39B4-11E8-BF66-D9AA8AFF4A69	SUBJECT_PROCESS	C6372CCF-39E0-835A-A039-155BFA837272	FILE_OBJECT_FILE	EVENT_CLOSE	1523030933036107055
CCC5782E-39B4-11E8-BF66-D9AA8AFF4A69	SUBJECT_PROCESS	2F088072-F622-7354-A2F6-2AA974734AA9	FILE_OBJECT_FILE	EVENT_OPEN	1523030933036107055
CCC5782E-39B4-11E8-BF66-D9AA8AFF4A69	SUBJECT_PROCESS	2F088072-F622-7354-A2F6-2AA974734AA9	FILE_OBJECT_FILE	EVENT_LSEEK	1523030933036107055
CCC5782E-39B4-11E8-BF66-D9AA8AFF4A69	SUBJECT_PROCESS	2F088072-F622-7354-A2F6-2AA974734AA9	FILE_OBJECT_FILE	EVENT_LSEEK	1523030933036107055
CCC5782E-39B4-11E8-BF66-D9AA8AFF4A69	SUBJECT_PROCESS	2F088072-F622-7354-A2F6-2AA974734AA9	FILE_OBJECT_FILE	EVENT_READ	1523030933036107055
CCC5782E-39B4-11E8-BF66-D9AA8AFF4A69	SUBJECT_PROCESS	2F088072-F622-7354-A2F6-2AA974734AA9	FILE_OBJECT_FILE	EVENT_READ	1523030933036107055
CCC5782E-39B4-11E8-BF66-D9AA8AFF4A69	SUBJECT_PROCESS	2F088072-F622-7354-A2F6-2AA974734AA9	FILE_OBJECT_FILE	EVENT_READ	1523030933036107055
CCC5782E-39B4-11E8-BF66-D9AA8AFF4A69	SUBJECT_PROCESS	2F088072-F622-7354-A2F6-2AA974734AA9	FILE_OBJECT_FILE	EVENT_READ	1523030933046110626
CCC5782E-39B4-11E8-BF66-D9AA8AFF4A69	SUBJECT_PROCESS	2F088072-F622-7354-A2F6-2AA974734AA9	FILE_OBJECT_FILE	EVENT_CLOSE	1523030933046110626
CCC5782E-39B4-11E8-BF66-D9AA8AFF4A69	SUBJECT_PROCESS	C6372CCF-39E0-835A-A039-155BFA837272	FILE_OBJECT_FILE	EVENT_OPEN	1523030933046110626
CCC5782E-39B4-11E8-BF66-D9AA8AFF4A69	SUBJECT_PROCESS	C6372CCF-39E0-835A-A039-155BFA837272	FILE_OBJECT_FILE	EVENT_READ	1523030933046110626
CCC5782E-39B4-11E8-BF66-D9AA8AFF4A69	SUBJECT_PROCESS	C6372CCF-39E0-835A-A039-155BFA837272	FILE_OBJECT_FILE	EVENT_CLOSE	1523030933046110626
CCC5782E-39B4-11E8-BF66-D9AA8AFF4A69	SUBJECT_PROCESS	DB1A5421-4509-D15D-8945-9F45CDD1A77E	FILE_OBJECT_FILE	EVENT_WRITE	1523030933046110626
CCC5782E-39B4-11E8-BF66-D9AA8AFF4A69	SUBJECT_PROCESS	CCC5782E-39B4-11E8-BF66-D9AA8AFF4A69	SUBJECT_PROCESS	EVENT_EXIT	1523030933046110626
D59C58B7-373D-11E8-BF66-D9AA8AFF4A69	SUBJECT_PROCESS	CCF818A2-39B4-11E8-BF66-D9AA8AFF4A69	SUBJECT_PROCESS	EVENT_FORK	1523030933046110626
CCF818A2-39B4-11E8-BF66-D9AA8AFF4A69	SUBJECT_PROCESS	CC349957-3DA4-8E5E-A43D-C7740E8ECAA9	FILE_OBJECT_FILE	EVENT_CLOSE	1523030933046110626
CCF818A2-39B4-11E8-BF66-D9AA8AFF4A69	SUBJECT_PROCESS	6C836AA2-BB54-3A58-94BB-1E5D583A637E	FILE_OBJECT_FILE	EVENT_EXECUTE	1523030933046110626
CCF818A2-39B4-11E8-BF66-D9AA8AFF4A69	SUBJECT_PROCESS	7A350F75-9945-425D-8599-15CEBD426F06	FILE_OBJECT_FILE	EVENT_EXECUTE	1523030933046110626
CCF818A2-39B4-11E8-BF66-D9AA8AFF4A69	SUBJECT_PROCESS	51110606-D232-9652-B2D2-3A7242968F8A	FILE_OBJECT_FILE	EVENT_OPEN	1523030933046110626
CCF818A2-39B4-11E8-BF66-D9AA8AFF4A69	SUBJECT_PROCESS	51110606-D232-9652-B2D2-3A7242968F8A	FILE_OBJECT_FILE	EVENT_READ	1523030933046110626
CCF818A2-39B4-11E8-BF66-D9AA8AFF4A69	SUBJECT_PROCESS	51110606-D232-9652-B2D2-3A7242968F8A	FILE_OBJECT_FILE	EVENT_CLOSE	1523030933046110626
CCF818A2-39B4-11E8-BF66-D9AA8AFF4A69	SUBJECT_PROCESS	8A44F292-648B-7854-8B64-00F954785A79	FILE_OBJECT_FILE	EVENT_OPEN	1523030933046110626
CCF818A2-39B4-11E8-BF66-D9AA8AFF4A69	SUBJECT_PROCESS	8A44F292-648B-7854-8B64-00F954785A79	FILE_OBJECT_FILE	EVENT_READ	1523030933046110626
CCF818A2-39B4-11E8-BF66-D9AA8AFF4A69	SUBJECT_PROCESS	8A44F292-648B-7854-8B64-00F954785A79	FILE_OBJECT_FILE	EVENT_READ	1523030933046110626
CCF818A2-39B4-11E8-BF66-D9AA8AFF4A69	SUBJECT_PROCESS	8A44F292-648B-7854-8B64-00F954785A79	FILE_OBJECT_FILE	EVENT_CLOSE	1523030933046110626
CCF818A2-39B4-11E8-BF66-D9AA8AFF4A69	SUBJECT_PROCESS	76A739B1-A13E-FD50-BEA1-B218A0FD0400	FILE_OBJECT_FILE	EVENT_OPEN	1523030933046110626
CCF818A2-39B4-11E8-BF66-D9AA8AFF4A69	SUBJECT_PROCESS	76A739B1-A13E-FD50-BEA1-B218A0FD0400	FILE_OBJECT_FILE	EVENT_MMAP	1523030933046110626
CCF818A2-39B4-11E8-BF66-D9AA8AFF4A69	SUBJECT_PROCESS	76A739B1-A13E-FD50-BEA1-B218A0FD0400	FILE_OBJECT_FILE	EVENT_MMAP	1523030933046110626
CCF818A2-39B4-11E8-BF66-D9AA8AFF4A69	SUBJECT_PROCESS	76A739B1-A13E-FD50-BEA1-B218A0FD0400	FILE_OBJECT_FILE	EVENT_MMAP	1523030933046110626
CCF818A2-39B4-11E8-BF66-D9AA8AFF4A69	SUBJECT_PROCESS	76A739B1-A13E-FD50-BEA1-B218A0FD0400	FILE_OBJECT_FILE	EVENT_MMAP	1523030933046110626
CCF818A2-39B4-11E8-BF66-D9AA8AFF4A69	SUBJECT_PROCESS	76A739B1-A13E-FD50-BEA1-B218A0FD0400	FILE_OBJECT_FILE	EVENT_MMAP	1523030933046110626
CCF818A2-39B4-11E8-BF66-D9AA8AFF4A69	SUBJECT_PROCESS	76A739B1-A13E-FD50-BEA1-B218A0FD0400	FILE_OBJECT_FILE	EVENT_MMAP	1523030933056107247
CCF818A2-39B4-11E8-BF66-D9AA8AFF4A69	SUBJECT_PROCESS	76A739B1-A13E-FD50-BEA1-B218A0FD0400	FILE_OBJECT_FILE	EVENT_CLOSE	1523030933056107247
CCF818A2-39B4-11E8-BF66-D9AA8AFF4A69	SUBJECT_PROCESS	F410BE96-4C0C-765E-8C4C-6F0E2E760020	FILE_OBJECT_FILE	EVENT_OPEN	1523030933056107247
CCF818A2-39B4-11E8-BF66-D9AA8AFF4A69	SUBJECT_PROCESS	F410BE96-4C0C-765E-8C4C-6F0E2E760020	FILE_OBJECT_FILE	EVENT_MMAP	1523030933056107247
CCF818A2-39B4-11E8-BF66-D9AA8AFF4A69	SUBJECT_PROCESS	F410BE96-4C0C-765E-8C4C-6F0E2E760020	FILE_OBJECT_FILE	EVENT_MMAP	1523030933056107247
CCF818A2-39B4-11E8-BF66-D9AA8AFF4A69	SUBJECT_PROCESS	F410BE96-4C0C-765E-8C4C-6F0E2E760020	FILE_OBJECT_FILE	EVENT_CLOSE	1523030933056107247
72FB0406-3678-11E8-BF66-D9AA8AFF4A69	SUBJECT_PROCESS	CCDB20E9-39B4-11E8-BF66-D9AA8AFF4A69	FILE_OBJECT_UNIX_SOCKET	EVENT_CLOSE	1523030933806121526
72FB0406-3678-11E8-BF66-D9AA8AFF4A69	SUBJECT_PROCESS	CCDB2196-39B4-11E8-BF66-D9AA8AFF4A69	FILE_OBJECT_UNIX_SOCKET	EVENT_CLOSE	1523030933806121526
72FB0406-3678-11E8-BF66-D9AA8AFF4A69	SUBJECT_PROCESS	CD6B90E4-39B4-11E8-BF66-D9AA8AFF4A69	FILE_OBJECT_UNIX_SOCKET	EVENT_CREATE_OBJECT	1523030933806121526
72FB0406-3678-11E8-BF66-D9AA8AFF4A69	SUBJECT_PROCESS	CD6B9155-39B4-11E8-BF66-D9AA8AFF4A69	FILE_OBJECT_UNIX_SOCKET	EVENT_CREATE_OBJECT	1523030933806121526
94ED0D0E-39B4-11E8-BF66-D9AA8AFF4A69	SUBJECT_PROCESS	17797A5B-A3BC-8450-BCA3-FD703084DDDB	FILE_OBJECT_FILE	EVENT_READ	1523030933896105833
94ED0D0E-39B4-11E8-BF66-D9AA8AFF4A69	SUBJECT_PROCESS	17797A5B-A3BC-8450-BCA3-FD703084DDDB	FILE_OBJECT_FILE	EVENT_READ	1523030933896105833
94ED0D0E-39B4-11E8-BF66-D9AA8AFF4A69	SUBJECT_PROCESS	17797A5B-A3BC-8450-BCA3-FD703084DDDB	FILE_OBJECT_FILE	EVENT_READ	1523030933906107984
94ED0D0E-39B4-11E8-BF66-D9AA8AFF4A69	SUBJECT_PROCESS	17797A5B-A3BC-8450-BCA3-FD703084DDDB	FILE_OBJECT_FILE	EVENT_WRITE	1523030933906107984
72FB0406-3678-11E8-BF66-D9AA8AFF4A69	SUBJECT_PROCESS	CD6B90E4-39B4-11E8-BF66-D9AA8AFF4A69	FILE_OBJECT_UNIX_SOCKET	EVENT_CLOSE	1523030934806106976
72FB0406-3678-11E8-BF66-D9AA8AFF4A69	SUBJECT_PROCESS	CD6B9155-39B4-11E8-BF66-D9AA8AFF4A69	FILE_OBJECT_UNIX_SOCKET	EVENT_CLOSE	1523030934806106976
72FB0406-3678-11E8-BF66-D9AA8AFF4A69	SUBJECT_PROCESS	CE045BDA-39B4-11E8-BF66-D9AA8AFF4A69	FILE_OBJECT_UNIX_SOCKET	EVENT_CREATE_OBJECT	1523030934806106976
72FB0406-3678-11E8-BF66-D9AA8AFF4A69	SUBJECT_PROCESS	CE045C42-39B4-11E8-BF66-D9AA8AFF4A69	FILE_OBJECT_UNIX_SOCKET	EVENT_CREATE_OBJECT	1523030934806106976
94ED0D0E-39B4-11E8-BF66-D9AA8AFF4A69	SUBJECT_PROCESS	17797A5B-A3BC-8450-BCA3-FD703084DDDB	FILE_OBJECT_FILE	EVENT_READ	1523030935576107167
94ED0D0E-39B4-11E8-BF66-D9AA8AFF4A69	SUBJECT_PROCESS	17797A5B-A3BC-8450-BCA3-FD703084DDDB	FILE_OBJECT_FILE	EVENT_WRITE	1523030935576107167
72FB0406-3678-11E8-BF66-D9AA8AFF4A69	SUBJECT_PROCESS	CE045BDA-39B4-11E8-BF66-D9AA8AFF4A69	FILE_OBJECT_UNIX_SOCKET	EVENT_CLOSE	1523030935816105726
72FB0406-3678-11E8-BF66-D9AA8AFF4A69	SUBJECT_PROCESS	CE045C42-39B4-11E8-BF66-D9AA8AFF4A69	FILE_OBJECT_UNIX_SOCKET	EVENT_CLOSE	1523030935816105726
72FB0406-3678-11E8-BF66-D9AA8AFF4A69	SUBJECT_PROCESS	CE9E88CA-39B4-11E8-BF66-D9AA8AFF4A69	FILE_OBJECT_UNIX_SOCKET	EVENT_CREATE_OBJECT	1523030935816105726
72FB0406-3678-11E8-BF66-D9AA8AFF4A69	SUBJECT_PROCESS	CE9E8972-39B4-11E8-BF66-D9AA8AFF4A69	FILE_OBJECT_UNIX_SOCKET	EVENT_CREATE_OBJECT	1523030935816105726
94ED0D0E-39B4-11E8-BF66-D9AA8AFF4A69	SUBJECT_PROCESS	17797A5B-A3BC-8450-BCA3-FD703084DDDB	FILE_OBJECT_FILE	EVENT_READ	1523030936586107687
94ED0D0E-39B4-11E8-BF66-D9AA8AFF4A69	SUBJECT_PROCESS	17797A5B-A3BC-8450-BCA3-FD703084DDDB	FILE_OBJECT_FILE	EVENT_WRITE	1523030936586107687
94ED0D0E-39B4-11E8-BF66-D9AA8AFF4A69	SUBJECT_PROCESS	17797A5B-A3BC-8450-BCA3-FD703084DDDB	FILE_OBJECT_FILE	EVENT_READ	1523030936706108016
94ED0D0E-39B4-11E8-BF66-D9AA8AFF4A69	SUBJECT_PROCESS	17797A5B-A3BC-8450-BCA3-FD703084DDDB	FILE_OBJECT_FILE	EVENT_WRITE	1523030936706108016
72FB0406-3678-11E8-BF66-D9AA8AFF4A69	SUBJECT_PROCESS	CE9E88CA-39B4-11E8-BF66-D9AA8AFF4A69	FILE_OBJECT_UNIX_SOCKET	EVENT_CLOSE	1523030936806111104
72FB0406-3678-11E8-BF66-D9AA8AFF4A69	SUBJECT_PROCESS	CE9E8972-39B4-11E8-BF66-D9AA8AFF4A69	FILE_OBJECT_UNIX_SOCKET	EVENT_CLOSE	1523030936806111104
72FB0406-3678-11E8-BF66-D9AA8AFF4A69	SUBJECT_PROCESS	CF3580A0-39B4-11E8-BF66-D9AA8AFF4A69	FILE_OBJECT_UNIX_SOCKET	EVENT_CREATE_OBJECT	1523030936806111104
72FB0406-3678-11E8-BF66-D9AA8AFF4A69	SUBJECT_PROCESS	CF358108-39B4-11E8-BF66-D9AA8AFF4A69	FILE_OBJECT_UNIX_SOCKET	EVENT_CREATE_OBJECT	1523030936806111104
94ED0D0E-39B4-11E8-BF66-D9AA8AFF4A69	SUBJECT_PROCESS	17797A5B-A3BC-8450-BCA3-FD703084DDDB	FILE_OBJECT_FILE	EVENT_READ	1523030936976109378
94ED0D0E-39B4-11E8-BF66-D9AA8AFF4A69	SUBJECT_PROCESS	17797A5B-A3BC-8450-BCA3-FD703084DDDB	FILE_OBJECT_FILE	EVENT_WRITE	1523030936976109378
94ED0D0E-39B4-11E8-BF66-D9AA8AFF4A69	SUBJECT_PROCESS	17797A5B-A3BC-8450-BCA3-FD703084DDDB	FILE_OBJECT_FILE	EVENT_READ	1523030937166106043
94ED0D0E-39B4-11E8-BF66-D9AA8AFF4A69	SUBJECT_PROCESS	17797A5B-A3BC-8450-BCA3-FD703084DDDB	FILE_OBJECT_FILE	EVENT_WRITE	1523030937166106043
94ED0D0E-39B4-11E8-BF66-D9AA8AFF4A69	SUBJECT_PROCESS	17797A5B-A3BC-8450-BCA3-FD703084DDDB	FILE_OBJECT_FILE	EVENT_READ	1523030937356106748
94ED0D0E-39B4-11E8-BF66-D9AA8AFF4A69	SUBJECT_PROCESS	17797A5B-A3BC-8450-BCA3-FD703084DDDB	FILE_OBJECT_FILE	EVENT_WRITE	1523030937356106748
94ED0D0E-39B4-11E8-BF66-D9AA8AFF4A69	SUBJECT_PROCESS	17797A5B-A3BC-8450-BCA3-FD703084DDDB	FILE_OBJECT_FILE	EVENT_READ	1523030937496108739
94ED0D0E-39B4-11E8-BF66-D9AA8AFF4A69	SUBJECT_PROCESS	17797A5B-A3BC-8450-BCA3-FD703084DDDB	FILE_OBJECT_FILE	EVENT_WRITE	1523030937496108739
94ED0D0E-39B4-11E8-BF66-D9AA8AFF4A69	SUBJECT_PROCESS	17797A5B-A3BC-8450-BCA3-FD703084DDDB	FILE_OBJECT_FILE	EVENT_READ	1523030937706107676
94ED0D0E-39B4-11E8-BF66-D9AA8AFF4A69	SUBJECT_PROCESS	17797A5B-A3BC-8450-BCA3-FD703084DDDB	FILE_OBJECT_FILE	EVENT_WRITE	1523030937706107676
72FB0406-3678-11E8-BF66-D9AA8AFF4A69	SUBJECT_PROCESS	CF3580A0-39B4-11E8-BF66-D9AA8AFF4A69	FILE_OBJECT_UNIX_SOCKET	EVENT_CLOSE	1523030937816107315
72FB0406-3678-11E8-BF66-D9AA8AFF4A69	SUBJECT_PROCESS	CF358108-39B4-11E8-BF66-D9AA8AFF4A69	FILE_OBJECT_UNIX_SOCKET	EVENT_CLOSE	1523030937816107315
72FB0406-3678-11E8-BF66-D9AA8AFF4A69	SUBJECT_PROCESS	CFCFA152-39B4-11E8-BF66-D9AA8AFF4A69	FILE_OBJECT_UNIX_SOCKET	EVENT_CREATE_OBJECT	1523030937816107315
72FB0406-3678-11E8-BF66-D9AA8AFF4A69	SUBJECT_PROCESS	CFCFA1B8-39B4-11E8-BF66-D9AA8AFF4A69	FILE_OBJECT_UNIX_SOCKET	EVENT_CREATE_OBJECT	1523030937816107315
94ED0D0E-39B4-11E8-BF66-D9AA8AFF4A69	SUBJECT_PROCESS	17797A5B-A3BC-8450-BCA3-FD703084DDDB	FILE_OBJECT_FILE	EVENT_READ	1523030937886106370
94ED0D0E-39B4-11E8-BF66-D9AA8AFF4A69	SUBJECT_PROCESS	17797A5B-A3BC-8450-BCA3-FD703084DDDB	FILE_OBJECT_FILE	EVENT_WRITE	1523030937886106370
94ED0D0E-39B4-11E8-BF66-D9AA8AFF4A69	SUBJECT_PROCESS	17797A5B-A3BC-8450-BCA3-FD703084DDDB	FILE_OBJECT_FILE	EVENT_READ	1523030938486107868
94ED0D0E-39B4-11E8-BF66-D9AA8AFF4A69	SUBJECT_PROCESS	17797A5B-A3BC-8450-BCA3-FD703084DDDB	FILE_OBJECT_FILE	EVENT_WRITE	1523030938486107868
94ED0D0E-39B4-11E8-BF66-D9AA8AFF4A69	SUBJECT_PROCESS	17797A5B-A3BC-8450-BCA3-FD703084DDDB	FILE_OBJECT_FILE	EVENT_READ	1523030938756109529
94ED0D0E-39B4-11E8-BF66-D9AA8AFF4A69	SUBJECT_PROCESS	17797A5B-A3BC-8450-BCA3-FD703084DDDB	FILE_OBJECT_FILE	EVENT_WRITE	1523030938756109529
72FB0406-3678-11E8-BF66-D9AA8AFF4A69	SUBJECT_PROCESS	CFCFA152-39B4-11E8-BF66-D9AA8AFF4A69	FILE_OBJECT_UNIX_SOCKET	EVENT_CLOSE	1523030938806110823
72FB0406-3678-11E8-BF66-D9AA8AFF4A69	SUBJECT_PROCESS	CFCFA1B8-39B4-11E8-BF66-D9AA8AFF4A69	FILE_OBJECT_UNIX_SOCKET	EVENT_CLOSE	1523030938806110823
72FB0406-3678-11E8-BF66-D9AA8AFF4A69	SUBJECT_PROCESS	D066B2DE-39B4-11E8-BF66-D9AA8AFF4A69	FILE_OBJECT_UNIX_SOCKET	EVENT_CREATE_OBJECT	1523030938806110823
72FB0406-3678-11E8-BF66-D9AA8AFF4A69	SUBJECT_PROCESS	D066B38F-39B4-11E8-BF66-D9AA8AFF4A69	FILE_OBJECT_UNIX_SOCKET	EVENT_CREATE_OBJECT	1523030938806110823
94ED0D0E-39B4-11E8-BF66-D9AA8AFF4A69	SUBJECT_PROCESS	17797A5B-A3BC-8450-BCA3-FD703084DDDB	FILE_OBJECT_FILE	EVENT_READ	1523030938966110686
94ED0D0E-39B4-11E8-BF66-D9AA8AFF4A69	SUBJECT_PROCESS	17797A5B-A3BC-8450-BCA3-FD703084DDDB	FILE_OBJECT_FILE	EVENT_WRITE	1523030938966110686
94ED0D0E-39B4-11E8-BF66-D9AA8AFF4A69	SUBJECT_PROCESS	17797A5B-A3BC-8450-BCA3-FD703084DDDB	FILE_OBJECT_FILE	EVENT_READ	1523030939086109045
94ED0D0E-39B4-11E8-BF66-D9AA8AFF4A69	SUBJECT_PROCESS	17797A5B-A3BC-8450-BCA3-FD703084DDDB	FILE_OBJECT_FILE	EVENT_WRITE	1523030939086109045
